0.223607
0.221919
0.220269
0.218654
0.217074
0.215529
0.214017
0.212539
0.211093
0.209678
0.208295
0.206942
0.205619
0.204325
0.20306
0.201823
0.200614
0.199431
0.198274
0.197144
0.196039
0.194958
0.193902
0.19287
0.191861
0.190875
0.189911
0.188969
0.188048
0.187149
0.18627
0.185412
0.184573
0.183753
0.182953
0.182171
0.181407
0.180662
0.179933
0.179222
0.178528
0.17785
0.177188
0.176542
0.175911
0.175296
0.174695
0.174109
0.173538
0.17298
0.172436
0.171905
0.171388
0.170883
0.170391
0.169911
0.169444
0.168988
0.168544
0.168112
0.16769
0.16728
0.16688
0.16649
0.166111
0.165743
0.165383
0.165034
0.164694
0.164364
0.164042
0.16373
0.163426
0.163131
0.162844
0.162566
0.162296
0.162033
0.161779
0.161532
0.161292
0.16106
0.160835
0.160616
0.160405
0.160201
0.160003
0.159812
0.159627
0.159448
0.159275
0.159108
0.158948
0.158793
0.158643
0.158499
0.158361
0.158228
0.1581
0.157977
0.157859
0.157747
0.157639
0.157535
0.157437
0.157343
0.157253
0.157168
0.157087
0.15701
0.156937
0.156869
0.156804
0.156743
0.156686
0.156633
0.156584
0.156538
0.156496
0.156457
0.156421
0.156389
0.15636
0.156335
0.156312
0.156293
0.156277
0.156263
0.156253
0.156245
0.156241
0.156239
0.15624
0.156243
0.156249
0.156258
0.156269
0.156283
0.156299
0.156317
0.156338
0.156361
0.156387
0.156414
0.156444
0.156476
0.15651
0.156547
0.156585
0.156625
0.156667
0.156711
0.156757
0.156805
0.156855
0.156907
0.15696
0.157015
0.157072
0.15713
0.15719
0.157252
0.157315
0.15738
0.157447
0.157515
0.157584
0.157655
0.157728
0.157802
0.157877
0.157954
0.158032
0.158111
0.158192
0.158274
0.158358
0.158442
0.158528
0.158615
0.158704
0.158793
0.158884
0.158976
0.159069
0.159163
0.159258
0.159354
0.159452
0.15955
0.15965
0.15975
0.159852
0.159954
0.160058
0.160162
0.160268
0.160374
0.160482
0.16059
0.1607
0.16081
0.160921
0.161033
0.161146
0.16126
0.161374
0.16149
0.161606
0.161723
0.161841
0.16196
0.16208
0.1622
0.162321
0.162443
0.162566
0.162689
0.162814
0.162939
0.163064
0.163191
0.163318
0.163446
0.163574
0.163704
0.163834
0.163965
0.164096
0.164228
0.164361
0.164494
0.164629
0.164763
0.164899
0.165035
0.165172
0.165309
0.165447
0.165586
0.165725
0.165865
0.166006
0.166147
0.166289
0.166431
0.166574
0.166718
0.166862
0.167007
0.167153
0.167299
0.167445
0.167592
0.16774
0.167889
0.168038
0.168187
0.168337
0.168488
0.168639
0.168791
0.168943
0.169096
0.16925
0.169404
0.169558
0.169714
0.169869
0.170026
0.170182
0.17034
0.170498
0.170656
0.170815
0.170975
0.171135
0.171295
0.171457
0.171618
0.171781
0.171943
0.172107
0.172271
0.172435
0.1726
0.172765
0.172931
0.173098
0.173265
0.173433
0.173601
0.17377
0.173939
0.174108
0.174279
0.17445
0.174621
0.174793
0.174965
0.175138
0.175311
0.175485
0.17566
0.175835
0.176011
0.176187
0.176363
0.176541
0.176718
0.176897
0.177075
0.177255
0.177434
0.177615
0.177796
0.177977
0.178159
0.178342
0.178525
0.178708
0.178893
0.179077
0.179262
0.179448
0.179635
0.179821
0.180009
0.180197
0.180385
0.180574
0.180764
0.180954
0.181145
0.181336
0.181528
0.18172
0.181913
0.182106
0.1823
0.182495
0.18269
0.182886
0.183082
0.183279
0.183476
0.183674
0.183873
0.184072
0.184272
0.184472
0.184673
0.184874
0.185076
0.185279
0.185482
0.185685
0.18589
0.186095
0.1863
0.186506
0.186713
0.18692
0.187128
0.187336
0.187545
0.187755
0.187965
0.188176
0.188387
0.188599
0.188812
0.189025
0.189239
0.189454
0.189669
0.189884
0.190101
0.190318
0.190535
0.190753
0.190972
0.191192
0.191412
0.191633
0.191854
0.192076
0.192299
0.192522
0.192746
0.19297
0.193196
0.193422
0.193648
0.193875
0.194103
0.194332
0.194561
0.194791
0.195021
0.195252
0.195484
0.195717
0.19595
0.196184
0.196418
0.196654
0.19689
0.197126
0.197364
0.197602
0.19784
0.19808
0.19832
0.198561
0.198802
0.199045
0.199288
0.199531
0.199776
0.200021
0.200267
0.200513
0.200761
0.201009
0.201257
0.201507
0.201757
0.202008
0.20226
0.202513
0.202766
0.20302
0.203275
0.20353
0.203787
0.204044
0.204302
0.20456
0.20482
0.20508
0.205341
0.205603
0.205865
0.206128
0.206393
0.206658
0.206923
0.20719
0.207457
0.207726
0.207995
0.208264
0.208535
0.208807
0.209079
0.209352
0.209626
0.209901
0.210177
0.210453
0.210731
0.211009
0.211288
0.211568
0.211849
0.21213
0.212413
0.212696
0.212981
0.213266
0.213552
0.213839
0.214127
0.214416
0.214706
0.214996
0.215288
0.21558
0.215874
0.216168
0.216463
0.216759
0.217056
0.217355
0.217654
0.217953
0.218254
0.218556
0.218859
0.219163
0.219468
0.219773
0.22008
0.220388
0.220697
0.221006
0.221317
0.221629
0.221941
0.222255
0.22257
0.222885
0.223202
0.22352
0.223839
0.224159
0.22448
0.224802
0.225125
0.225449
0.225774
0.2261
0.226427
0.226756
0.227085
0.227416
0.227747
0.22808
0.228414
0.228749
0.229085
0.229422
0.22976
0.2301
0.23044
0.230782
0.231125
0.231469
0.231814
0.23216
0.232508
0.232857
0.233206
0.233557
0.23391
0.234263
0.234618
0.234974
0.235331
0.235689
0.236048
0.236409
0.236771
0.237134
0.237499
0.237864
0.238231
0.2386
0.238969
0.23934
0.239712
0.240085
0.24046
0.240836
0.241213
0.241592
0.241972
0.242353
0.242736
0.24312
0.243505
0.243892
0.24428
0.244669
0.24506
0.245452
0.245846
0.246241
0.246637
0.247035
0.247434
0.247835
0.248237
0.24864
0.249045
0.249452
0.24986
0.250269
0.25068
0.251092
0.251506
0.251921
0.252338
0.252757
0.253176
0.253598
0.254021
0.254445
0.254872
0.255299
0.255729
0.256159
0.256592
0.257026
0.257462
0.257899
0.258338
0.258778
0.25922
0.259664
0.26011
0.260557
0.261006
0.261456
0.261909
0.262363
0.262818
0.263276
0.263735
0.264196
0.264658
0.265123
0.265589
0.266057
0.266527
0.266998
0.267472
0.267947
0.268424
0.268903
0.269384
0.269866
0.270351
0.270837
0.271326
0.271816
0.272308
0.272802
0.273298
0.273796
0.274296
0.274798
0.275302
0.275807
0.276315
0.276825
0.277337
0.277851
0.278367
0.278885
0.279405
0.279928
0.280452
0.280978
0.281507
0.282038
0.282571
0.283106
0.283643
0.284182
0.284724
0.285268
0.285814
0.286362
0.286913
0.287466
0.288021
0.288578
0.289138
0.2897
0.290265
0.290831
0.291401
0.291972
0.292546
0.293122
0.293701
0.294282
0.294866
0.295452
0.296041
0.296632
0.297225
0.297821
0.29842
0.299021
0.299625
0.300232
0.300841
0.301452
0.302067
0.302684
0.303303
0.303926
0.304551
0.305178
0.305809
0.306442
0.307078
0.307717
0.308359
0.309003
0.309651
0.310301
0.310954
0.31161
0.312269
0.312931
0.313596
0.314263
0.314934
0.315608
0.316285
0.316965
0.317648
0.318334
0.319023
0.319716
0.320411
0.32111
0.321812
0.322517
0.323226
0.323937
0.324652
0.325371
0.326092
0.326817
0.327546
0.328278
0.329013
0.329752
0.330494
0.331239
0.331989
0.332741
0.333498
0.334258
0.335021
0.335788
0.336559
0.337334
0.338112
0.338894
0.33968
0.340469
0.341263
0.34206
0.342861
0.343666
0.344475
0.345288
0.346105
0.346926
0.347751
0.34858
0.349414
0.350251
0.351093
0.351938
0.352788
0.351965
0.351143
0.35032
0.349498
0.348677
0.347857
0.347037
0.346218
0.3454
0.344583
0.343766
0.342951
0.342137
0.341324
0.340513
0.339703
0.338894
0.338086
0.33728
0.336476
0.335673
0.334871
0.334072
0.333274
0.332477
0.331683
0.33089
0.330099
0.32931
0.328523
0.327738
0.326955
0.326174
0.325395
0.324618
0.323843
0.32307
0.3223
0.321532
0.320765
0.320002
0.31924
0.318481
0.317724
0.316969
0.316217
0.315467
0.314719
0.313974
0.313231
0.312491
0.311753
0.311018
0.310285
0.309554
0.308826
0.308101
0.307378
0.306658
0.30594
0.305225
0.304512
0.303802
0.303095
0.30239
0.301687
0.300988
0.30029
0.299596
0.298904
0.298215
0.297528
0.296844
0.296163
0.295484
0.294808
0.294134
0.293463
0.292795
0.292129
0.291466
0.290806
0.290148
0.289493
0.288841
0.288191
0.287544
0.286899
0.286257
0.285618
0.284981
0.284347
0.283715
0.283087
0.28246
0.281837
0.281215
0.280597
0.279981
0.279368
0.278757
0.278148
0.277543
0.27694
0.276339
0.275741
0.275145
0.274552
0.273962
0.273374
0.272788
0.272205
0.271625
0.271047
0.270471
0.269898
0.269328
0.26876
0.268194
0.267631
0.26707
0.266511
0.265955
0.265402
0.264851
0.264302
0.263755
0.263211
0.26267
0.26213
0.261593
0.261058
0.260526
0.259996
0.259468
0.258943
0.258419
0.257899
0.25738
0.256864
0.256349
0.255837
0.255328
0.25482
0.254315
0.253812
0.253311
0.252812
0.252316
0.251821
0.251329
0.250839
0.250351
0.249865
0.249382
0.2489
0.248421
0.247943
0.247468
0.246994
0.246523
0.246054
0.245587
0.245122
0.244658
0.244197
0.243738
0.243281
0.242826
0.242373
0.241921
0.241472
0.241025
0.240579
0.240136
0.239694
0.239254
0.238816
0.23838
0.237946
0.237514
0.237084
0.236655
0.236228
0.235803
0.23538
0.234959
0.23454
0.234122
0.233706
0.233292
0.232879
0.232469
0.23206
0.231653
0.231247
0.230843
0.230441
0.230041
0.229642
0.229245
0.22885
0.228456
0.228064
0.227674
0.227285
0.226898
0.226513
0.226129
0.225747
0.225366
0.224987
0.224609
0.224233
0.223859
0.223486
0.223115
0.222745
0.222377
0.22201
0.221645
0.221281
0.220919
0.220558
0.220199
0.219841
0.219485
0.21913
0.218776
0.218424
0.218074
0.217724
0.217377
0.21703
0.216685
0.216342
0.216
0.215659
0.21532
0.214982
0.214645
0.21431
0.213976
0.213643
0.213312
0.212982
0.212653
0.212325
0.211999
0.211675
0.211351
0.211029
0.210708
0.210388
0.21007
0.209753
0.209437
0.209122
0.208809
0.208496
0.208185
0.207876
0.207567
0.20726
0.206953
0.206648
0.206345
0.206042
0.20574
0.20544
0.205141
0.204843
0.204546
0.20425
0.203956
0.203662
0.20337
0.203079
0.202789
0.2025
0.202212
0.201925
0.201639
0.201355
0.201071
0.200789
0.200507
0.200227
0.199948
0.199669
0.199392
0.199116
0.198841
0.198567
0.198294
0.198022
0.19775
0.19748
0.197211
0.196943
0.196676
0.19641
0.196145
0.195881
0.195618
0.195356
0.195094
0.194834
0.194575
0.194317
0.194059
0.193803
0.193547
0.193292
0.193039
0.192786
0.192534
0.192283
0.192033
0.191784
0.191536
0.191288
0.191042
0.190796
0.190552
0.190308
0.190065
0.189823
0.189582
0.189341
0.189102
0.188863
0.188625
0.188388
0.188152
0.187917
0.187683
0.187449
0.187216
0.186984
0.186753
0.186523
0.186293
0.186064
0.185836
0.185609
0.185383
0.185157
0.184932
0.184708
0.184485
0.184263
0.184041
0.18382
0.1836
0.18338
0.183162
0.182944
0.182727
0.18251
0.182294
0.182079
0.181865
0.181652
0.181439
0.181227
0.181016
0.180805
0.180595
0.180386
0.180178
0.17997
0.179763
0.179556
0.179351
0.179146
0.178941
0.178738
0.178535
0.178333
0.178131
0.17793
0.17773
0.17753
0.177332
0.177133
0.176936
0.176739
0.176543
0.176347
0.176152
0.175958
0.175764
0.175571
0.175378
0.175187
0.174995
0.174805
0.174615
0.174426
0.174237
0.174049
0.173862
0.173675
0.173489
0.173303
0.173118
0.172934
0.17275
0.172566
0.172384
0.172202
0.17202
0.171839
0.171659
0.17148
0.1713
0.171122
0.170944
0.170766
0.17059
0.170413
0.170238
0.170062
0.169888
0.169714
0.16954
0.169367
0.169195
0.169023
0.168852
0.168681
0.168511
0.168341
0.168172
0.168003
0.167835
0.167668
0.167501
0.167334
0.167168
0.167003
0.166838
0.166674
0.16651
0.166346
0.166183
0.166021
0.165859
0.165698
0.165537
0.165377
0.165217
0.165057
0.164898
0.16474
0.164582
0.164425
0.164268
0.164111
0.163955
0.1638
0.163645
0.16349
0.163336
0.163183
0.16303
0.162877
0.162725
0.162573
0.162422
0.162271
0.162121
0.161971
0.161822
0.161673
0.161524
0.161376
0.161229
0.161082
0.160935
0.160789
0.160643
0.160497
0.160353
0.160208
0.160064
0.15992
0.159777
0.159634
0.159492
0.15935
0.159209
0.159068
0.158927
0.158787
0.158647
0.158508
0.158369
0.15823
0.158092
0.157955
0.157817
0.15768
0.157544
0.157408
0.157272
0.157137
0.157002
0.156868
0.156734
0.1566
0.156467
0.156334
0.156201
0.156069
0.155938
0.155806
0.155675
0.155545
0.155415
0.155285
0.155156
0.155027
0.154898
0.15477
0.154642
0.154515
0.154388
0.154261
0.154134
0.154008
0.153883
0.153758
0.153633
0.153508
0.153384
0.15326
0.153137
0.153014
0.152891
0.152769
0.152647
0.152525
0.152404
0.152283
0.152162
0.152042
0.151922
0.151803
0.151684
0.151565
0.151446
0.151328
0.15121
0.151093
0.150976
0.150859
0.150743
0.150627
0.150511
0.150395
0.15028
0.150166
0.150051
0.149937
0.149823
0.14971
0.149597
0.149484
0.149371
0.149259
0.149147
0.149036
0.148925
0.148814
0.148703
0.148593
0.148483
0.148374
0.148264
0.148156
0.148047
0.147939
0.147831
0.147723
0.147615
0.147508
0.147402
0.147295
0.147189
0.147083
0.146977
0.146872
0.146767
0.146663
0.146558
0.146454
0.14635
0.146247
0.146144
0.146041
0.145938
0.145836
0.145734
0.145632
0.145531
0.14543
0.145329
0.145228
0.145128
0.145028
0.144928
0.144829
0.14473
0.144631
0.144532
0.144434
0.144336
0.144238
0.144141
0.144044
0.143947
0.14385
0.143754
0.143658
0.143562
0.143466
0.143371
0.143276
0.143182
0.143087
0.142993
0.142899
0.142805
0.142712
0.142619
0.142526
0.142433
0.142341
0.142249
0.142157
0.142066
0.141974
0.141883
0.141793
0.141702
0.141612
0.141522
0.141432
0.141343
0.141254
0.141165
0.141076
0.140987
0.140899
0.140811
0.140724
0.140636
0.140549
0.140462
0.140375
0.140289
0.140202
0.140116
0.140031
0.139945
0.13986
0.139775
0.13969
0.139606
0.139521
0.139437
0.139354
0.13927
0.139187
0.139104
0.139021
0.138938
0.138856
0.138774
0.138692
0.13861
0.138528
0.138447
0.138366
0.138285
0.138205
0.138125
0.138045
0.137965
0.137885
0.137806
0.137727
0.137648
0.137569
0.13749
0.137412
0.137334
0.137256
0.137179
0.137101
0.137024
0.136947
0.136871
0.136794
0.136718
0.136642
0.136566
0.13649
0.136415
0.13634
0.136265
0.13619
0.136115
0.136041
0.135967
0.135893
0.135819
0.135746
0.135673
0.1356
0.135527
0.135454
0.135382
0.13531
0.135238
0.135166
0.135094
0.135023
0.134952
0.134881
0.13481
0.134739
0.134669
0.134599
0.134529
0.134459
0.134389
0.13432
0.134251
0.134182
0.134113
0.134045
0.133976
0.133908
0.13384
0.133773
0.133705
0.133638
0.13357
0.133503
0.133437
0.13337
0.133304
0.133238
0.133172
0.133106
0.13304
0.132975
0.13291
0.132844
0.13278
0.132715
0.132651
0.132586
0.132522
0.132458
0.132395
0.132331
0.132268
0.132205
0.132142
0.132079
0.132016
0.131954
0.131892
0.13183
0.131768
0.131706
0.131645
0.131583
0.131522
0.131461
0.1314
0.13134
0.131279
0.131219
0.131159
0.131099
0.13104
0.13098
0.130921
0.130862
0.130803
0.130744
0.130685
0.130627
0.130569
0.130511
0.130453
0.130395
0.130337
0.13028
0.130223
0.130166
0.130109
0.130052
0.129996
0.129939
0.129883
0.129827
0.129771
0.129716
0.12966
0.129605
0.12955
0.129495
0.12944
0.129385
0.129331
0.129276
0.129222
0.129168
0.129114
0.129061
0.129007
0.128954
0.128901
0.128848
0.128795
0.128742
0.12869
0.128638
0.128585
0.128533
0.128482
0.12843
0.128378
0.128327
0.128276
0.128225
0.128174
0.128123
0.128073
0.128022
0.127972
0.127922
0.127872
0.127822
0.127773
0.127723
0.127674
0.127625
0.127576
0.127527
0.127478
0.12743
0.127381
0.127333
0.127285
0.127237
0.127189
0.127142
0.127094
0.127047
0.127
0.126953
0.126906
0.12686
0.126813
0.126767
0.126721
0.126675
0.126629
0.126583
0.126537
0.126492
0.126446
0.126401
0.126356
0.126311
0.126267
0.126222
0.126178
0.126134
0.126089
0.126045
0.126002
0.125958
0.125914
0.125871
0.125828
0.125785
0.125742
0.125699
0.125656
0.125614
0.125571
0.125529
0.125487
0.125445
0.125403
0.125362
0.12532
0.125279
0.125238
0.125197
0.125156
0.125115
0.125074
0.125034
0.124993
0.124953
0.124913
0.124873
0.124833
0.124793
0.124754
0.124715
0.124675
0.124636
0.124597
0.124558
0.12452
0.124481
0.124443
0.124404
0.124366
0.124328
0.12429
0.124253
0.124215
0.124177
0.12414
0.124103
0.124066
0.124029
0.123992
0.123956
0.123919
0.123883
0.123846
0.12381
0.123774
0.123738
0.123703
0.123667
0.123632
0.123596
0.123561
0.123526
0.123491
0.123456
0.123422
0.123387
0.123353
0.123318
0.123284
0.12325
0.123216
0.123183
0.123149
0.123116
0.123082
0.123049
0.123016
0.122983
0.12295
0.122917
0.122885
0.122852
0.12282
0.122788
0.122756
0.122724
0.122692
0.12266
0.122629
0.122597
0.122566
0.122535
0.122504
0.122473
0.122442
0.122411
0.122381
0.12235
0.12232
0.12229
0.12226
0.12223
0.1222
0.12217
0.122141
0.122111
0.122082
0.122053
0.122024
0.121995
0.121966
0.121937
0.121909
0.12188
0.121852
0.121824
0.121796
0.121768
0.12174
0.121712
0.121685
0.121657
0.12163
0.121602
0.121575
0.121548
0.121521
0.121495
0.121468
0.121442
0.121415
0.121389
0.121363
0.121337
0.121311
0.121285
0.121259
0.121234
0.121208
0.121183
0.121158
0.121133
0.121108
0.121083
0.121058
0.121034
0.121009
0.120985
0.12096
0.120936
0.120912
0.120888
0.120865
0.120841
0.120817
0.120794
0.120771
0.120747
0.120724
0.120701
0.120678
0.120656
0.120633
0.12061
0.120588
0.120566
0.120544
0.120522
0.1205
0.120478
0.120456
0.120434
0.120413
0.120392
0.12037
0.120349
0.120328
0.120307
0.120286
0.120266
0.120245
0.120225
0.120204
0.120184
0.120164
0.120144
0.120124
0.120104
0.120084
0.120065
0.120045
0.120026
0.120007
0.119988
0.119969
0.11995
0.119931
0.119912
0.119894
0.119875
0.119857
0.119839
0.119821
0.119803
0.119785
0.119767
0.119749
0.119732
0.119714
0.119697
0.119679
0.119662
0.119645
0.119628
0.119612
0.119595
0.119578
0.119562
0.119545
0.119529
0.119513
0.119497
0.119481
0.119465
0.119449
0.119434
0.119418
0.119403
0.119388
0.119372
0.119357
0.119342
0.119327
0.119313
0.119298
0.119284
0.119269
0.119255
0.119241
0.119226
0.119212
0.119198
0.119185
0.119171
0.119157
0.119144
0.119131
0.119117
0.119104
0.119091
0.119078
0.119065
0.119053
0.11904
0.119027
0.119015
0.119003
0.11899
0.118978
0.118966
0.118954
0.118943
0.118931
0.118919
0.118908
0.118897
0.118885
0.118874
0.118863
0.118852
0.118841
0.11883
0.11882
0.118809
0.118799
0.118789
0.118778
0.118768
0.118758
0.118748
0.118738
0.118729
0.118719
0.11871
0.1187
0.118691
0.118682
0.118673
0.118664
0.118655
0.118646
0.118637
0.118629
0.11862
0.118612
0.118604
0.118595
0.118587
0.118579
0.118571
0.118564
0.118556
0.118549
0.118541
0.118534
0.118526
0.118519
0.118512
0.118505
0.118498
0.118492
0.118485
0.118479
0.118472
0.118466
0.11846
0.118453
0.118447
0.118441
0.118436
0.11843
0.118424
0.118419
0.118413
0.118408
0.118403
0.118398
0.118393
0.118388
0.118383
0.118378
0.118374
0.118369
0.118365
0.11836
0.118356
0.118352
0.118348
0.118344
0.11834
0.118336
0.118333
0.118329
0.118326
0.118323
0.118319
0.118316
0.118313
0.11831
0.118307
0.118305
0.118302
0.1183
0.118297
0.118295
0.118293
0.11829
0.118288
0.118287
0.118285
0.118283
0.118281
0.11828
0.118278
0.118277
0.118276
0.118275
0.118274
0.118273
0.118272
0.118271
0.118271
0.11827
0.11827
0.118269
0.118269
0.118269
0.118269
0.118269
0.118269
0.118269
0.11827
0.11827
0.118271
0.118271
0.118272
0.118273
0.118274
0.118275
0.118276
0.118277
0.118278
0.11828
0.118281
0.118283
0.118285
0.118287
0.118289
0.118291
0.118293
0.118295
0.118297
0.1183
0.118302
0.118305
0.118308
0.11831
0.118313
0.118316
0.118319
0.118323
0.118326
0.118329
0.118333
0.118336
0.11834
0.118344
0.118348
0.118352
0.118356
0.11836
0.118364
0.118369
0.118373
0.118378
0.118382
0.118387
0.118392
0.118397
0.118402
0.118407
0.118412
0.118418
0.118423
0.118429
0.118434
0.11844
0.118446
0.118452
0.118458
0.118464
0.11847
0.118477
0.118483
0.11849
0.118496
0.118503
0.11851
0.118517
0.118524
0.118531
0.118538
0.118545
0.118553
0.11856
0.118568
0.118576
0.118583
0.118591
0.118599
0.118607
0.118616
0.118624
0.118632
0.118641
0.118649
0.118658
0.118667
0.118676
0.118685
0.118694
0.118703
0.118712
0.118722
0.118731
0.118741
0.11875
0.11876
0.11877
0.11878
0.11879
0.1188
0.11881
0.118821
0.118831
0.118842
0.118852
0.118863
0.118874
0.118885
0.118896
0.118907
0.118918
0.11893
0.118941
0.118953
0.118964
0.118976
0.118988
0.119
0.119012
0.119024
0.119036
0.119048
0.119061
0.119073
0.119086
0.119099
0.119111
0.119124
0.119137
0.11915
0.119164
0.119177
0.11919
0.119204
0.119217
0.119231
0.119245
0.119259
0.119273
0.119287
0.119301
0.119315
0.11933
0.119344
0.119359
0.119373
0.119388
0.119403
0.119418
0.119433
0.119448
0.119464
0.119479
0.119495
0.11951
0.119526
0.119542
0.119557
0.119573
0.11959
0.119606
0.119622
0.119638
0.119655
0.119671
0.119688
0.119705
0.119722
0.119739
0.119756
0.119773
0.11979
0.119808
0.119825
0.119843
0.11986
0.119878
0.119896
0.119914
0.119932
0.11995
0.119969
0.119987
0.120005
0.120024
0.120043
0.120062
0.12008
0.120099
0.120118
0.120138
0.120157
0.120176
0.120196
0.120215
0.120235
0.120255
0.120275
0.120295
0.120315
0.120335
0.120355
0.120376
0.120396
0.120417
0.120438
0.120459
0.120479
0.1205
0.120522
0.120543
0.120564
0.120586
0.120607
0.120629
0.12065
0.120672
0.120694
0.120716
0.120738
0.120761
0.120783
0.120806
0.120828
0.120851
0.120874
0.120896
0.120919
0.120942
0.120966
0.120989
0.121012
0.121036
0.121059
0.121083
0.121107
0.121131
0.121155
0.121179
0.121203
0.121227
0.121252
0.121276
0.121301
0.121326
0.121351
0.121376
0.121401
0.121426
0.121451
0.121476
0.121502
0.121527
0.121553
0.121579
0.121605
0.121631
0.121657
0.121683
0.121709
0.121736
0.121762
0.121789
0.121816
0.121843
0.12187
0.121897
0.121924
0.121951
0.121978
0.122006
0.122034
0.122061
0.122089
0.122117
0.122145
0.122173
0.122201
0.12223
0.122258
0.122287
0.122315
0.122344
0.122373
0.122402
0.122431
0.12246
0.12249
0.122519
0.122549
0.122578
0.122608
0.122638
0.122668
0.122698
0.122728
0.122758
0.122789
0.122819
0.12285
0.122881
0.122911
0.122942
0.122973
0.123005
0.123036
0.123067
0.123099
0.12313
0.123162
0.123194
0.123226
0.123258
0.12329
0.123322
0.123355
0.123387
0.12342
0.123453
0.123485
0.123518
0.123551
0.123585
0.123618
0.123651
0.123685
0.123718
0.123752
0.123786
0.12382
0.123854
0.123888
0.123922
0.123957
0.123991
0.124026
0.124061
0.124096
0.124131
0.124166
0.124201
0.124236
0.124272
0.124307
0.124343
0.124379
0.124415
0.124451
0.124487
0.124523
0.124559
0.124596
0.124632
0.124669
0.124706
0.124743
0.12478
0.124817
0.124854
0.124892
0.124929
0.124967
0.125005
0.125042
0.12508
0.125118
0.125157
0.125195
0.125233
0.125272
0.125311
0.12535
0.125388
0.125428
0.125467
0.125506
0.125545
0.125585
0.125625
0.125664
0.125704
0.125744
0.125784
0.125825
0.125865
0.125905
0.125946
0.125987
0.126027
0.126068
0.12611
0.126151
0.126192
0.126234
0.126275
0.126317
0.126359
0.126401
0.126443
0.126485
0.126527
0.126569
0.126612
0.126655
0.126697
0.12674
0.126783
0.126827
0.12687
0.126913
0.126957
0.127
0.127044
0.127088
0.127132
0.127176
0.127221
0.127265
0.12731
0.127354
0.127399
0.127444
0.127489
0.127534
0.127579
0.127625
0.12767
0.127716
0.127762
0.127808
0.127854
0.1279
0.127946
0.127993
0.128039
0.128086
0.128133
0.12818
0.128227
0.128274
0.128322
0.128369
0.128417
0.128464
0.128512
0.12856
0.128608
0.128657
0.128705
0.128754
0.128802
0.128851
0.1289
0.128949
0.128998
0.129048
0.129097
0.129147
0.129196
0.129246
0.129296
0.129346
0.129396
0.129447
0.129497
0.129548
0.129599
0.12965
0.129701
0.129752
0.129803
0.129855
0.129906
0.129958
0.13001
0.130062
0.130114
0.130166
0.130219
0.130271
0.130324
0.130377
0.13043
0.130483
0.130536
0.13059
0.130643
0.130697
0.130751
0.130805
0.130859
0.130913
0.130967
0.131022
0.131076
0.131131
0.131186
0.131241
0.131296
0.131352
0.131407
0.131463
0.131519
0.131575
0.131631
0.131687
0.131743
0.1318
0.131857
0.131913
0.13197
0.132027
0.132085
0.132142
0.132199
0.132257
0.132315
0.132373
0.132431
0.132489
0.132548
0.132606
0.132665
0.132724
0.132783
0.132842
0.132901
0.132961
0.13302
0.13308
0.13314
0.1332
0.13326
0.13332
0.133381
0.133442
0.133502
0.133563
0.133624
0.133686
0.133747
0.133809
0.13387
0.133932
0.133994
0.134056
0.134119
0.134181
0.134244
0.134307
0.13437
0.134433
0.134496
0.134559
0.134623
0.134687
0.134751
0.134815
0.134879
0.134943
0.135008
0.135072
0.135137
0.135202
0.135267
0.135333
0.135398
0.135464
0.13553
0.135595
0.135662
0.135728
0.135794
0.135861
0.135928
0.135995
0.136062
0.136129
0.136196
0.136264
0.136332
0.1364
0.136468
0.136536
0.136604
0.136673
0.136742
0.136811
0.13688
0.136949
0.137018
0.137088
0.137158
0.137228
0.137298
0.137368
0.137438
0.137509
0.13758
0.137651
0.137722
0.137793
0.137865
0.137936
0.138008
0.13808
0.138152
0.138224
0.138297
0.13837
0.138442
0.138515
0.138589
0.138662
0.138735
0.138809
0.138883
0.138957
0.139031
0.139106
0.13918
0.139255
0.13933
0.139405
0.139481
0.139556
0.139632
0.139708
0.139784
0.13986
0.139936
0.140013
0.14009
0.140167
0.140244
0.140321
0.140399
0.140476
0.140554
0.140632
0.140711
0.140789
0.140868
0.140947
0.141026
0.141105
0.141184
0.141264
0.141344
0.141423
0.141504
0.141584
0.141664
0.141745
0.141826
0.141907
0.141988
0.14207
0.142152
0.142233
0.142316
0.142398
0.14248
0.142563
0.142646
0.142729
0.142812
0.142895
0.142979
0.143063
0.143147
0.143231
0.143316
0.1434
0.143485
0.14357
0.143655
0.143741
0.143826
0.143912
0.143998
0.144085
0.144171
0.144258
0.144345
0.144432
0.144519
0.144606
0.144694
0.144782
0.14487
0.144958
0.145047
0.145136
0.145225
0.145314
0.145403
0.145493
0.145582
0.145672
0.145763
0.145853
0.145944
0.146035
0.146126
0.146217
0.146308
0.1464
0.146492
0.146584
0.146677
0.146769
0.146862
0.146955
0.147048
0.147142
0.147235
0.147329
0.147424
0.147518
0.147612
0.147707
0.147802
0.147898
0.147993
0.148089
0.148185
0.148281
0.148377
0.148474
0.148571
0.148668
0.148765
0.148863
0.14896
0.149058
0.149157
0.149255
0.149354
0.149453
0.149552
0.149651
0.149751
0.149851
0.149951
0.150051
0.150152
0.150253
0.150354
0.150455
0.150557
0.150658
0.15076
0.150863
0.150965
0.151068
0.151171
0.151274
0.151378
0.151481
0.151585
0.15169
0.151794
0.151899
0.152004
0.152109
0.152215
0.15232
0.152426
0.152533
0.152639
0.152746
0.152853
0.15296
0.153068
0.153175
0.153283
0.153392
0.1535
0.153609
0.153718
0.153827
0.153937
0.154047
0.154157
0.154267
0.154378
0.154489
0.1546
0.154711
0.154823
0.154935
0.155047
0.15516
0.155273
0.155386
0.155499
0.155613
0.155726
0.155841
0.155955
0.15607
0.156185
0.1563
0.156415
0.156531
0.156647
0.156764
0.15688
0.156997
0.157114
0.157232
0.15735
0.157468
0.157586
0.157705
0.157823
0.157943
0.158062
0.158182
0.158302
0.158422
0.158543
0.158664
0.158785
0.158907
0.159028
0.15915
0.159273
0.159396
0.159519
0.159642
0.159766
0.159889
0.160014
0.160138
0.160263
0.160388
0.160513
0.160639
0.160765
0.160892
0.161018
0.161145
0.161272
0.1614
0.161528
0.161656
0.161785
0.161913
0.162043
0.162172
0.162302
0.162432
0.162562
0.162693
0.162824
0.162955
0.163087
0.163219
0.163352
0.163484
0.163617
0.163751
0.163884
0.164018
0.164153
0.164287
0.164422
0.164558
0.164693
0.164829
0.164965
0.165102
0.165239
0.165376
0.165514
0.165652
0.165791
0.165929
0.166068
0.166208
0.166347
0.166488
0.166628
0.166769
0.16691
0.167051
0.167193
0.167336
0.167478
0.167621
0.167764
0.167908
0.168052
0.168196
0.168341
0.168486
0.168632
0.168777
0.168924
0.16907
0.169217
0.169364
0.169512
0.16966
0.169808
0.169957
0.170106
0.170256
0.170406
0.170556
0.170707
0.170858
0.171009
0.171161
0.171313
0.171466
0.171619
0.171772
0.171926
0.17208
0.172235
0.172389
0.172545
0.172701
0.172857
0.173013
0.17317
0.173327
0.173485
0.173643
0.173802
0.173961
0.17412
0.17428
0.17444
0.174601
0.174762
0.174923
0.175085
0.175247
0.17541
0.175573
0.175736
0.1759
0.176065
0.176229
0.176395
0.17656
0.176726
0.176893
0.17706
0.177227
0.177395
0.177563
0.177732
0.177901
0.178071
0.178241
0.178411
0.178582
0.178753
0.178925
0.179097
0.17927
0.179443
0.179617
0.179791
0.179965
0.18014
0.180316
0.180492
0.180668
0.180845
0.181022
0.1812
0.181378
0.181557
0.181736
0.181916
0.182096
0.182276
0.182458
0.182639
0.182821
0.183004
0.183187
0.18337
0.183554
0.183739
0.183924
0.184109
0.184295
0.184482
0.184669
0.184856
0.185044
0.185233
0.185422
0.185611
0.185802
0.185992
0.186183
0.186375
0.186567
0.18676
0.186953
0.187146
0.187341
0.187535
0.187731
0.187926
0.188123
0.18832
0.188517
0.188715
0.188913
0.189113
0.189312
0.189512
0.189713
0.189914
0.190116
0.190318
0.190521
0.190725
0.190929
0.191133
0.191338
0.191544
0.19175
0.191957
0.192165
0.192373
0.192581
0.192791
0.193
0.193211
0.193422
0.193633
0.193845
0.194058
0.194271
0.194485
0.1947
0.194915
0.195131
0.195347
0.195564
0.195781
0.195999
0.196218
0.196438
0.196658
0.196878
0.1971
0.197322
0.197544
0.197767
0.197991
0.198215
0.198441
0.198666
0.198893
0.19912
0.199347
0.199576
0.199805
0.200034
0.200265
0.200496
0.200727
0.20096
0.201192
0.201426
0.20166
0.201895
0.202131
0.202368
0.202605
0.202842
0.203081
0.20332
0.20356
0.2038
0.204042
0.204283
0.204526
0.20477
0.205014
0.205258
0.205504
0.20575
0.205997
0.206245
0.206493
0.206743
0.206992
0.207243
0.207495
0.207747
0.208
0.208253
0.208508
0.208763
0.209019
0.209275
0.209533
0.209791
0.21005
0.21031
0.210571
0.210832
0.211094
0.211357
0.211621
0.211885
0.212151
0.212417
0.212684
0.212952
0.21322
0.21349
0.21376
0.214031
0.214303
0.214576
0.214849
0.215123
0.215399
0.215675
0.215952
0.21623
0.216508
0.216788
0.217068
0.217349
0.217631
0.217914
0.218198
0.218483
0.218769
0.219055
0.219343
0.219631
0.21992
0.22021
0.220501
0.220793
0.221086
0.22138
0.221675
0.221971
0.222267
0.222565
0.222863
0.223163
0.223463
0.223764
0.224067
0.22437
0.224674
0.224979
0.225286
0.225593
0.225901
0.22621
0.22652
0.226831
0.227144
0.227457
0.227771
0.228086
0.228402
0.22872
0.229038
0.229357
0.229678
0.229999
0.230321
0.230645
0.23097
0.231295
0.231622
0.23195
0.232279
0.232609
0.23294
0.233272
0.233605
0.233939
0.234275
0.234611
0.234949
0.235288
0.235628
0.235969
0.236311
0.236654
0.236999
0.237345
0.237692
0.23804
0.238389
0.238739
0.239091
0.239443
0.239797
0.240153
0.240509
0.240867
0.241225
0.241585
0.241947
0.242309
0.242673
0.243038
0.243404
0.243772
0.244141
0.244511
0.244882
0.245255
0.245629
0.246004
0.24638
0.246758
0.247137
0.247518
0.2479
0.248283
0.248667
0.249053
0.24944
0.249829
0.250219
0.25061
0.251003
0.251397
0.251793
0.25219
0.252588
0.252988
0.253389
0.253792
0.254196
0.254601
0.255008
0.255417
0.255827
0.256238
0.256651
0.257066
0.257482
0.257899
0.258318
0.258738
0.259161
0.259584
0.260009
0.260436
0.260864
0.261294
0.261725
0.262158
0.262593
0.263029
0.263467
0.263907
0.264348
0.26479
0.265235
0.265681
0.266129
0.266578
0.267029
0.267482
0.267936
0.268393
0.268851
0.26931
0.269772
0.270235
0.2707
0.271167
0.271635
0.272105
0.272578
0.273052
0.273527
0.274005
0.274484
0.274966
0.275449
0.275934
0.276421
0.276909
0.2774
0.277893
0.278387
0.278884
0.279382
0.279883
0.280385
0.280889
0.281396
0.281904
0.282414
0.282927
0.283441
0.283958
0.284476
0.284997
0.285519
0.286044
0.286571
0.2871
0.287631
0.288165
0.2887
0.289238
0.289777
0.290319
0.290864
0.29141
0.291959
0.29251
0.293063
0.293618
0.294176
0.294736
0.295299
0.295863
0.29643
0.297
0.297572
0.298146
0.298722
0.299301
0.299883
0.300467
0.301053
0.301642
0.302233
0.302827
0.303423
0.304022
0.304623
0.305227
0.305834
0.306443
0.307055
0.307669
0.308286
0.308906
0.309528
0.310154
0.310781
0.311412
0.312045
0.312681
0.31332
0.313962
0.314606
0.315253
0.315904
0.316557
0.317213
0.317871
0.318533
0.319198
0.319866
0.320536
0.32121
0.321887
0.322566
0.323249
0.323935
0.324624
0.325316
0.326011
0.32671
0.327411
0.328116
0.328824
0.329536
0.33025
0.330968
0.331689
0.332414
0.333142
0.333873
0.334608
0.335346
0.336087
0.336832
0.337581
0.338333
0.339088
0.339848
0.34061
0.341377
0.342147
0.342921
0.343698
0.344479
0.345264
0.346053
0.346845
0.347641
0.348442
0.349246
0.350054
0.350865
0.351681
0.352501
0.353325
0.35251
0.351695
0.350882
0.350069
0.349257
0.348447
0.347637
0.346828
0.346021
0.345215
0.34441
0.343607
0.342805
0.342004
0.341205
0.340408
0.339612
0.338817
0.338025
0.337234
0.336445
0.335658
0.334872
0.334089
0.333307
0.332527
0.331749
0.330974
0.3302
0.329428
0.328659
0.327891
0.327126
0.326363
0.325602
0.324844
0.324087
0.323333
0.322581
0.321832
0.321084
0.32034
0.319597
0.318857
0.318119
0.317384
0.316651
0.31592
0.315192
0.314467
0.313744
0.313023
0.312305
0.31159
0.310877
0.310166
0.309458
0.308753
0.30805
0.307349
0.306652
0.305956
0.305264
0.304574
0.303886
0.303201
0.302519
0.301839
0.301162
0.300488
0.299816
0.299147
0.29848
0.297816
0.297154
0.296495
0.295839
0.295185
0.294534
0.293886
0.29324
0.292597
0.291956
0.291318
0.290682
0.290049
0.289419
0.288791
0.288166
0.287543
0.286923
0.286306
0.285691
0.285078
0.284468
0.283861
0.283256
0.282654
0.282054
0.281457
0.280862
0.28027
0.27968
0.279093
0.278508
0.277926
0.277346
0.276769
0.276194
0.275621
0.275051
0.274484
0.273919
0.273356
0.272795
0.272238
0.271682
0.271129
0.270578
0.27003
0.269484
0.26894
0.268399
0.26786
0.267323
0.266788
0.266256
0.265727
0.265199
0.264674
0.264151
0.26363
0.263112
0.262596
0.262082
0.26157
0.26106
0.260553
0.260048
0.259545
0.259044
0.258545
0.258049
0.257555
0.257063
0.256573
0.256085
0.255599
0.255115
0.254634
0.254154
0.253677
0.253201
0.252728
0.252256
0.251787
0.25132
0.250855
0.250391
0.24993
0.249471
0.249014
0.248558
0.248105
0.247654
0.247204
0.246757
0.246311
0.245867
0.245426
0.244986
0.244548
0.244111
0.243677
0.243245
0.242814
0.242385
0.241958
0.241533
0.24111
0.240688
0.240269
0.239851
0.239435
0.23902
0.238607
0.238197
0.237787
0.23738
0.236974
0.23657
0.236168
0.235767
0.235368
0.234971
0.234575
0.234181
0.233789
0.233398
0.233009
0.232622
0.232236
0.231852
0.231469
0.231088
0.230709
0.230331
0.229955
0.22958
0.229207
0.228835
0.228465
0.228097
0.227729
0.227364
0.227
0.226637
0.226276
0.225917
0.225558
0.225202
0.224846
0.224493
0.22414
0.223789
0.22344
0.223092
0.222745
0.2224
0.222056
0.221714
0.221372
0.221033
0.220694
0.220357
0.220022
0.219687
0.219354
0.219023
0.218692
0.218363
0.218036
0.217709
0.217384
0.21706
0.216738
0.216416
0.216096
0.215778
0.21546
0.215144
0.214829
0.214515
0.214203
0.213891
0.213581
0.213272
0.212965
0.212658
0.212353
0.212049
0.211746
0.211444
0.211144
0.210844
0.210546
0.210249
0.209953
0.209658
0.209364
0.209072
0.20878
0.20849
0.208201
0.207912
0.207625
0.207339
0.207055
0.206771
0.206488
0.206206
0.205926
0.205646
0.205368
0.20509
0.204814
0.204539
0.204264
0.203991
0.203719
0.203447
0.203177
0.202908
0.20264
0.202373
0.202106
0.201841
0.201577
0.201313
0.201051
0.20079
0.200529
0.20027
0.200011
0.199754
0.199497
0.199242
0.198987
0.198733
0.19848
0.198228
0.197977
0.197727
0.197478
0.197229
0.196982
0.196736
0.19649
0.196245
0.196001
0.195758
0.195516
0.195275
0.195034
0.194795
0.194556
0.194318
0.194081
0.193845
0.19361
0.193375
0.193142
0.192909
0.192677
0.192446
0.192216
0.191986
0.191757
0.191529
0.191302
0.191076
0.19085
0.190626
0.190402
0.190178
0.189956
0.189734
0.189513
0.189293
0.189074
0.188855
0.188638
0.188421
0.188204
0.187989
0.187774
0.18756
0.187346
0.187134
0.186922
0.186711
0.1865
0.186291
0.186082
0.185873
0.185666
0.185459
0.185253
0.185047
0.184842
0.184638
0.184435
0.184232
0.18403
0.183829
0.183628
0.183428
0.183229
0.18303
0.182832
0.182635
0.182438
0.182242
0.182047
0.181852
0.181658
0.181465
0.181272
0.18108
0.180889
0.180698
0.180508
0.180318
0.180129
0.179941
0.179753
0.179566
0.179379
0.179194
0.179008
0.178824
0.17864
0.178456
0.178273
0.178091
0.17791
0.177729
0.177548
0.177368
0.177189
0.17701
0.176832
0.176655
0.176478
0.176301
0.176126
0.17595
0.175776
0.175602
0.175428
0.175255
0.175083
0.174911
0.174739
0.174569
0.174398
0.174229
0.17406
0.173891
0.173723
0.173555
0.173389
0.173222
0.173056
0.172891
0.172726
0.172562
0.172398
0.172234
0.172072
0.171909
0.171748
0.171586
0.171426
0.171266
0.171106
0.170947
0.170788
0.17063
0.170472
0.170315
0.170158
0.170002
0.169846
0.169691
0.169536
0.169382
0.169228
0.169075
0.168922
0.16877
0.168618
0.168466
0.168315
0.168165
0.168015
0.167865
0.167716
0.167568
0.16742
0.167272
0.167125
0.166978
0.166832
0.166686
0.16654
0.166395
0.166251
0.166107
0.165963
0.16582
0.165677
0.165535
0.165393
0.165252
0.165111
0.16497
0.16483
0.16469
0.164551
0.164412
0.164274
0.164136
0.163998
0.163861
0.163724
0.163588
0.163452
0.163317
0.163182
0.163047
0.162913
0.162779
0.162645
0.162512
0.16238
0.162248
0.162116
0.161984
0.161853
0.161723
0.161592
0.161463
0.161333
0.161204
0.161075
0.160947
0.160819
0.160692
0.160565
0.160438
0.160312
0.160186
0.16006
0.159935
0.15981
0.159686
0.159561
0.159438
0.159314
0.159191
0.159069
0.158947
0.158825
0.158703
0.158582
0.158461
0.158341
0.158221
0.158101
0.157982
0.157863
0.157744
0.157626
0.157508
0.157391
0.157273
0.157157
0.15704
0.156924
0.156808
0.156693
0.156578
0.156463
0.156348
0.156234
0.15612
0.156007
0.155894
0.155781
0.155669
0.155557
0.155445
0.155334
0.155223
0.155112
0.155001
0.154891
0.154782
0.154672
0.154563
0.154454
0.154346
0.154238
0.15413
0.154022
0.153915
0.153808
0.153702
0.153596
0.15349
0.153384
0.153279
0.153174
0.153069
0.152965
0.152861
0.152757
0.152654
0.15255
0.152448
0.152345
0.152243
0.152141
0.152039
0.151938
0.151837
0.151736
0.151636
0.151536
0.151436
0.151337
0.151237
0.151138
0.15104
0.150942
0.150843
0.150746
0.150648
0.150551
0.150454
0.150358
0.150261
0.150165
0.150069
0.149974
0.149879
0.149784
0.149689
0.149595
0.149501
0.149407
0.149314
0.14922
0.149127
0.149035
0.148942
0.14885
0.148758
0.148667
0.148575
0.148484
0.148394
0.148303
0.148213
0.148123
0.148033
0.147944
0.147855
0.147766
0.147677
0.147589
0.147501
0.147413
0.147325
0.147238
0.147151
0.147064
0.146977
0.146891
0.146805
0.146719
0.146634
0.146549
0.146464
0.146379
0.146294
0.14621
0.146126
0.146042
0.145959
0.145875
0.145792
0.14571
0.145627
0.145545
0.145463
0.145381
0.1453
0.145218
0.145137
0.145056
0.144976
0.144896
0.144815
0.144736
0.144656
0.144577
0.144498
0.144419
0.14434
0.144262
0.144183
0.144106
0.144028
0.14395
0.143873
0.143796
0.143719
0.143643
0.143566
0.14349
0.143415
0.143339
0.143264
0.143188
0.143113
0.143039
0.142964
0.14289
0.142816
0.142742
0.142669
0.142595
0.142522
0.142449
0.142377
0.142304
0.142232
0.14216
0.142088
0.142016
0.141945
0.141874
0.141803
0.141732
0.141662
0.141591
0.141521
0.141451
0.141382
0.141312
0.141243
0.141174
0.141105
0.141037
0.140969
0.1409
0.140832
0.140765
0.140697
0.14063
0.140563
0.140496
0.140429
0.140363
0.140296
0.14023
0.140164
0.140099
0.140033
0.139968
0.139903
0.139838
0.139774
0.139709
0.139645
0.139581
0.139517
0.139453
0.13939
0.139327
0.139264
0.139201
0.139138
0.139076
0.139014
0.138952
0.13889
0.138828
0.138767
0.138705
0.138644
0.138583
0.138523
0.138462
0.138402
0.138342
0.138282
0.138222
0.138163
0.138103
0.138044
0.137985
0.137926
0.137868
0.137809
0.137751
0.137693
0.137635
0.137578
0.13752
0.137463
0.137406
0.137349
0.137292
0.137236
0.13718
0.137123
0.137067
0.137012
0.136956
0.136901
0.136845
0.13679
0.136736
0.136681
0.136626
0.136572
0.136518
0.136464
0.13641
0.136356
0.136303
0.13625
0.136197
0.136144
0.136091
0.136039
0.135986
0.135934
0.135882
0.13583
0.135778
0.135727
0.135676
0.135624
0.135574
0.135523
0.135472
0.135422
0.135371
0.135321
0.135271
0.135222
0.135172
0.135123
0.135073
0.135024
0.134975
0.134927
0.134878
0.13483
0.134781
0.134733
0.134685
0.134638
0.13459
0.134543
0.134495
0.134448
0.134401
0.134355
0.134308
0.134262
0.134215
0.134169
0.134123
0.134078
0.134032
0.133987
0.133941
0.133896
0.133851
0.133807
0.133762
0.133718
0.133673
0.133629
0.133585
0.133541
0.133498
0.133454
0.133411
0.133368
0.133325
0.133282
0.133239
0.133197
0.133154
0.133112
0.13307
0.133028
0.132986
0.132945
0.132903
0.132862
0.132821
0.13278
0.132739
0.132698
0.132658
0.132618
0.132577
0.132537
0.132497
0.132458
0.132418
0.132379
0.132339
0.1323
0.132261
0.132222
0.132184
0.132145
0.132107
0.132069
0.132031
0.131993
0.131955
0.131917
0.13188
0.131843
0.131805
0.131768
0.131731
0.131695
0.131658
0.131622
0.131585
0.131549
0.131513
0.131477
0.131442
0.131406
0.131371
0.131336
0.1313
0.131265
0.131231
0.131196
0.131161
0.131127
0.131093
0.131059
0.131025
0.130991
0.130957
0.130924
0.13089
0.130857
0.130824
0.130791
0.130758
0.130726
0.130693
0.130661
0.130629
0.130596
0.130565
0.130533
0.130501
0.130469
0.130438
0.130407
0.130376
0.130345
0.130314
0.130283
0.130253
0.130222
0.130192
0.130162
0.130132
0.130102
0.130072
0.130043
0.130013
0.129984
0.129955
0.129926
0.129897
0.129868
0.129839
0.129811
0.129783
0.129754
0.129726
0.129698
0.129671
0.129643
0.129615
0.129588
0.129561
0.129534
0.129507
0.12948
0.129453
0.129426
0.1294
0.129374
0.129347
0.129321
0.129295
0.12927
0.129244
0.129218
0.129193
0.129168
0.129143
0.129118
0.129093
0.129068
0.129043
0.129019
0.128995
0.12897
0.128946
0.128922
0.128898
0.128875
0.128851
0.128828
0.128804
0.128781
0.128758
0.128735
0.128713
0.12869
0.128667
0.128645
0.128623
0.128601
0.128579
0.128557
0.128535
0.128513
0.128492
0.128471
0.128449
0.128428
0.128407
0.128386
0.128366
0.128345
0.128325
0.128304
0.128284
0.128264
0.128244
0.128224
0.128204
0.128185
0.128165
0.128146
0.128127
0.128108
0.128089
0.12807
0.128051
0.128033
0.128014
0.127996
0.127978
0.127959
0.127941
0.127924
0.127906
0.127888
0.127871
0.127854
0.127836
0.127819
0.127802
0.127785
0.127769
0.127752
0.127736
0.127719
0.127703
0.127687
0.127671
0.127655
0.127639
0.127624
0.127608
0.127593
0.127578
0.127562
0.127547
0.127533
0.127518
0.127503
0.127489
0.127474
0.12746
0.127446
0.127432
0.127418
0.127404
0.12739
0.127377
0.127363
0.12735
0.127337
0.127324
0.127311
0.127298
0.127285
0.127273
0.12726
0.127248
0.127236
0.127223
0.127211
0.1272
0.127188
0.127176
0.127165
0.127153
0.127142
0.127131
0.12712
0.127109
0.127098
0.127087
0.127077
0.127066
0.127056
0.127046
0.127036
0.127026
0.127016
0.127006
0.126996
0.126987
0.126977
0.126968
0.126959
0.12695
0.126941
0.126932
0.126923
0.126915
0.126906
0.126898
0.12689
0.126882
0.126874
0.126866
0.126858
0.126851
0.126843
0.126836
0.126828
0.126821
0.126814
0.126807
0.1268
0.126794
0.126787
0.12678
0.126774
0.126768
0.126762
0.126756
0.12675
0.126744
0.126738
0.126733
0.126727
0.126722
0.126717
0.126712
0.126707
0.126702
0.126697
0.126692
0.126688
0.126684
0.126679
0.126675
0.126671
0.126667
0.126663
0.126659
0.126656
0.126652
0.126649
0.126646
0.126643
0.12664
0.126637
0.126634
0.126631
0.126629
0.126626
0.126624
0.126622
0.126619
0.126617
0.126616
0.126614
0.126612
0.126611
0.126609
0.126608
0.126607
0.126605
0.126604
0.126604
0.126603
0.126602
0.126602
0.126601
0.126601
0.126601
0.126601
0.126601
0.126601
0.126601
0.126601
0.126602
0.126603
0.126603
0.126604
0.126605
0.126606
0.126607
0.126608
0.12661
0.126611
0.126613
0.126615
0.126617
0.126619
0.126621
0.126623
0.126625
0.126627
0.12663
0.126633
0.126635
0.126638
0.126641
0.126644
0.126647
0.126651
0.126654
0.126658
0.126661
0.126665
0.126669
0.126673
0.126677
0.126681
0.126686
0.12669
0.126694
0.126699
0.126704
0.126709
0.126714
0.126719
0.126724
0.126729
0.126735
0.12674
0.126746
0.126752
0.126758
0.126764
0.12677
0.126776
0.126782
0.126789
0.126795
0.126802
0.126809
0.126816
0.126823
0.12683
0.126837
0.126844
0.126852
0.126859
0.126867
0.126875
0.126883
0.126891
0.126899
0.126907
0.126916
0.126924
0.126933
0.126941
0.12695
0.126959
0.126968
0.126977
0.126986
0.126996
0.127005
0.127015
0.127025
0.127034
0.127044
0.127054
0.127065
0.127075
0.127085
0.127096
0.127106
0.127117
0.127128
0.127139
0.12715
0.127161
0.127172
0.127184
0.127195
0.127207
0.127218
0.12723
0.127242
0.127254
0.127266
0.127279
0.127291
0.127304
0.127316
0.127329
0.127342
0.127355
0.127368
0.127381
0.127394
0.127408
0.127421
0.127435
0.127449
0.127463
0.127477
0.127491
0.127505
0.127519
0.127534
0.127548
0.127563
0.127578
0.127593
0.127608
0.127623
0.127638
0.127653
0.127669
0.127684
0.1277
0.127716
0.127732
0.127748
0.127764
0.12778
0.127796
0.127813
0.12783
0.127846
0.127863
0.12788
0.127897
0.127914
0.127932
0.127949
0.127966
0.127984
0.128002
0.12802
0.128038
0.128056
0.128074
0.128092
0.128111
0.128129
0.128148
0.128167
0.128185
0.128204
0.128224
0.128243
0.128262
0.128282
0.128301
0.128321
0.128341
0.128361
0.128381
0.128401
0.128421
0.128441
0.128462
0.128483
0.128503
0.128524
0.128545
0.128566
0.128587
0.128609
0.12863
0.128652
0.128673
0.128695
0.128717
0.128739
0.128761
0.128783
0.128806
0.128828
0.128851
0.128873
0.128896
0.128919
0.128942
0.128965
0.128989
0.129012
0.129036
0.129059
0.129083
0.129107
0.129131
0.129155
0.129179
0.129204
0.129228
0.129253
0.129277
0.129302
0.129327
0.129352
0.129377
0.129403
0.129428
0.129454
0.129479
0.129505
0.129531
0.129557
0.129583
0.129609
0.129636
0.129662
0.129689
0.129716
0.129743
0.129769
0.129797
0.129824
0.129851
0.129879
0.129906
0.129934
0.129962
0.12999
0.130018
0.130046
0.130074
0.130103
0.130131
0.13016
0.130188
0.130217
0.130246
0.130276
0.130305
0.130334
0.130364
0.130393
0.130423
0.130453
0.130483
0.130513
0.130543
0.130574
0.130604
0.130635
0.130666
0.130696
0.130727
0.130759
0.13079
0.130821
0.130853
0.130884
0.130916
0.130948
0.13098
0.131012
0.131044
0.131076
0.131109
0.131141
0.131174
0.131207
0.13124
0.131273
0.131306
0.13134
0.131373
0.131407
0.13144
0.131474
0.131508
0.131542
0.131577
0.131611
0.131645
0.13168
0.131715
0.13175
0.131785
0.13182
0.131855
0.13189
0.131926
0.131961
0.131997
0.132033
0.132069
0.132105
0.132141
0.132178
0.132214
0.132251
0.132288
0.132325
0.132362
0.132399
0.132436
0.132474
0.132511
0.132549
0.132587
0.132625
0.132663
0.132701
0.132739
0.132778
0.132816
0.132855
0.132894
0.132933
0.132972
0.133011
0.133051
0.13309
0.13313
0.133169
0.133209
0.133249
0.13329
0.13333
0.13337
0.133411
0.133452
0.133493
0.133533
0.133575
0.133616
0.133657
0.133699
0.13374
0.133782
0.133824
0.133866
0.133908
0.133951
0.133993
0.134036
0.134078
0.134121
0.134164
0.134207
0.134251
0.134294
0.134338
0.134381
0.134425
0.134469
0.134513
0.134558
0.134602
0.134646
0.134691
0.134736
0.134781
0.134826
0.134871
0.134916
0.134962
0.135008
0.135053
0.135099
0.135145
0.135191
0.135238
0.135284
0.135331
0.135378
0.135425
0.135472
0.135519
0.135566
0.135614
0.135661
0.135709
0.135757
0.135805
0.135853
0.135901
0.13595
0.135998
0.136047
0.136096
0.136145
0.136194
0.136244
0.136293
0.136343
0.136392
0.136442
0.136492
0.136543
0.136593
0.136643
0.136694
0.136745
0.136796
0.136847
0.136898
0.13695
0.137001
0.137053
0.137105
0.137157
0.137209
0.137261
0.137313
0.137366
0.137419
0.137471
0.137525
0.137578
0.137631
0.137684
0.137738
0.137792
0.137846
0.1379
0.137954
0.138009
0.138063
0.138118
0.138173
0.138228
0.138283
0.138338
0.138394
0.138449
0.138505
0.138561
0.138617
0.138673
0.13873
0.138786
0.138843
0.1389
0.138957
0.139014
0.139071
0.139129
0.139186
0.139244
0.139302
0.13936
0.139418
0.139477
0.139535
0.139594
0.139653
0.139712
0.139771
0.139831
0.13989
0.13995
0.14001
0.14007
0.14013
0.140191
0.140251
0.140312
0.140373
0.140434
0.140495
0.140556
0.140618
0.140679
0.140741
0.140803
0.140866
0.140928
0.14099
0.141053
0.141116
0.141179
0.141242
0.141305
0.141369
0.141433
0.141496
0.14156
0.141625
0.141689
0.141753
0.141818
0.141883
0.141948
0.142013
0.142079
0.142144
0.14221
0.142276
0.142342
0.142408
0.142475
0.142541
0.142608
0.142675
0.142742
0.142809
0.142877
0.142944
0.143012
0.14308
0.143148
0.143217
0.143285
0.143354
0.143423
0.143492
0.143561
0.14363
0.1437
0.14377
0.14384
0.14391
0.14398
0.144051
0.144121
0.144192
0.144263
0.144334
0.144406
0.144477
0.144549
0.144621
0.144693
0.144765
0.144838
0.144911
0.144984
0.145057
0.14513
0.145203
0.145277
0.145351
0.145425
0.145499
0.145573
0.145648
0.145723
0.145797
0.145873
0.145948
0.146023
0.146099
0.146175
0.146251
0.146327
0.146404
0.146481
0.146557
0.146634
0.146712
0.146789
0.146867
0.146945
0.147023
0.147101
0.147179
0.147258
0.147337
0.147416
0.147495
0.147574
0.147654
0.147734
0.147814
0.147894
0.147974
0.148055
0.148136
0.148217
0.148298
0.14838
0.148461
0.148543
0.148625
0.148707
0.14879
0.148872
0.148955
0.149038
0.149122
0.149205
0.149289
0.149373
0.149457
0.149541
0.149626
0.14971
0.149795
0.149881
0.149966
0.150051
0.150137
0.150223
0.15031
0.150396
0.150483
0.15057
0.150657
0.150744
0.150831
0.150919
0.151007
0.151095
0.151184
0.151272
0.151361
0.15145
0.15154
0.151629
0.151719
0.151809
0.151899
0.151989
0.15208
0.152171
0.152262
0.152353
0.152445
0.152536
0.152628
0.15272
0.152813
0.152906
0.152998
0.153091
0.153185
0.153278
0.153372
0.153466
0.153561
0.153655
0.15375
0.153845
0.15394
0.154035
0.154131
0.154227
0.154323
0.154419
0.154516
0.154613
0.15471
0.154807
0.154905
0.155003
0.155101
0.155199
0.155298
0.155396
0.155496
0.155595
0.155694
0.155794
0.155894
0.155994
0.156095
0.156196
0.156297
0.156398
0.156499
0.156601
0.156703
0.156805
0.156908
0.157011
0.157114
0.157217
0.157321
0.157424
0.157528
0.157633
0.157737
0.157842
0.157947
0.158052
0.158158
0.158264
0.15837
0.158476
0.158583
0.15869
0.158797
0.158905
0.159012
0.15912
0.159228
0.159337
0.159446
0.159555
0.159664
0.159774
0.159883
0.159994
0.160104
0.160215
0.160326
0.160437
0.160548
0.16066
0.160772
0.160884
0.160997
0.16111
0.161223
0.161336
0.16145
0.161564
0.161679
0.161793
0.161908
0.162023
0.162138
0.162254
0.16237
0.162486
0.162603
0.16272
0.162837
0.162955
0.163072
0.16319
0.163309
0.163427
0.163546
0.163665
0.163785
0.163905
0.164025
0.164145
0.164266
0.164387
0.164508
0.16463
0.164752
0.164874
0.164997
0.165119
0.165242
0.165366
0.16549
0.165614
0.165738
0.165863
0.165988
0.166113
0.166239
0.166365
0.166491
0.166618
0.166744
0.166872
0.166999
0.167127
0.167255
0.167384
0.167512
0.167642
0.167771
0.167901
0.168031
0.168161
0.168292
0.168423
0.168555
0.168686
0.168819
0.168951
0.169084
0.169217
0.16935
0.169484
0.169618
0.169753
0.169887
0.170023
0.170158
0.170294
0.17043
0.170566
0.170703
0.170841
0.170978
0.171116
0.171254
0.171393
0.171532
0.171671
0.171811
0.171951
0.172091
0.172232
0.172373
0.172514
0.172656
0.172798
0.172941
0.173084
0.173227
0.173371
0.173515
0.173659
0.173804
0.173949
0.174094
0.17424
0.174386
0.174533
0.17468
0.174827
0.174975
0.175123
0.175272
0.175421
0.17557
0.175719
0.175869
0.17602
0.176171
0.176322
0.176473
0.176625
0.176778
0.176931
0.177084
0.177237
0.177391
0.177546
0.1777
0.177856
0.178011
0.178167
0.178323
0.17848
0.178637
0.178795
0.178953
0.179111
0.17927
0.17943
0.179589
0.179749
0.17991
0.180071
0.180232
0.180394
0.180556
0.180719
0.180882
0.181045
0.181209
0.181373
0.181538
0.181703
0.181869
0.182035
0.182202
0.182369
0.182536
0.182704
0.182872
0.183041
0.18321
0.18338
0.18355
0.18372
0.183891
0.184063
0.184235
0.184407
0.18458
0.184753
0.184927
0.185101
0.185276
0.185451
0.185626
0.185802
0.185979
0.186156
0.186333
0.186511
0.18669
0.186869
0.187048
0.187228
0.187408
0.187589
0.187771
0.187952
0.188135
0.188318
0.188501
0.188685
0.188869
0.189054
0.189239
0.189425
0.189611
0.189798
0.189985
0.190173
0.190362
0.190551
0.19074
0.19093
0.19112
0.191311
0.191503
0.191695
0.191887
0.19208
0.192274
0.192468
0.192663
0.192858
0.193054
0.19325
0.193447
0.193644
0.193842
0.19404
0.194239
0.194439
0.194639
0.19484
0.195041
0.195243
0.195445
0.195648
0.195851
0.196055
0.19626
0.196465
0.196671
0.196877
0.197084
0.197291
0.1975
0.197708
0.197917
0.198127
0.198338
0.198549
0.19876
0.198972
0.199185
0.199399
0.199613
0.199827
0.200043
0.200258
0.200475
0.200692
0.20091
0.201128
0.201347
0.201566
0.201787
0.202007
0.202229
0.202451
0.202674
0.202897
0.203121
0.203346
0.203571
0.203797
0.204023
0.204251
0.204479
0.204707
0.204936
0.205166
0.205397
0.205628
0.20586
0.206092
0.206326
0.20656
0.206794
0.20703
0.207265
0.207502
0.20774
0.207978
0.208216
0.208456
0.208696
0.208937
0.209178
0.209421
0.209664
0.209907
0.210152
0.210397
0.210643
0.21089
0.211137
0.211385
0.211634
0.211884
0.212134
0.212385
0.212637
0.212889
0.213143
0.213397
0.213652
0.213907
0.214164
0.214421
0.214679
0.214937
0.215197
0.215457
0.215718
0.21598
0.216243
0.216506
0.216771
0.217036
0.217302
0.217568
0.217836
0.218104
0.218373
0.218643
0.218914
0.219186
0.219458
0.219731
0.220005
0.22028
0.220556
0.220833
0.221111
0.221389
0.221668
0.221948
0.222229
0.222511
0.222794
0.223078
0.223362
0.223648
0.223934
0.224221
0.224509
0.224798
0.225088
0.225379
0.225671
0.225963
0.226257
0.226552
0.226847
0.227143
0.227441
0.227739
0.228038
0.228339
0.22864
0.228942
0.229245
0.229549
0.229854
0.23016
0.230467
0.230775
0.231084
0.231394
0.231705
0.232017
0.23233
0.232644
0.232959
0.233275
0.233592
0.23391
0.234229
0.234549
0.234871
0.235193
0.235516
0.235841
0.236166
0.236493
0.23682
0.237149
0.237479
0.23781
0.238142
0.238475
0.238809
0.239144
0.23948
0.239818
0.240157
0.240496
0.240837
0.241179
0.241523
0.241867
0.242213
0.242559
0.242907
0.243256
0.243606
0.243958
0.24431
0.244664
0.245019
0.245375
0.245733
0.246091
0.246451
0.246812
0.247175
0.247538
0.247903
0.248269
0.248637
0.249005
0.249375
0.249746
0.250119
0.250493
0.250868
0.251244
0.251622
0.252001
0.252381
0.252763
0.253146
0.25353
0.253916
0.254303
0.254691
0.255081
0.255472
0.255865
0.256259
0.256654
0.257051
0.257449
0.257848
0.258249
0.258652
0.259056
0.259461
0.259868
0.260276
0.260686
0.261097
0.26151
0.261924
0.26234
0.262757
0.263176
0.263596
0.264018
0.264441
0.264866
0.265292
0.26572
0.26615
0.266581
0.267014
0.267448
0.267884
0.268322
0.268761
0.269202
0.269644
0.270088
0.270534
0.270982
0.271431
0.271881
0.272334
0.272788
0.273244
0.273702
0.274161
0.274622
0.275085
0.27555
0.276016
0.276484
0.276954
0.277426
0.277899
0.278375
0.278852
0.279331
0.279812
0.280295
0.280779
0.281266
0.281754
0.282244
0.282737
0.283231
0.283727
0.284225
0.284725
0.285226
0.28573
0.286236
0.286744
0.287254
0.287766
0.28828
0.288795
0.289313
0.289833
0.290356
0.29088
0.291406
0.291935
0.292465
0.292998
0.293533
0.29407
0.294609
0.29515
0.295694
0.29624
0.296788
0.297338
0.29789
0.298445
0.299002
0.299561
0.300123
0.300687
0.301253
0.301822
0.302393
0.302966
0.303542
0.30412
0.304701
0.305284
0.305869
0.306457
0.307047
0.30764
0.308236
0.308834
0.309434
0.310037
0.310643
0.311251
0.311862
0.312475
0.313091
0.31371
0.314331
0.314955
0.315582
0.316211
0.316843
0.317478
0.318116
0.318756
0.319399
0.320045
0.320694
0.321346
0.322001
0.322658
0.323318
0.323982
0.324648
0.325317
0.32599
0.326665
0.327343
0.328024
0.328709
0.329396
0.330087
0.33078
0.331477
0.332177
0.33288
0.333587
0.334296
0.335009
0.335725
0.336445
0.337167
0.337893
0.338623
0.339356
0.340092
0.340831
0.341574
0.342321
0.343071
0.343825
0.344582
0.345342
0.346106
0.346874
0.347646
0.348421
0.3492
0.349982
0.350769
0.351559
0.352353
0.35315
0.352368
0.351586
0.350805
0.350024
0.349244
0.348465
0.347687
0.34691
0.346134
0.345359
0.344586
0.343813
0.343042
0.342272
0.341503
0.340736
0.33997
0.339205
0.338442
0.337681
0.336921
0.336163
0.335406
0.334651
0.333898
0.333147
0.332397
0.33165
0.330904
0.33016
0.329418
0.328678
0.32794
0.327204
0.32647
0.325738
0.325008
0.32428
0.323554
0.32283
0.322109
0.32139
0.320673
0.319958
0.319245
0.318535
0.317826
0.317121
0.316417
0.315716
0.315017
0.31432
0.313626
0.312934
0.312244
0.311557
0.310872
0.310189
0.309509
0.308831
0.308156
0.307483
0.306813
0.306144
0.305479
0.304816
0.304155
0.303496
0.30284
0.302187
0.301536
0.300887
0.300241
0.299597
0.298956
0.298317
0.297681
0.297047
0.296416
0.295787
0.29516
0.294536
0.293915
0.293296
0.292679
0.292065
0.291453
0.290843
0.290236
0.289632
0.28903
0.28843
0.287833
0.287238
0.286646
0.286055
0.285468
0.284883
0.2843
0.283719
0.283141
0.282566
0.281992
0.281422
0.280853
0.280287
0.279723
0.279161
0.278602
0.278045
0.277491
0.276939
0.276389
0.275841
0.275296
0.274753
0.274212
0.273673
0.273137
0.272603
0.272072
0.271542
0.271015
0.27049
0.269967
0.269447
0.268928
0.268412
0.267898
0.267386
0.266877
0.266369
0.265864
0.265361
0.26486
0.264361
0.263864
0.263369
0.262877
0.262386
0.261898
0.261411
0.260927
0.260445
0.259965
0.259487
0.259011
0.258536
0.258064
0.257594
0.257126
0.25666
0.256196
0.255734
0.255274
0.254816
0.254359
0.253905
0.253453
0.253002
0.252554
0.252107
0.251662
0.251219
0.250778
0.250339
0.249902
0.249466
0.249033
0.248601
0.248171
0.247743
0.247316
0.246892
0.246469
0.246048
0.245629
0.245211
0.244796
0.244382
0.243969
0.243559
0.24315
0.242743
0.242338
0.241934
0.241532
0.241132
0.240733
0.240336
0.23994
0.239547
0.239155
0.238764
0.238375
0.237988
0.237602
0.237218
0.236836
0.236455
0.236076
0.235698
0.235322
0.234947
0.234574
0.234202
0.233832
0.233464
0.233097
0.232731
0.232367
0.232004
0.231643
0.231284
0.230925
0.230569
0.230213
0.22986
0.229507
0.229156
0.228807
0.228458
0.228112
0.227766
0.227422
0.22708
0.226739
0.226399
0.22606
0.225723
0.225387
0.225053
0.22472
0.224388
0.224057
0.223728
0.2234
0.223074
0.222749
0.222425
0.222102
0.22178
0.22146
0.221141
0.220824
0.220507
0.220192
0.219878
0.219566
0.219254
0.218944
0.218635
0.218327
0.21802
0.217715
0.21741
0.217107
0.216805
0.216505
0.216205
0.215906
0.215609
0.215313
0.215018
0.214724
0.214431
0.21414
0.213849
0.21356
0.213271
0.212984
0.212698
0.212413
0.212129
0.211846
0.211564
0.211284
0.211004
0.210725
0.210448
0.210171
0.209896
0.209621
0.209348
0.209075
0.208804
0.208533
0.208264
0.207996
0.207728
0.207462
0.207196
0.206932
0.206669
0.206406
0.206145
0.205884
0.205625
0.205366
0.205108
0.204852
0.204596
0.204341
0.204087
0.203834
0.203582
0.203331
0.203081
0.202831
0.202583
0.202336
0.202089
0.201843
0.201598
0.201354
0.201111
0.200869
0.200628
0.200388
0.200148
0.199909
0.199671
0.199434
0.199198
0.198963
0.198728
0.198495
0.198262
0.19803
0.197799
0.197568
0.197339
0.19711
0.196882
0.196655
0.196429
0.196203
0.195979
0.195755
0.195532
0.195309
0.195088
0.194867
0.194647
0.194428
0.194209
0.193992
0.193775
0.193558
0.193343
0.193128
0.192914
0.192701
0.192489
0.192277
0.192066
0.191856
0.191646
0.191437
0.191229
0.191022
0.190815
0.190609
0.190404
0.190199
0.189995
0.189792
0.189589
0.189388
0.189187
0.188986
0.188786
0.188587
0.188389
0.188191
0.187994
0.187798
0.187602
0.187407
0.187212
0.187019
0.186826
0.186633
0.186441
0.18625
0.18606
0.18587
0.185681
0.185492
0.185304
0.185117
0.18493
0.184744
0.184558
0.184373
0.184189
0.184005
0.183822
0.18364
0.183458
0.183277
0.183096
0.182916
0.182737
0.182558
0.18238
0.182202
0.182025
0.181849
0.181673
0.181497
0.181323
0.181148
0.180975
0.180802
0.180629
0.180457
0.180286
0.180115
0.179945
0.179775
0.179606
0.179437
0.179269
0.179102
0.178935
0.178768
0.178603
0.178437
0.178272
0.178108
0.177944
0.177781
0.177618
0.177456
0.177295
0.177134
0.176973
0.176813
0.176653
0.176494
0.176336
0.176178
0.17602
0.175863
0.175706
0.17555
0.175395
0.17524
0.175085
0.174931
0.174778
0.174625
0.174472
0.17432
0.174168
0.174017
0.173867
0.173716
0.173567
0.173417
0.173269
0.17312
0.172973
0.172825
0.172678
0.172532
0.172386
0.172241
0.172096
0.171951
0.171807
0.171663
0.17152
0.171377
0.171235
0.171093
0.170952
0.170811
0.17067
0.17053
0.17039
0.170251
0.170112
0.169974
0.169836
0.169699
0.169561
0.169425
0.169289
0.169153
0.169018
0.168883
0.168748
0.168614
0.16848
0.168347
0.168214
0.168082
0.16795
0.167818
0.167687
0.167556
0.167426
0.167296
0.167166
0.167037
0.166908
0.16678
0.166652
0.166524
0.166397
0.16627
0.166144
0.166018
0.165892
0.165767
0.165642
0.165518
0.165394
0.16527
0.165147
0.165024
0.164901
0.164779
0.164657
0.164536
0.164415
0.164294
0.164174
0.164054
0.163935
0.163815
0.163697
0.163578
0.16346
0.163342
0.163225
0.163108
0.162991
0.162875
0.162759
0.162643
0.162528
0.162413
0.162299
0.162185
0.162071
0.161957
0.161844
0.161732
0.161619
0.161507
0.161395
0.161284
0.161173
0.161062
0.160952
0.160842
0.160732
0.160623
0.160514
0.160405
0.160297
0.160189
0.160081
0.159974
0.159867
0.15976
0.159654
0.159548
0.159442
0.159337
0.159232
0.159127
0.159022
0.158918
0.158814
0.158711
0.158608
0.158505
0.158403
0.1583
0.158198
0.158097
0.157996
0.157895
0.157794
0.157694
0.157594
0.157494
0.157395
0.157295
0.157197
0.157098
0.157
0.156902
0.156805
0.156707
0.15661
0.156514
0.156417
0.156321
0.156225
0.15613
0.156035
0.15594
0.155845
0.155751
0.155657
0.155563
0.155469
0.155376
0.155283
0.155191
0.155098
0.155006
0.154915
0.154823
0.154732
0.154641
0.15455
0.15446
0.15437
0.15428
0.154191
0.154101
0.154013
0.153924
0.153835
0.153747
0.153659
0.153572
0.153485
0.153398
0.153311
0.153224
0.153138
0.153052
0.152966
0.152881
0.152796
0.152711
0.152626
0.152542
0.152458
0.152374
0.15229
0.152207
0.152124
0.152041
0.151959
0.151876
0.151794
0.151713
0.151631
0.15155
0.151469
0.151388
0.151308
0.151227
0.151147
0.151068
0.150988
0.150909
0.15083
0.150751
0.150673
0.150594
0.150516
0.150439
0.150361
0.150284
0.150207
0.15013
0.150054
0.149977
0.149901
0.149826
0.14975
0.149675
0.1496
0.149525
0.14945
0.149376
0.149302
0.149228
0.149154
0.149081
0.149008
0.148935
0.148862
0.14879
0.148717
0.148645
0.148573
0.148502
0.148431
0.14836
0.148289
0.148218
0.148148
0.148077
0.148008
0.147938
0.147868
0.147799
0.14773
0.147661
0.147593
0.147524
0.147456
0.147388
0.147321
0.147253
0.147186
0.147119
0.147052
0.146985
0.146919
0.146853
0.146787
0.146721
0.146656
0.14659
0.146525
0.14646
0.146396
0.146331
0.146267
0.146203
0.146139
0.146076
0.146012
0.145949
0.145886
0.145824
0.145761
0.145699
0.145637
0.145575
0.145513
0.145452
0.14539
0.145329
0.145269
0.145208
0.145147
0.145087
0.145027
0.144967
0.144908
0.144848
0.144789
0.14473
0.144671
0.144613
0.144554
0.144496
0.144438
0.14438
0.144323
0.144265
0.144208
0.144151
0.144094
0.144038
0.143981
0.143925
0.143869
0.143813
0.143758
0.143702
0.143647
0.143592
0.143537
0.143482
0.143428
0.143374
0.14332
0.143266
0.143212
0.143159
0.143105
0.143052
0.142999
0.142947
0.142894
0.142842
0.142789
0.142737
0.142686
0.142634
0.142583
0.142531
0.14248
0.14243
0.142379
0.142328
0.142278
0.142228
0.142178
0.142128
0.142079
0.142029
0.14198
0.141931
0.141882
0.141834
0.141785
0.141737
0.141689
0.141641
0.141593
0.141546
0.141498
0.141451
0.141404
0.141357
0.14131
0.141264
0.141218
0.141172
0.141126
0.14108
0.141034
0.140989
0.140944
0.140898
0.140854
0.140809
0.140764
0.14072
0.140676
0.140632
0.140588
0.140544
0.140501
0.140457
0.140414
0.140371
0.140328
0.140286
0.140243
0.140201
0.140159
0.140117
0.140075
0.140033
0.139992
0.139951
0.139909
0.139869
0.139828
0.139787
0.139747
0.139706
0.139666
0.139626
0.139587
0.139547
0.139507
0.139468
0.139429
0.13939
0.139351
0.139313
0.139274
0.139236
0.139198
0.13916
0.139122
0.139084
0.139047
0.13901
0.138972
0.138936
0.138899
0.138862
0.138826
0.138789
0.138753
0.138717
0.138681
0.138645
0.13861
0.138574
0.138539
0.138504
0.138469
0.138435
0.1384
0.138366
0.138331
0.138297
0.138263
0.138229
0.138196
0.138162
0.138129
0.138096
0.138063
0.13803
0.137997
0.137965
0.137932
0.1379
0.137868
0.137836
0.137804
0.137773
0.137741
0.13771
0.137679
0.137648
0.137617
0.137586
0.137556
0.137525
0.137495
0.137465
0.137435
0.137405
0.137376
0.137346
0.137317
0.137288
0.137259
0.13723
0.137201
0.137172
0.137144
0.137116
0.137088
0.13706
0.137032
0.137004
0.136977
0.136949
0.136922
0.136895
0.136868
0.136841
0.136815
0.136788
0.136762
0.136735
0.136709
0.136684
0.136658
0.136632
0.136607
0.136581
0.136556
0.136531
0.136506
0.136482
0.136457
0.136433
0.136408
0.136384
0.13636
0.136336
0.136313
0.136289
0.136265
0.136242
0.136219
0.136196
0.136173
0.13615
0.136128
0.136105
0.136083
0.136061
0.136039
0.136017
0.135995
0.135974
0.135952
0.135931
0.13591
0.135889
0.135868
0.135847
0.135827
0.135806
0.135786
0.135766
0.135746
0.135726
0.135706
0.135687
0.135667
0.135648
0.135629
0.13561
0.135591
0.135572
0.135553
0.135535
0.135517
0.135498
0.13548
0.135462
0.135445
0.135427
0.135409
0.135392
0.135375
0.135358
0.135341
0.135324
0.135307
0.135291
0.135274
0.135258
0.135242
0.135226
0.13521
0.135194
0.135179
0.135163
0.135148
0.135133
0.135117
0.135103
0.135088
0.135073
0.135059
0.135044
0.13503
0.135016
0.135002
0.134988
0.134974
0.134961
0.134947
0.134934
0.134921
0.134908
0.134895
0.134882
0.13487
0.134857
0.134845
0.134832
0.13482
0.134808
0.134797
0.134785
0.134773
0.134762
0.134751
0.134739
0.134728
0.134717
0.134707
0.134696
0.134686
0.134675
0.134665
0.134655
0.134645
0.134635
0.134625
0.134616
0.134606
0.134597
0.134588
0.134579
0.13457
0.134561
0.134552
0.134544
0.134535
0.134527
0.134519
0.134511
0.134503
0.134495
0.134488
0.13448
0.134473
0.134466
0.134459
0.134452
0.134445
0.134438
0.134432
0.134425
0.134419
0.134413
0.134407
0.134401
0.134395
0.134389
0.134384
0.134378
0.134373
0.134368
0.134363
0.134358
0.134353
0.134349
0.134344
0.13434
0.134335
0.134331
0.134327
0.134324
0.13432
0.134316
0.134313
0.134309
0.134306
0.134303
0.1343
0.134297
0.134295
0.134292
0.13429
0.134287
0.134285
0.134283
0.134281
0.134279
0.134278
0.134276
0.134275
0.134273
0.134272
0.134271
0.13427
0.134269
0.134269
0.134268
0.134268
0.134268
0.134267
0.134267
0.134268
0.134268
0.134268
0.134269
0.134269
0.13427
0.134271
0.134272
0.134273
0.134274
0.134276
0.134277
0.134279
0.134281
0.134282
0.134284
0.134287
0.134289
0.134291
0.134294
0.134296
0.134299
0.134302
0.134305
0.134308
0.134312
0.134315
0.134318
0.134322
0.134326
0.13433
0.134334
0.134338
0.134342
0.134347
0.134351
0.134356
0.134361
0.134366
0.134371
0.134376
0.134381
0.134387
0.134392
0.134398
0.134404
0.13441
0.134416
0.134422
0.134428
0.134435
0.134441
0.134448
0.134455
0.134462
0.134469
0.134476
0.134483
0.134491
0.134498
0.134506
0.134514
0.134522
0.13453
0.134538
0.134546
0.134555
0.134563
0.134572
0.134581
0.13459
0.134599
0.134608
0.134618
0.134627
0.134637
0.134646
0.134656
0.134666
0.134676
0.134687
0.134697
0.134707
0.134718
0.134729
0.13474
0.134751
0.134762
0.134773
0.134784
0.134796
0.134807
0.134819
0.134831
0.134843
0.134855
0.134867
0.13488
0.134892
0.134905
0.134918
0.134931
0.134944
0.134957
0.13497
0.134983
0.134997
0.135011
0.135024
0.135038
0.135052
0.135067
0.135081
0.135095
0.13511
0.135124
0.135139
0.135154
0.135169
0.135184
0.1352
0.135215
0.135231
0.135246
0.135262
0.135278
0.135294
0.13531
0.135327
0.135343
0.13536
0.135376
0.135393
0.13541
0.135427
0.135445
0.135462
0.135479
0.135497
0.135515
0.135533
0.135551
0.135569
0.135587
0.135605
0.135624
0.135642
0.135661
0.13568
0.135699
0.135718
0.135737
0.135757
0.135776
0.135796
0.135816
0.135836
0.135856
0.135876
0.135896
0.135917
0.135937
0.135958
0.135979
0.136
0.136021
0.136042
0.136063
0.136085
0.136107
0.136128
0.13615
0.136172
0.136194
0.136217
0.136239
0.136261
0.136284
0.136307
0.13633
0.136353
0.136376
0.136399
0.136423
0.136446
0.13647
0.136494
0.136518
0.136542
0.136566
0.13659
0.136615
0.136639
0.136664
0.136689
0.136714
0.136739
0.136765
0.13679
0.136815
0.136841
0.136867
0.136893
0.136919
0.136945
0.136972
0.136998
0.137025
0.137051
0.137078
0.137105
0.137132
0.13716
0.137187
0.137215
0.137242
0.13727
0.137298
0.137326
0.137354
0.137383
0.137411
0.13744
0.137468
0.137497
0.137526
0.137555
0.137585
0.137614
0.137644
0.137673
0.137703
0.137733
0.137763
0.137793
0.137824
0.137854
0.137885
0.137916
0.137947
0.137978
0.138009
0.13804
0.138072
0.138103
0.138135
0.138167
0.138199
0.138231
0.138263
0.138296
0.138328
0.138361
0.138394
0.138427
0.13846
0.138493
0.138526
0.13856
0.138594
0.138627
0.138661
0.138696
0.13873
0.138764
0.138799
0.138833
0.138868
0.138903
0.138938
0.138973
0.139009
0.139044
0.13908
0.139115
0.139151
0.139187
0.139224
0.13926
0.139296
0.139333
0.13937
0.139407
0.139444
0.139481
0.139518
0.139556
0.139593
0.139631
0.139669
0.139707
0.139745
0.139783
0.139822
0.13986
0.139899
0.139938
0.139977
0.140016
0.140056
0.140095
0.140135
0.140175
0.140214
0.140254
0.140295
0.140335
0.140376
0.140416
0.140457
0.140498
0.140539
0.14058
0.140622
0.140663
0.140705
0.140747
0.140789
0.140831
0.140873
0.140915
0.140958
0.141001
0.141043
0.141086
0.14113
0.141173
0.141216
0.14126
0.141304
0.141348
0.141392
0.141436
0.14148
0.141525
0.141569
0.141614
0.141659
0.141704
0.141749
0.141795
0.14184
0.141886
0.141932
0.141978
0.142024
0.14207
0.142117
0.142164
0.14221
0.142257
0.142304
0.142352
0.142399
0.142447
0.142494
0.142542
0.14259
0.142638
0.142687
0.142735
0.142784
0.142833
0.142882
0.142931
0.14298
0.143029
0.143079
0.143129
0.143179
0.143229
0.143279
0.143329
0.14338
0.14343
0.143481
0.143532
0.143583
0.143635
0.143686
0.143738
0.14379
0.143842
0.143894
0.143946
0.143999
0.144051
0.144104
0.144157
0.14421
0.144263
0.144317
0.14437
0.144424
0.144478
0.144532
0.144586
0.144641
0.144695
0.14475
0.144805
0.14486
0.144915
0.144971
0.145026
0.145082
0.145138
0.145194
0.14525
0.145307
0.145363
0.14542
0.145477
0.145534
0.145591
0.145649
0.145706
0.145764
0.145822
0.14588
0.145938
0.145997
0.146055
0.146114
0.146173
0.146232
0.146292
0.146351
0.146411
0.146471
0.146531
0.146591
0.146651
0.146712
0.146772
0.146833
0.146894
0.146955
0.147017
0.147078
0.14714
0.147202
0.147264
0.147326
0.147389
0.147451
0.147514
0.147577
0.14764
0.147704
0.147767
0.147831
0.147895
0.147959
0.148023
0.148088
0.148152
0.148217
0.148282
0.148347
0.148412
0.148478
0.148544
0.14861
0.148676
0.148742
0.148808
0.148875
0.148942
0.149009
0.149076
0.149143
0.149211
0.149279
0.149347
0.149415
0.149483
0.149551
0.14962
0.149689
0.149758
0.149827
0.149897
0.149966
0.150036
0.150106
0.150176
0.150247
0.150317
0.150388
0.150459
0.15053
0.150602
0.150673
0.150745
0.150817
0.150889
0.150961
0.151034
0.151107
0.15118
0.151253
0.151326
0.151399
0.151473
0.151547
0.151621
0.151696
0.15177
0.151845
0.15192
0.151995
0.15207
0.152146
0.152221
0.152297
0.152373
0.15245
0.152526
0.152603
0.15268
0.152757
0.152834
0.152912
0.15299
0.153068
0.153146
0.153224
0.153303
0.153382
0.153461
0.15354
0.153619
0.153699
0.153779
0.153859
0.153939
0.15402
0.1541
0.154181
0.154262
0.154344
0.154425
0.154507
0.154589
0.154671
0.154753
0.154836
0.154919
0.155002
0.155085
0.155169
0.155252
0.155336
0.155421
0.155505
0.15559
0.155674
0.155759
0.155845
0.15593
0.156016
0.156102
0.156188
0.156274
0.156361
0.156448
0.156535
0.156622
0.15671
0.156797
0.156885
0.156973
0.157062
0.157151
0.157239
0.157329
0.157418
0.157507
0.157597
0.157687
0.157778
0.157868
0.157959
0.15805
0.158141
0.158232
0.158324
0.158416
0.158508
0.158601
0.158693
0.158786
0.158879
0.158973
0.159066
0.15916
0.159254
0.159348
0.159443
0.159538
0.159633
0.159728
0.159824
0.159919
0.160015
0.160112
0.160208
0.160305
0.160402
0.160499
0.160597
0.160695
0.160793
0.160891
0.160989
0.161088
0.161187
0.161287
0.161386
0.161486
0.161586
0.161686
0.161787
0.161888
0.161989
0.16209
0.162192
0.162294
0.162396
0.162498
0.162601
0.162704
0.162807
0.16291
0.163014
0.163118
0.163222
0.163327
0.163431
0.163536
0.163642
0.163747
0.163853
0.163959
0.164066
0.164172
0.164279
0.164387
0.164494
0.164602
0.16471
0.164818
0.164927
0.165036
0.165145
0.165254
0.165364
0.165474
0.165584
0.165695
0.165806
0.165917
0.166028
0.16614
0.166252
0.166364
0.166477
0.166589
0.166703
0.166816
0.16693
0.167044
0.167158
0.167273
0.167387
0.167503
0.167618
0.167734
0.16785
0.167966
0.168083
0.1682
0.168317
0.168435
0.168552
0.168671
0.168789
0.168908
0.169027
0.169146
0.169266
0.169386
0.169506
0.169627
0.169748
0.169869
0.169991
0.170112
0.170235
0.170357
0.17048
0.170603
0.170726
0.17085
0.170974
0.171098
0.171223
0.171348
0.171474
0.171599
0.171725
0.171851
0.171978
0.172105
0.172232
0.17236
0.172488
0.172616
0.172745
0.172874
0.173003
0.173133
0.173263
0.173393
0.173523
0.173654
0.173786
0.173917
0.174049
0.174182
0.174314
0.174447
0.174581
0.174714
0.174848
0.174983
0.175117
0.175252
0.175388
0.175524
0.17566
0.175796
0.175933
0.17607
0.176208
0.176346
0.176484
0.176623
0.176762
0.176901
0.177041
0.177181
0.177321
0.177462
0.177603
0.177745
0.177886
0.178029
0.178171
0.178314
0.178458
0.178602
0.178746
0.17889
0.179035
0.17918
0.179326
0.179472
0.179619
0.179765
0.179913
0.18006
0.180208
0.180356
0.180505
0.180654
0.180804
0.180954
0.181104
0.181255
0.181406
0.181557
0.181709
0.181862
0.182014
0.182167
0.182321
0.182475
0.182629
0.182784
0.182939
0.183095
0.183251
0.183407
0.183564
0.183721
0.183879
0.184037
0.184195
0.184354
0.184513
0.184673
0.184833
0.184994
0.185155
0.185316
0.185478
0.185641
0.185803
0.185967
0.18613
0.186294
0.186459
0.186624
0.186789
0.186955
0.187121
0.187288
0.187455
0.187623
0.187791
0.187959
0.188128
0.188298
0.188467
0.188638
0.188809
0.18898
0.189152
0.189324
0.189496
0.189669
0.189843
0.190017
0.190192
0.190367
0.190542
0.190718
0.190895
0.191071
0.191249
0.191427
0.191605
0.191784
0.191963
0.192143
0.192323
0.192504
0.192686
0.192867
0.19305
0.193232
0.193416
0.193599
0.193784
0.193969
0.194154
0.19434
0.194526
0.194713
0.1949
0.195088
0.195277
0.195466
0.195655
0.195845
0.196035
0.196227
0.196418
0.19661
0.196803
0.196996
0.19719
0.197384
0.197579
0.197774
0.19797
0.198166
0.198363
0.198561
0.198759
0.198957
0.199157
0.199356
0.199557
0.199757
0.199959
0.200161
0.200363
0.200567
0.20077
0.200975
0.201179
0.201385
0.201591
0.201797
0.202005
0.202212
0.202421
0.20263
0.202839
0.203049
0.20326
0.203471
0.203683
0.203896
0.204109
0.204323
0.204537
0.204752
0.204968
0.205184
0.205401
0.205618
0.205836
0.206055
0.206275
0.206495
0.206715
0.206936
0.207158
0.207381
0.207604
0.207828
0.208052
0.208277
0.208503
0.20873
0.208957
0.209184
0.209413
0.209642
0.209872
0.210102
0.210333
0.210565
0.210798
0.211031
0.211264
0.211499
0.211734
0.21197
0.212207
0.212444
0.212682
0.212921
0.21316
0.2134
0.213641
0.213883
0.214125
0.214368
0.214611
0.214856
0.215101
0.215347
0.215594
0.215841
0.216089
0.216338
0.216587
0.216838
0.217089
0.217341
0.217593
0.217847
0.218101
0.218356
0.218611
0.218868
0.219125
0.219383
0.219642
0.219901
0.220162
0.220423
0.220685
0.220948
0.221211
0.221475
0.221741
0.222007
0.222273
0.222541
0.222809
0.223079
0.223349
0.22362
0.223891
0.224164
0.224437
0.224712
0.224987
0.225263
0.22554
0.225817
0.226096
0.226375
0.226656
0.226937
0.227219
0.227502
0.227786
0.228071
0.228356
0.228643
0.22893
0.229218
0.229508
0.229798
0.230089
0.230381
0.230674
0.230968
0.231262
0.231558
0.231855
0.232152
0.232451
0.23275
0.233051
0.233352
0.233655
0.233958
0.234262
0.234568
0.234874
0.235181
0.23549
0.235799
0.236109
0.23642
0.236733
0.237046
0.23736
0.237676
0.237992
0.23831
0.238628
0.238947
0.239268
0.23959
0.239912
0.240236
0.240561
0.240887
0.241213
0.241541
0.241871
0.242201
0.242532
0.242864
0.243198
0.243532
0.243868
0.244205
0.244543
0.244882
0.245222
0.245564
0.245906
0.24625
0.246595
0.24694
0.247288
0.247636
0.247985
0.248336
0.248688
0.249041
0.249395
0.249751
0.250107
0.250465
0.250825
0.251185
0.251546
0.251909
0.252273
0.252639
0.253005
0.253373
0.253742
0.254113
0.254484
0.254857
0.255232
0.255607
0.255984
0.256362
0.256742
0.257123
0.257505
0.257889
0.258273
0.25866
0.259047
0.259436
0.259827
0.260218
0.260612
0.261006
0.261402
0.261799
0.262198
0.262598
0.263
0.263403
0.263807
0.264213
0.264621
0.26503
0.26544
0.265852
0.266265
0.26668
0.267096
0.267514
0.267933
0.268354
0.268777
0.269201
0.269626
0.270053
0.270482
0.270912
0.271344
0.271777
0.272212
0.272649
0.273087
0.273527
0.273968
0.274411
0.274856
0.275303
0.275751
0.2762
0.276652
0.277105
0.27756
0.278016
0.278475
0.278935
0.279397
0.27986
0.280325
0.280792
0.281261
0.281732
0.282204
0.282678
0.283155
0.283632
0.284112
0.284594
0.285077
0.285562
0.28605
0.286539
0.28703
0.287522
0.288017
0.288514
0.289013
0.289513
0.290016
0.29052
0.291027
0.291535
0.292046
0.292558
0.293073
0.29359
0.294108
0.294629
0.295152
0.295677
0.296204
0.296733
0.297264
0.297797
0.298333
0.298871
0.29941
0.299952
0.300497
0.301043
0.301592
0.302143
0.302696
0.303251
0.303809
0.304369
0.304931
0.305496
0.306063
0.306632
0.307204
0.307778
0.308354
0.308933
0.309514
0.310098
0.310684
0.311273
0.311864
0.312457
0.313053
0.313652
0.314253
0.314856
0.315463
0.316071
0.316683
0.317297
0.317913
0.318532
0.319154
0.319779
0.320406
0.321036
0.321669
0.322304
0.322943
0.323584
0.324227
0.324874
0.325523
0.326176
0.326831
0.327489
0.32815
0.328814
0.32948
0.33015
0.330823
0.331499
0.332177
0.332859
0.333544
0.334232
0.334923
0.335617
0.336314
0.337014
0.337718
0.338425
0.339135
0.339848
0.340564
0.341284
0.342007
0.342734
0.343463
0.344197
0.344933
0.345673
0.346416
0.347163
0.347913
0.348667
0.349424
0.350185
0.35095
0.351718
0.35249
0.353265
0.352501
0.351738
0.350975
0.350213
0.349453
0.348693
0.347934
0.347176
0.346419
0.345663
0.344908
0.344155
0.343402
0.342652
0.341902
0.341154
0.340407
0.339662
0.338918
0.338176
0.337436
0.336697
0.335959
0.335224
0.33449
0.333758
0.333027
0.332299
0.331572
0.330847
0.330124
0.329403
0.328684
0.327967
0.327252
0.326539
0.325827
0.325118
0.324411
0.323707
0.323004
0.322303
0.321605
0.320908
0.320214
0.319522
0.318832
0.318145
0.317459
0.316776
0.316095
0.315417
0.31474
0.314066
0.313394
0.312725
0.312058
0.311393
0.31073
0.31007
0.309412
0.308757
0.308103
0.307453
0.306804
0.306158
0.305514
0.304873
0.304234
0.303597
0.302963
0.302331
0.301701
0.301074
0.300449
0.299827
0.299206
0.298589
0.297973
0.29736
0.29675
0.296142
0.295536
0.294932
0.294331
0.293732
0.293136
0.292542
0.29195
0.291361
0.290774
0.290189
0.289607
0.289027
0.28845
0.287874
0.287301
0.286731
0.286162
0.285596
0.285033
0.284471
0.283912
0.283355
0.282801
0.282248
0.281698
0.281151
0.280605
0.280062
0.279521
0.278982
0.278446
0.277911
0.277379
0.276849
0.276322
0.275796
0.275273
0.274752
0.274233
0.273716
0.273202
0.272689
0.272179
0.271671
0.271165
0.270661
0.270159
0.269659
0.269162
0.268666
0.268173
0.267681
0.267192
0.266705
0.26622
0.265737
0.265255
0.264776
0.264299
0.263824
0.263351
0.26288
0.262411
0.261944
0.261479
0.261016
0.260554
0.260095
0.259638
0.259182
0.258729
0.258277
0.257827
0.257379
0.256933
0.256489
0.256047
0.255607
0.255168
0.254732
0.254297
0.253864
0.253432
0.253003
0.252575
0.25215
0.251726
0.251303
0.250883
0.250464
0.250047
0.249632
0.249218
0.248806
0.248396
0.247988
0.247581
0.247176
0.246773
0.246371
0.245971
0.245573
0.245176
0.244781
0.244388
0.243996
0.243606
0.243217
0.24283
0.242445
0.242061
0.241679
0.241298
0.240919
0.240541
0.240165
0.239791
0.239418
0.239047
0.238677
0.238308
0.237942
0.237576
0.237212
0.23685
0.236489
0.236129
0.235771
0.235415
0.23506
0.234706
0.234354
0.234003
0.233653
0.233305
0.232959
0.232614
0.23227
0.231927
0.231586
0.231246
0.230908
0.230571
0.230235
0.229901
0.229568
0.229236
0.228906
0.228577
0.228249
0.227922
0.227597
0.227273
0.226951
0.226629
0.226309
0.22599
0.225673
0.225357
0.225041
0.224728
0.224415
0.224104
0.223793
0.223484
0.223177
0.22287
0.222565
0.22226
0.221957
0.221655
0.221355
0.221055
0.220757
0.22046
0.220164
0.219869
0.219575
0.219282
0.218991
0.2187
0.218411
0.218123
0.217835
0.217549
0.217264
0.21698
0.216698
0.216416
0.216135
0.215856
0.215577
0.2153
0.215023
0.214748
0.214474
0.2142
0.213928
0.213657
0.213386
0.213117
0.212849
0.212582
0.212315
0.21205
0.211786
0.211522
0.21126
0.210999
0.210738
0.210479
0.210221
0.209963
0.209707
0.209451
0.209196
0.208943
0.20869
0.208438
0.208187
0.207937
0.207688
0.20744
0.207192
0.206946
0.2067
0.206456
0.206212
0.205969
0.205727
0.205486
0.205246
0.205007
0.204768
0.20453
0.204294
0.204058
0.203823
0.203588
0.203355
0.203123
0.202891
0.20266
0.20243
0.202201
0.201972
0.201745
0.201518
0.201292
0.201067
0.200842
0.200619
0.200396
0.200174
0.199952
0.199732
0.199512
0.199293
0.199075
0.198858
0.198641
0.198425
0.19821
0.197996
0.197782
0.197569
0.197357
0.197146
0.196935
0.196725
0.196516
0.196308
0.1961
0.195893
0.195687
0.195481
0.195276
0.195072
0.194869
0.194666
0.194464
0.194262
0.194062
0.193862
0.193663
0.193464
0.193266
0.193069
0.192872
0.192676
0.192481
0.192286
0.192093
0.191899
0.191707
0.191515
0.191323
0.191133
0.190943
0.190753
0.190565
0.190377
0.190189
0.190002
0.189816
0.189631
0.189446
0.189261
0.189078
0.188895
0.188712
0.18853
0.188349
0.188169
0.187989
0.187809
0.18763
0.187452
0.187274
0.187097
0.186921
0.186745
0.18657
0.186395
0.186221
0.186048
0.185875
0.185702
0.18553
0.185359
0.185189
0.185018
0.184849
0.18468
0.184511
0.184344
0.184176
0.184009
0.183843
0.183678
0.183512
0.183348
0.183184
0.18302
0.182857
0.182695
0.182533
0.182372
0.182211
0.18205
0.181891
0.181731
0.181573
0.181414
0.181257
0.181099
0.180943
0.180786
0.180631
0.180476
0.180321
0.180167
0.180013
0.17986
0.179707
0.179555
0.179403
0.179252
0.179101
0.178951
0.178801
0.178652
0.178503
0.178355
0.178207
0.17806
0.177913
0.177767
0.177621
0.177475
0.17733
0.177186
0.177042
0.176898
0.176755
0.176612
0.17647
0.176328
0.176187
0.176046
0.175906
0.175766
0.175626
0.175487
0.175349
0.175211
0.175073
0.174936
0.174799
0.174662
0.174526
0.174391
0.174256
0.174121
0.173987
0.173853
0.17372
0.173587
0.173454
0.173322
0.17319
0.173059
0.172928
0.172798
0.172668
0.172538
0.172409
0.17228
0.172151
0.172024
0.171896
0.171769
0.171642
0.171516
0.17139
0.171264
0.171139
0.171014
0.17089
0.170766
0.170642
0.170519
0.170396
0.170274
0.170152
0.17003
0.169909
0.169788
0.169667
0.169547
0.169428
0.169308
0.169189
0.169071
0.168952
0.168835
0.168717
0.1686
0.168483
0.168367
0.168251
0.168135
0.16802
0.167905
0.167791
0.167676
0.167563
0.167449
0.167336
0.167223
0.167111
0.166999
0.166887
0.166776
0.166665
0.166554
0.166444
0.166334
0.166225
0.166115
0.166007
0.165898
0.16579
0.165682
0.165574
0.165467
0.16536
0.165254
0.165148
0.165042
0.164937
0.164831
0.164727
0.164622
0.164518
0.164414
0.164311
0.164207
0.164105
0.164002
0.1639
0.163798
0.163697
0.163595
0.163494
0.163394
0.163294
0.163194
0.163094
0.162995
0.162896
0.162797
0.162699
0.162601
0.162503
0.162406
0.162308
0.162212
0.162115
0.162019
0.161923
0.161828
0.161732
0.161637
0.161543
0.161448
0.161354
0.161261
0.161167
0.161074
0.160981
0.160888
0.160796
0.160704
0.160613
0.160521
0.16043
0.160339
0.160249
0.160159
0.160069
0.159979
0.15989
0.159801
0.159712
0.159623
0.159535
0.159447
0.15936
0.159272
0.159185
0.159099
0.159012
0.158926
0.15884
0.158754
0.158669
0.158584
0.158499
0.158414
0.15833
0.158246
0.158162
0.158079
0.157996
0.157913
0.15783
0.157748
0.157666
0.157584
0.157502
0.157421
0.15734
0.157259
0.157179
0.157099
0.157019
0.156939
0.156859
0.15678
0.156701
0.156623
0.156544
0.156466
0.156388
0.156311
0.156233
0.156156
0.156079
0.156003
0.155926
0.15585
0.155774
0.155699
0.155623
0.155548
0.155473
0.155399
0.155325
0.15525
0.155177
0.155103
0.15503
0.154957
0.154884
0.154811
0.154739
0.154667
0.154595
0.154523
0.154452
0.154381
0.15431
0.154239
0.154169
0.154098
0.154029
0.153959
0.153889
0.15382
0.153751
0.153682
0.153614
0.153546
0.153478
0.15341
0.153342
0.153275
0.153208
0.153141
0.153074
0.153008
0.152942
0.152876
0.15281
0.152744
0.152679
0.152614
0.152549
0.152485
0.15242
0.152356
0.152292
0.152229
0.152165
0.152102
0.152039
0.151976
0.151914
0.151851
0.151789
0.151727
0.151665
0.151604
0.151543
0.151482
0.151421
0.15136
0.1513
0.15124
0.15118
0.15112
0.151061
0.151001
0.150942
0.150883
0.150825
0.150766
0.150708
0.15065
0.150592
0.150535
0.150477
0.15042
0.150363
0.150307
0.15025
0.150194
0.150138
0.150082
0.150026
0.149971
0.149915
0.14986
0.149805
0.149751
0.149696
0.149642
0.149588
0.149534
0.149481
0.149427
0.149374
0.149321
0.149268
0.149215
0.149163
0.149111
0.149059
0.149007
0.148955
0.148904
0.148853
0.148802
0.148751
0.1487
0.14865
0.1486
0.14855
0.1485
0.14845
0.148401
0.148351
0.148302
0.148254
0.148205
0.148156
0.148108
0.14806
0.148012
0.147965
0.147917
0.14787
0.147823
0.147776
0.147729
0.147682
0.147636
0.14759
0.147544
0.147498
0.147453
0.147407
0.147362
0.147317
0.147272
0.147228
0.147183
0.147139
0.147095
0.147051
0.147007
0.146964
0.14692
0.146877
0.146834
0.146791
0.146749
0.146706
0.146664
0.146622
0.14658
0.146538
0.146497
0.146456
0.146414
0.146374
0.146333
0.146292
0.146252
0.146211
0.146171
0.146132
0.146092
0.146052
0.146013
0.145974
0.145935
0.145896
0.145857
0.145819
0.145781
0.145743
0.145705
0.145667
0.145629
0.145592
0.145555
0.145518
0.145481
0.145444
0.145408
0.145371
0.145335
0.145299
0.145263
0.145228
0.145192
0.145157
0.145122
0.145087
0.145052
0.145017
0.144983
0.144948
0.144914
0.14488
0.144847
0.144813
0.14478
0.144746
0.144713
0.14468
0.144648
0.144615
0.144583
0.14455
0.144518
0.144486
0.144455
0.144423
0.144392
0.14436
0.144329
0.144298
0.144268
0.144237
0.144207
0.144177
0.144146
0.144117
0.144087
0.144057
0.144028
0.143999
0.143969
0.14394
0.143912
0.143883
0.143855
0.143826
0.143798
0.14377
0.143743
0.143715
0.143687
0.14366
0.143633
0.143606
0.143579
0.143553
0.143526
0.1435
0.143474
0.143448
0.143422
0.143396
0.143371
0.143345
0.14332
0.143295
0.14327
0.143245
0.143221
0.143196
0.143172
0.143148
0.143124
0.1431
0.143076
0.143053
0.14303
0.143007
0.142984
0.142961
0.142938
0.142915
0.142893
0.142871
0.142849
0.142827
0.142805
0.142784
0.142762
0.142741
0.14272
0.142699
0.142678
0.142657
0.142637
0.142616
0.142596
0.142576
0.142556
0.142536
0.142517
0.142497
0.142478
0.142459
0.14244
0.142421
0.142402
0.142384
0.142366
0.142347
0.142329
0.142311
0.142294
0.142276
0.142259
0.142241
0.142224
0.142207
0.14219
0.142173
0.142157
0.142141
0.142124
0.142108
0.142092
0.142076
0.142061
0.142045
0.14203
0.142015
0.142
0.141985
0.14197
0.141955
0.141941
0.141927
0.141912
0.141898
0.141885
0.141871
0.141857
0.141844
0.141831
0.141817
0.141804
0.141792
0.141779
0.141766
0.141754
0.141742
0.14173
0.141718
0.141706
0.141694
0.141683
0.141671
0.14166
0.141649
0.141638
0.141627
0.141617
0.141606
0.141596
0.141586
0.141576
0.141566
0.141556
0.141546
0.141537
0.141528
0.141518
0.141509
0.1415
0.141492
0.141483
0.141475
0.141466
0.141458
0.14145
0.141442
0.141435
0.141427
0.141419
0.141412
0.141405
0.141398
0.141391
0.141384
0.141378
0.141371
0.141365
0.141359
0.141353
0.141347
0.141341
0.141336
0.14133
0.141325
0.14132
0.141315
0.14131
0.141305
0.141301
0.141296
0.141292
0.141288
0.141284
0.14128
0.141276
0.141273
0.141269
0.141266
0.141263
0.14126
0.141257
0.141254
0.141251
0.141249
0.141247
0.141245
0.141243
0.141241
0.141239
0.141237
0.141236
0.141235
0.141233
0.141232
0.141231
0.141231
0.14123
0.14123
0.141229
0.141229
0.141229
0.141229
0.141229
0.14123
0.14123
0.141231
0.141232
0.141233
0.141234
0.141235
0.141236
0.141238
0.141239
0.141241
0.141243
0.141245
0.141247
0.14125
0.141252
0.141255
0.141258
0.14126
0.141264
0.141267
0.14127
0.141273
0.141277
0.141281
0.141285
0.141289
0.141293
0.141297
0.141302
0.141306
0.141311
0.141316
0.141321
0.141326
0.141331
0.141337
0.141342
0.141348
0.141354
0.14136
0.141366
0.141372
0.141379
0.141385
0.141392
0.141399
0.141406
0.141413
0.14142
0.141427
0.141435
0.141442
0.14145
0.141458
0.141466
0.141474
0.141483
0.141491
0.1415
0.141509
0.141518
0.141527
0.141536
0.141545
0.141555
0.141564
0.141574
0.141584
0.141594
0.141604
0.141615
0.141625
0.141636
0.141646
0.141657
0.141668
0.141679
0.141691
0.141702
0.141714
0.141725
0.141737
0.141749
0.141761
0.141774
0.141786
0.141799
0.141811
0.141824
0.141837
0.14185
0.141864
0.141877
0.14189
0.141904
0.141918
0.141932
0.141946
0.14196
0.141975
0.141989
0.142004
0.142019
0.142034
0.142049
0.142064
0.142079
0.142095
0.14211
0.142126
0.142142
0.142158
0.142174
0.142191
0.142207
0.142224
0.142241
0.142258
0.142275
0.142292
0.142309
0.142327
0.142344
0.142362
0.14238
0.142398
0.142416
0.142435
0.142453
0.142472
0.14249
0.142509
0.142528
0.142547
0.142567
0.142586
0.142606
0.142626
0.142646
0.142666
0.142686
0.142706
0.142727
0.142747
0.142768
0.142789
0.14281
0.142831
0.142852
0.142874
0.142895
0.142917
0.142939
0.142961
0.142983
0.143006
0.143028
0.143051
0.143073
0.143096
0.143119
0.143143
0.143166
0.143189
0.143213
0.143237
0.143261
0.143285
0.143309
0.143333
0.143358
0.143382
0.143407
0.143432
0.143457
0.143482
0.143508
0.143533
0.143559
0.143585
0.143611
0.143637
0.143663
0.143689
0.143716
0.143742
0.143769
0.143796
0.143823
0.143851
0.143878
0.143906
0.143933
0.143961
0.143989
0.144017
0.144046
0.144074
0.144103
0.144131
0.14416
0.144189
0.144218
0.144248
0.144277
0.144307
0.144336
0.144366
0.144396
0.144427
0.144457
0.144487
0.144518
0.144549
0.14458
0.144611
0.144642
0.144674
0.144705
0.144737
0.144769
0.144801
0.144833
0.144865
0.144898
0.14493
0.144963
0.144996
0.145029
0.145062
0.145095
0.145129
0.145163
0.145196
0.14523
0.145265
0.145299
0.145333
0.145368
0.145403
0.145437
0.145472
0.145508
0.145543
0.145578
0.145614
0.14565
0.145686
0.145722
0.145758
0.145795
0.145831
0.145868
0.145905
0.145942
0.145979
0.146016
0.146054
0.146091
0.146129
0.146167
0.146205
0.146244
0.146282
0.146321
0.146359
0.146398
0.146437
0.146476
0.146516
0.146555
0.146595
0.146635
0.146675
0.146715
0.146755
0.146796
0.146836
0.146877
0.146918
0.146959
0.147001
0.147042
0.147084
0.147125
0.147167
0.147209
0.147251
0.147294
0.147336
0.147379
0.147422
0.147465
0.147508
0.147552
0.147595
0.147639
0.147683
0.147727
0.147771
0.147815
0.14786
0.147904
0.147949
0.147994
0.148039
0.148084
0.14813
0.148175
0.148221
0.148267
0.148313
0.14836
0.148406
0.148453
0.1485
0.148546
0.148594
0.148641
0.148688
0.148736
0.148784
0.148832
0.14888
0.148928
0.148977
0.149025
0.149074
0.149123
0.149172
0.149221
0.149271
0.14932
0.14937
0.14942
0.14947
0.149521
0.149571
0.149622
0.149673
0.149724
0.149775
0.149826
0.149878
0.149929
0.149981
0.150033
0.150086
0.150138
0.15019
0.150243
0.150296
0.150349
0.150402
0.150456
0.150509
0.150563
0.150617
0.150671
0.150726
0.15078
0.150835
0.15089
0.150945
0.151
0.151055
0.151111
0.151166
0.151222
0.151278
0.151335
0.151391
0.151448
0.151505
0.151562
0.151619
0.151676
0.151734
0.151791
0.151849
0.151907
0.151965
0.152024
0.152082
0.152141
0.1522
0.152259
0.152319
0.152378
0.152438
0.152498
0.152558
0.152618
0.152679
0.152739
0.1528
0.152861
0.152922
0.152984
0.153045
0.153107
0.153169
0.153231
0.153293
0.153356
0.153419
0.153482
0.153545
0.153608
0.153671
0.153735
0.153799
0.153863
0.153927
0.153992
0.154056
0.154121
0.154186
0.154251
0.154317
0.154382
0.154448
0.154514
0.15458
0.154646
0.154713
0.15478
0.154847
0.154914
0.154981
0.155049
0.155116
0.155184
0.155253
0.155321
0.155389
0.155458
0.155527
0.155596
0.155666
0.155735
0.155805
0.155875
0.155945
0.156015
0.156086
0.156157
0.156227
0.156299
0.15637
0.156442
0.156513
0.156585
0.156658
0.15673
0.156803
0.156875
0.156948
0.157022
0.157095
0.157169
0.157242
0.157317
0.157391
0.157465
0.15754
0.157615
0.15769
0.157765
0.157841
0.157917
0.157993
0.158069
0.158145
0.158222
0.158299
0.158376
0.158453
0.15853
0.158608
0.158686
0.158764
0.158842
0.158921
0.159
0.159079
0.159158
0.159237
0.159317
0.159397
0.159477
0.159557
0.159638
0.159719
0.1598
0.159881
0.159962
0.160044
0.160126
0.160208
0.16029
0.160373
0.160456
0.160539
0.160622
0.160705
0.160789
0.160873
0.160957
0.161042
0.161126
0.161211
0.161296
0.161382
0.161467
0.161553
0.161639
