1.10715
1.10678
1.10641
1.10604
1.10566
1.10528
1.1049
1.10452
1.10413
1.10374
1.10334
1.10295
1.10255
1.10215
1.10174
1.10133
1.10092
1.10051
1.10009
1.09968
1.09925
1.09883
1.0984
1.09798
1.09754
1.09711
1.09667
1.09623
1.09579
1.09535
1.0949
1.09445
1.094
1.09355
1.09309
1.09264
1.09218
1.09171
1.09125
1.09078
1.09032
1.08985
1.08937
1.0889
1.08842
1.08794
1.08746
1.08698
1.0865
1.08601
1.08552
1.08503
1.08454
1.08405
1.08356
1.08306
1.08256
1.08206
1.08156
1.08106
1.08055
1.08005
1.07954
1.07903
1.07852
1.07801
1.0775
1.07698
1.07647
1.07595
1.07543
1.07491
1.07439
1.07387
1.07335
1.07282
1.0723
1.07177
1.07125
1.07072
1.07019
1.06966
1.06913
1.06859
1.06806
1.06753
1.06699
1.06645
1.06592
1.06538
1.06484
1.0643
1.06376
1.06322
1.06268
1.06214
1.06159
1.06105
1.0605
1.05996
1.05941
1.05886
1.05832
1.05777
1.05722
1.05667
1.05612
1.05557
1.05502
1.05447
1.05392
1.05336
1.05281
1.05226
1.0517
1.05115
1.0506
1.05004
1.04948
1.04893
1.04837
1.04782
1.04726
1.0467
1.04614
1.04559
1.04503
1.04447
1.04391
1.04335
1.04279
1.04223
1.04167
1.04111
1.04055
1.03999
1.03943
1.03887
1.03831
1.03774
1.03718
1.03662
1.03606
1.0355
1.03493
1.03437
1.03381
1.03325
1.03268
1.03212
1.03156
1.03099
1.03043
1.02987
1.0293
1.02874
1.02818
1.02761
1.02705
1.02648
1.02592
1.02536
1.02479
1.02423
1.02366
1.0231
1.02254
1.02197
1.02141
1.02084
1.02028
1.01971
1.01915
1.01859
1.01802
1.01746
1.01689
1.01633
1.01577
1.0152
1.01464
1.01407
1.01351
1.01295
1.01238
1.01182
1.01126
1.01069
1.01013
1.00956
1.009
1.00844
1.00788
1.00731
1.00675
1.00619
1.00562
1.00506
1.0045
1.00393
1.00337
1.00281
1.00225
1.00169
1.00112
1.00056
1
0.999438
0.998876
0.998315
0.997753
0.997192
0.996631
0.99607
0.995509
0.994948
0.994388
0.993827
0.993267
0.992707
0.992146
0.991587
0.991027
0.990467
0.989908
0.989348
0.988789
0.98823
0.987671
0.987112
0.986554
0.985995
0.985437
0.984879
0.984321
0.983763
0.983205
0.982648
0.98209
0.981533
0.980976
0.980419
0.979862
0.979306
0.978749
0.978193
0.977637
0.977081
0.976526
0.97597
0.975415
0.974859
0.974304
0.97375
0.973195
0.972641
0.972086
0.971532
0.970978
0.970424
0.969871
0.969317
0.968764
0.968211
0.967658
0.967106
0.966553
0.966001
0.965449
0.964897
0.964345
0.963793
0.963242
0.962691
0.96214
0.961589
0.961038
0.960488
0.959937
0.959387
0.958837
0.958288
0.957738
0.957189
0.95664
0.956091
0.955542
0.954994
0.954445
0.953897
0.953349
0.952801
0.952254
0.951706
0.951159
0.950612
0.950065
0.949519
0.948972
0.948426
0.94788
0.947334
0.946789
0.946243
0.945698
0.945153
0.944608
0.944064
0.943519
0.942975
0.942431
0.941887
0.941343
0.9408
0.940257
0.939714
0.939171
0.938628
0.938086
0.937544
0.937002
0.93646
0.935918
0.935377
0.934835
0.934294
0.933753
0.933213
0.932672
0.932132
0.931592
0.931052
0.930513
0.929973
0.929434
0.928895
0.928356
0.927818
0.927279
0.926741
0.926203
0.925665
0.925127
0.92459
0.924053
0.923516
0.922979
0.922442
0.921906
0.92137
0.920834
0.920298
0.919763
0.919227
0.918692
0.918157
0.917622
0.917088
0.916553
0.916019
0.915485
0.914951
0.914418
0.913885
0.913351
0.912819
0.912286
0.911753
0.911221
0.910689
0.910157
0.909625
0.909094
0.908562
0.908031
0.9075
0.90697
0.906439
0.905909
0.905379
0.904849
0.904319
0.90379
0.90326
0.902731
0.902202
0.901674
0.901145
0.900617
0.900089
0.899561
0.899034
0.898506
0.897979
0.897452
0.896925
0.896398
0.895872
0.895346
0.89482
0.894294
0.893768
0.893243
0.892718
0.892193
0.891668
0.891143
0.890619
0.890095
0.889571
0.889047
0.888523
0.888
0.887477
0.886954
0.886431
0.885908
0.885386
0.884864
0.884342
0.88382
0.883299
0.882777
0.882256
0.881735
0.881214
0.880694
0.880173
0.879653
0.879133
0.878614
0.878094
0.877575
0.877056
0.876537
0.876018
0.875499
0.874981
0.874463
0.873945
0.873427
0.87291
0.872392
0.871875
0.871358
0.870842
0.870325
0.869809
0.869293
0.868777
0.868261
0.867746
0.86723
0.866715
0.8662
0.865685
0.865171
0.864657
0.864142
0.863629
0.863115
0.862601
0.862088
0.861575
0.861062
0.860549
0.860037
0.859524
0.859012
0.8585
0.857989
0.857477
0.856966
0.856455
0.855944
0.855433
0.854922
0.854412
0.853902
0.853392
0.852882
0.852373
0.851863
0.851354
0.850845
0.850336
0.849828
0.849319
0.848811
0.848303
0.847795
0.847288
0.84678
0.846273
0.845766
0.84526
0.844753
0.844246
0.84374
0.843234
0.842728
0.842223
0.841717
0.841212
0.840707
0.840202
0.839698
0.839193
0.838689
0.838185
0.837681
0.837177
0.836674
0.836171
0.835668
0.835165
0.834662
0.834159
0.833657
0.833155
0.832653
0.832151
0.83165
0.831148
0.830647
0.830146
0.829646
0.829145
0.828645
0.828144
0.827644
0.827145
0.826645
0.826146
0.825646
0.825147
0.824648
0.82415
0.823651
0.823153
0.822655
0.822157
0.821659
0.821162
0.820664
0.820167
0.81967
0.819174
0.818677
0.818181
0.817685
0.817189
0.816693
0.816197
0.815702
0.815206
0.814711
0.814217
0.813722
0.813227
0.812733
0.812239
0.811745
0.811251
0.810758
0.810264
0.809771
0.809278
0.808785
0.808293
0.8078
0.807308
0.806816
0.806324
0.805833
0.805341
0.80485
0.804359
0.803868
0.803377
0.802886
0.802396
0.801906
0.801416
0.800926
0.800436
0.799947
0.799457
0.798968
0.798479
0.797991
0.797502
0.797014
0.796526
0.796038
0.79555
0.795062
0.794575
0.794087
0.7936
0.793113
0.792627
0.79214
0.791654
0.791167
0.790681
0.790196
0.78971
0.789224
0.788739
0.788254
0.787769
0.787284
0.7868
0.786315
0.785831
0.785347
0.784863
0.784379
0.783896
0.783413
0.782929
0.782446
0.781964
0.781481
0.780999
0.780516
0.780034
0.779552
0.779071
0.778589
0.778108
0.777626
0.777145
0.776664
0.776184
0.775703
0.775223
0.774743
0.774263
0.773783
0.773303
0.772824
0.772344
0.771865
0.771386
0.770907
0.770429
0.76995
0.769472
0.768994
0.768516
0.768038
0.76756
0.767083
0.766606
0.766129
0.765652
0.765175
0.764698
0.764222
0.763746
0.763269
0.762793
0.762318
0.761842
0.761367
0.760891
0.760416
0.759941
0.759467
0.758992
0.758518
0.758043
0.757569
0.757095
0.756621
0.756148
0.755674
0.755201
0.754728
0.754255
0.753782
0.753309
0.752837
0.752365
0.751892
0.75142
0.750949
0.750477
0.750005
0.749534
0.749063
0.748592
0.748121
0.74765
0.74718
0.746709
0.746239
0.745769
0.745299
0.744829
0.744359
0.74389
0.743421
0.742951
0.742482
0.742013
0.741545
0.741076
0.740608
0.74014
0.739671
0.739203
0.738736
0.738268
0.737801
0.737333
0.736866
0.736399
0.735932
0.735465
0.734999
0.734532
0.734066
0.7336
0.733134
0.732668
0.732202
0.731737
0.731271
0.730806
0.730341
0.729876
0.729411
0.728946
0.728482
0.728017
0.727553
0.727089
0.726625
0.726161
0.725697
0.725234
0.72477
0.724307
0.723844
0.723381
0.722918
0.722455
0.721993
0.72153
0.721994
0.722459
0.722923
0.723388
0.723853
0.724318
0.724783
0.725248
0.725713
0.726178
0.726644
0.72711
0.727575
0.728041
0.728508
0.728974
0.72944
0.729907
0.730374
0.730841
0.731308
0.731776
0.732243
0.732711
0.733179
0.733648
0.734116
0.734585
0.735054
0.735523
0.735992
0.736462
0.736932
0.737402
0.737872
0.738342
0.738813
0.739284
0.739755
0.740227
0.740699
0.741171
0.741643
0.742115
0.742588
0.743061
0.743534
0.744008
0.744482
0.744956
0.74543
0.745905
0.74638
0.746855
0.747331
0.747806
0.748282
0.748759
0.749235
0.749712
0.75019
0.750667
0.751145
0.751623
0.752101
0.75258
0.753059
0.753538
0.754018
0.754498
0.754978
0.755459
0.75594
0.756421
0.756902
0.757384
0.757866
0.758349
0.758831
0.759314
0.759798
0.760282
0.760766
0.76125
0.761735
0.76222
0.762705
0.763191
0.763677
0.764163
0.76465
0.765136
0.765624
0.766111
0.766599
0.767088
0.767576
0.768065
0.768555
0.769044
0.769534
0.770025
0.770515
0.771006
0.771498
0.771989
0.772481
0.772974
0.773466
0.773959
0.774453
0.774946
0.77544
0.775935
0.77643
0.776925
0.77742
0.777916
0.778412
0.778909
0.779405
0.779903
0.7804
0.780898
0.781396
0.781895
0.782394
0.782893
0.783392
0.783892
0.784393
0.784893
0.785394
0.785896
0.786397
0.786899
0.787402
0.787904
0.788408
0.788911
0.789415
0.789919
0.790423
0.790928
0.791433
0.791939
0.792445
0.792951
0.793458
0.793965
0.794472
0.794979
0.795487
0.795996
0.796504
0.797013
0.797523
0.798033
0.798543
0.799053
0.799564
0.800075
0.800586
0.801098
0.80161
0.802123
0.802636
0.803149
0.803663
0.804177
0.804691
0.805205
0.80572
0.806236
0.806751
0.807267
0.807784
0.8083
0.808817
0.809335
0.809853
0.810371
0.810889
0.811408
0.811927
0.812446
0.812966
0.813486
0.814007
0.814528
0.815049
0.81557
0.816092
0.816615
0.817137
0.81766
0.818183
0.818707
0.819231
0.819755
0.82028
0.820805
0.82133
0.821856
0.822382
0.822908
0.823435
0.823962
0.824489
0.825017
0.825545
0.826073
0.826602
0.827131
0.82766
0.82819
0.82872
0.829251
0.829781
0.830312
0.830844
0.831376
0.831908
0.83244
0.832973
0.833506
0.834039
0.834573
0.835107
0.835642
0.836177
0.836712
0.837247
0.837783
0.838319
0.838855
0.839392
0.839929
0.840467
0.841005
0.841543
0.842081
0.84262
0.843159
0.843698
0.844238
0.844778
0.845319
0.845859
0.8464
0.846942
0.847484
0.848026
0.848568
0.849111
0.849654
0.850197
0.850741
0.851285
0.851829
0.852374
0.852919
0.853464
0.85401
0.854556
0.855102
0.855648
0.856195
0.856743
0.85729
0.857838
0.858386
0.858935
0.859484
0.860033
0.860582
0.861132
0.861682
0.862233
0.862783
0.863334
0.863886
0.864438
0.86499
0.865542
0.866095
0.866648
0.867201
0.867754
0.868308
0.868863
0.869417
0.869972
0.870527
0.871083
0.871639
0.872195
0.872751
0.873308
0.873865
0.874422
0.87498
0.875538
0.876096
0.876655
0.877214
0.877773
0.878333
0.878893
0.879453
0.880013
0.880574
0.881135
0.881696
0.882258
0.88282
0.883382
0.883945
0.884508
0.885071
0.885635
0.886199
0.886763
0.887327
0.887892
0.888457
0.889022
0.889588
0.890154
0.89072
0.891287
0.891854
0.892421
0.892988
0.893556
0.894124
0.894693
0.895261
0.89583
0.8964
0.896969
0.897539
0.898109
0.89868
0.899251
0.899822
0.900393
0.900965
0.901537
0.902109
0.902681
0.903254
0.903827
0.904401
0.904975
0.905549
0.906123
0.906698
0.907272
0.907848
0.908423
0.908999
0.909575
0.910151
0.910728
0.911305
0.911882
0.91246
0.913038
0.913616
0.914194
0.914773
0.915352
0.915931
0.916511
0.91709
0.917671
0.918251
0.918832
0.919413
0.919994
0.920576
0.921157
0.92174
0.922322
0.922905
0.923488
0.924071
0.924654
0.925238
0.925822
0.926407
0.926992
0.927577
0.928162
0.928747
0.929333
0.929919
0.930506
0.931092
0.931679
0.932266
0.932854
0.933442
0.93403
0.934618
0.935207
0.935796
0.936385
0.936974
0.937564
0.938154
0.938744
0.939335
0.939926
0.940517
0.941108
0.9417
0.942292
0.942884
0.943477
0.944069
0.944662
0.945256
0.945849
0.946443
0.947037
0.947632
0.948226
0.948821
0.949416
0.950012
0.950608
0.951204
0.9518
0.952397
0.952993
0.953591
0.954188
0.954786
0.955383
0.955982
0.95658
0.957179
0.957778
0.958377
0.958977
0.959576
0.960176
0.960777
0.961377
0.961978
0.962579
0.963181
0.963782
0.964384
0.964986
0.965589
0.966191
0.966794
0.967398
0.968001
0.968605
0.969209
0.969813
0.970418
0.971022
0.971627
0.972233
0.972838
0.973444
0.97405
0.974657
0.975263
0.97587
0.976477
0.977084
0.977692
0.9783
0.978908
0.979517
0.980125
0.980734
0.981343
0.981953
0.982562
0.983172
0.983782
0.984393
0.985004
0.985615
0.986226
0.986837
0.987449
0.988061
0.988673
0.989286
0.989898
0.990511
0.991124
0.991738
0.992352
0.992966
0.99358
0.994194
0.994809
0.995424
0.996039
0.996655
0.99727
0.997886
0.998502
0.999119
0.999736
1.00035
1.00097
1.00159
1.0022
1.00282
1.00344
1.00406
1.00468
1.0053
1.00592
1.00654
1.00716
1.00777
1.0084
1.00902
1.00964
1.01026
1.01088
1.0115
1.01212
1.01274
1.01336
1.01399
1.01461
1.01523
1.01586
1.01648
1.0171
1.01773
1.01835
1.01897
1.0196
1.02022
1.02085
1.02147
1.0221
1.02272
1.02335
1.02398
1.0246
1.02523
1.02586
1.02648
1.02711
1.02774
1.02836
1.02899
1.02962
1.03025
1.03088
1.03151
1.03214
1.03277
1.03339
1.03402
1.03465
1.03528
1.03592
1.03655
1.03718
1.03781
1.03844
1.03907
1.0397
1.04033
1.04097
1.0416
1.04223
1.04287
1.0435
1.04413
1.04477
1.0454
1.04603
1.04667
1.0473
1.04794
1.04857
1.04921
1.04984
1.05048
1.05111
1.05175
1.05239
1.05302
1.05366
1.0543
1.05493
1.05557
1.05621
1.05685
1.05749
1.05812
1.05876
1.0594
1.06004
1.06068
1.06132
1.06196
1.0626
1.06324
1.06388
1.06452
1.06516
1.0658
1.06644
1.06708
1.06772
1.06837
1.06901
1.06965
1.07029
1.07093
1.07158
1.07222
1.07286
1.07351
1.07415
1.07479
1.07544
1.07608
1.07673
1.07737
1.07802
1.07866
1.07931
1.07995
1.0806
1.08124
1.08189
1.08254
1.08318
1.08383
1.08448
1.08512
1.08577
1.08642
1.08707
1.08771
1.08836
1.08901
1.08966
1.09031
1.09096
1.09161
1.09226
1.09291
1.09356
1.09421
1.09486
1.09551
1.09616
1.09681
1.09746
1.09811
1.09876
1.09941
1.10006
1.10072
1.10137
1.10202
1.10267
1.10333
1.10398
1.10463
1.10529
1.10594
1.10659
1.10725
1.1079
1.10855
1.10921
1.10986
1.11052
1.11117
1.11183
1.11248
1.11314
1.1138
1.11445
1.11511
1.11576
1.11642
1.11708
1.11773
1.11839
1.11905
1.11971
1.12036
1.12102
1.12168
1.12234
1.123
1.12366
1.12431
1.12497
1.12563
1.12629
1.12695
1.12761
1.12827
1.12893
1.12959
1.13025
1.13091
1.13157
1.13223
1.1329
1.13356
1.13422
1.13488
1.13554
1.1362
1.13687
1.13753
1.13819
1.13885
1.13952
1.14018
1.14084
1.14151
1.14217
1.14284
1.1435
1.14416
1.14483
1.14549
1.14616
1.14682
1.14749
1.14815
1.14882
1.14948
1.15015
1.15081
1.15148
1.15215
1.15281
1.15348
1.15415
1.15481
1.15548
1.15615
1.15682
1.15748
1.15815
1.15882
1.15949
1.16016
1.16082
1.16149
1.16216
1.16283
1.1635
1.16417
1.16484
1.16551
1.16618
1.16685
1.16752
1.16819
1.16886
1.16953
1.1702
1.17087
1.17154
1.17221
1.17288
1.17356
1.17423
1.1749
1.17557
1.17624
1.17692
1.17759
1.17826
1.17893
1.17961
1.18028
1.18095
1.18163
1.1823
1.18297
1.18365
1.18432
1.185
1.18567
1.18634
1.18702
1.18769
1.18837
1.18904
1.18972
1.1904
1.19107
1.19175
1.19242
1.1931
1.19377
1.19445
1.19513
1.1958
1.19648
1.19716
1.19783
1.19851
1.19919
1.19987
1.20054
1.20122
1.2019
1.20258
1.20326
1.20393
1.20461
1.20529
1.20597
1.20665
1.20733
1.20801
1.20869
1.20937
1.21005
1.21073
1.21141
1.21209
1.21277
1.21345
1.21413
1.21481
1.21549
1.21617
1.21685
1.21753
1.21821
1.21889
1.21957
1.22026
1.22094
1.22162
1.2223
1.22298
1.22367
1.22435
1.22503
1.22571
1.2264
1.22708
1.22776
1.22845
1.22913
1.22981
1.2305
1.23118
1.23187
1.23255
1.23323
1.23392
1.2346
1.23529
1.23597
1.23666
1.23734
1.23803
1.23871
1.2394
1.24008
1.24077
1.24145
1.24214
1.24282
1.24351
1.2442
1.24488
1.24557
1.24626
1.24694
1.24763
1.24832
1.249
1.24969
1.25038
1.25107
1.25175
1.25244
1.25313
1.25382
1.2545
1.25519
1.25588
1.25657
1.25726
1.25795
1.25863
1.25932
1.26001
1.2607
1.26139
1.26208
1.26277
1.26346
1.26415
1.26484
1.26553
1.26622
1.26691
1.2676
1.26829
1.26898
1.26967
1.27036
1.27105
1.27174
1.27243
1.27312
1.27381
1.2745
1.27519
1.27589
1.27658
1.27727
1.27796
1.27865
1.27934
1.28004
1.28073
1.28142
1.28211
1.2828
1.2835
1.28419
1.28488
1.28558
1.28627
1.28696
1.28765
1.28835
1.28904
1.28973
1.29043
1.29112
1.29181
1.29251
1.2932
1.2939
1.29459
1.29528
1.29598
1.29667
1.29737
1.29806
1.29876
1.29945
1.30015
1.30084
1.30154
1.30223
1.30293
1.30362
1.30432
1.30501
1.30571
1.3064
1.3071
1.30779
1.30849
1.30919
1.30988
1.31058
1.31127
1.31197
1.31267
1.31336
1.31406
1.31476
1.31545
1.31615
1.31685
1.31754
1.31824
1.31894
1.31964
1.32033
1.32103
1.32173
1.32243
1.32312
1.32382
1.32452
1.32522
1.32591
1.32661
1.32731
1.32801
1.32871
1.3294
1.3301
1.3308
1.3315
1.3322
1.3329
1.3336
1.33429
1.33499
1.33569
1.33639
1.33709
1.33779
1.33849
1.33919
1.33989
1.34059
1.34129
1.34199
1.34269
1.34339
1.34409
1.34479
1.34549
1.34619
1.34689
1.34759
1.34829
1.34899
1.34969
1.35039
1.35109
1.35179
1.35249
1.35319
1.35389
1.35459
1.35529
1.35599
1.35669
1.35739
1.3581
1.3588
1.3595
1.3602
1.3609
1.3616
1.3623
1.363
1.36371
1.36441
1.36511
1.36581
1.36651
1.36721
1.36792
1.36862
1.36932
1.37002
1.37072
1.37143
1.37213
1.37283
1.37353
1.37424
1.37494
1.37564
1.37634
1.37705
1.37775
1.37845
1.37915
1.37986
1.38056
1.38126
1.38196
1.38267
1.38337
1.38407
1.38478
1.38548
1.38618
1.38689
1.38759
1.38829
1.389
1.3897
1.3904
1.39111
1.39181
1.39251
1.39322
1.39392
1.39462
1.39533
1.39603
1.39674
1.39744
1.39814
1.39885
1.39955
1.40026
1.40096
1.40166
1.40237
1.40307
1.40378
1.40448
1.40518
1.40589
1.40659
1.4073
1.408
1.40871
1.40941
1.41012
1.41082
1.41152
1.41223
1.41293
1.41364
1.41434
1.41505
1.41575
1.41646
1.41716
1.41787
1.41857
1.41928
1.41998
1.42069
1.42139
1.4221
1.4228
1.42351
1.42421
1.42492
1.42562
1.42633
1.42703
1.42774
1.42844
1.42915
1.42985
1.43056
1.43126
1.43197
1.43267
1.43338
1.43408
1.43479
1.4355
1.4362
1.43691
1.43761
1.43832
1.43902
1.43973
1.44043
1.44114
1.44184
1.44255
1.44326
1.44396
1.44467
1.44537
1.44608
1.44678
1.44749
1.4482
1.4489
1.44961
1.45031
1.45102
1.45172
1.45243
1.45314
1.45384
1.45455
1.45525
1.45596
1.45666
1.45737
1.45808
1.45878
1.45949
1.46019
1.4609
1.46161
1.46231
1.46302
1.46372
1.46443
1.46513
1.46584
1.46655
1.46725
1.46796
1.46866
1.46937
1.47008
1.47078
1.47149
1.47219
1.4729
1.47361
1.47431
1.47502
1.47572
1.47643
1.47713
1.47784
1.47855
1.47925
1.47996
1.48066
1.48137
1.48208
1.48278
1.48349
1.48419
1.4849
1.48561
1.48631
1.48702
1.48772
1.48843
1.48913
1.48984
1.49055
1.49125
1.49196
1.49266
1.49337
1.49407
1.49478
1.49549
1.49619
1.4969
1.4976
1.49831
1.49901
1.49972
1.50043
1.50113
1.50184
1.50254
1.50325
1.50395
1.50466
1.50536
1.50607
1.50677
1.50748
1.50819
1.50889
1.5096
1.5103
1.51101
1.51171
1.51242
1.51312
1.51383
1.51453
1.51524
1.51594
1.51665
1.51735
1.51806
1.51876
1.51947
1.52017
1.52088
1.52158
1.52229
1.52299
1.5237
1.5244
1.52511
1.52581
1.52652
1.52722
1.52793
1.52863
1.52934
1.53004
1.53075
1.53145
1.53216
1.53286
1.53356
1.53427
1.53497
1.53568
1.53638
1.53709
1.53779
1.5385
1.5392
1.5399
1.54061
1.54131
1.54202
1.54272
1.54342
1.54413
1.54483
1.54554
1.54624
1.54694
1.54765
1.54835
1.54906
1.54976
1.55046
1.55117
1.55187
1.55257
1.55328
1.55398
1.55468
1.55539
1.55609
1.55679
1.5575
1.5582
1.5589
1.55961
1.56031
1.56101
1.56172
1.56242
1.56312
1.56382
1.56453
1.56523
1.56593
1.56664
1.56734
1.56804
1.56874
1.56945
1.57015
1.57085
1.57155
1.57225
1.57296
1.57366
1.57436
1.57506
1.57577
1.57647
1.57717
1.57787
1.57857
1.57927
1.57998
1.58068
1.58138
1.58208
1.58278
1.58348
1.58419
1.58489
1.58559
1.58629
1.58699
1.58769
1.58839
1.58909
1.58979
1.5905
1.5912
1.5919
1.5926
1.5933
1.594
1.5947
1.5954
1.5961
1.5968
1.5975
1.5982
1.5989
1.5996
1.6003
1.601
1.6017
1.6024
1.6031
1.6038
1.6045
1.6052
1.6059
1.6066
1.6073
1.608
1.6087
1.6094
1.61009
1.61079
1.61149
1.61219
1.61289
1.61359
1.61429
1.61499
1.61568
1.61638
1.61708
1.61778
1.61848
1.61918
1.61987
1.62057
1.62127
1.62197
1.62267
1.62336
1.62406
1.62476
1.62546
1.62615
1.62685
1.62755
1.62825
1.62894
1.62964
1.63034
1.63103
1.63173
1.63243
1.63312
1.63382
1.63452
1.63521
1.63591
1.63661
1.6373
1.638
1.6387
1.63939
1.64009
1.64078
1.64148
1.64217
1.64287
1.64357
1.64426
1.64496
1.64565
1.64635
1.64704
1.64774
1.64843
1.64913
1.64982
1.65052
1.65121
1.6519
1.6526
1.65329
1.65399
1.65468
1.65538
1.65607
1.65676
1.65746
1.65815
1.65884
1.65954
1.66023
1.66092
1.66162
1.66231
1.663
1.6637
1.66439
1.66508
1.66578
1.66647
1.66716
1.66785
1.66855
1.66924
1.66993
1.67062
1.67131
1.67201
1.6727
1.67339
1.67408
1.67477
1.67546
1.67615
1.67685
1.67754
1.67823
1.67892
1.67961
1.6803
1.68099
1.68168
1.68237
1.68306
1.68375
1.68444
1.68513
1.68582
1.68651
1.6872
1.68789
1.68858
1.68927
1.68996
1.69065
1.69134
1.69203
1.69272
1.6934
1.69409
1.69478
1.69547
1.69616
1.69685
1.69753
1.69822
1.69891
1.6996
1.70029
1.70097
1.70166
1.70235
1.70304
1.70372
1.70441
1.7051
1.70578
1.70647
1.70716
1.70784
1.70853
1.70922
1.7099
1.71059
1.71128
1.71196
1.71265
1.71333
1.71402
1.7147
1.71539
1.71607
1.71676
1.71744
1.71813
1.71881
1.7195
1.72018
1.72087
1.72155
1.72224
1.72292
1.7236
1.72429
1.72497
1.72566
1.72634
1.72702
1.72771
1.72839
1.72907
1.72975
1.73044
1.73112
1.7318
1.73249
1.73317
1.73385
1.73453
1.73521
1.7359
1.73658
1.73726
1.73794
1.73862
1.7393
1.73998
1.74066
1.74135
1.74203
1.74271
1.74339
1.74407
1.74475
1.74543
1.74611
1.74679
1.74747
1.74815
1.74883
1.74951
1.75019
1.75087
1.75154
1.75222
1.7529
1.75358
1.75426
1.75494
1.75562
1.75629
1.75697
1.75765
1.75833
1.759
1.75968
1.76036
1.76104
1.76171
1.76239
1.76307
1.76374
1.76442
1.7651
1.76577
1.76645
1.76713
1.7678
1.76848
1.76915
1.76983
1.7705
1.77118
1.77185
1.77253
1.7732
1.77388
1.77455
1.77523
1.7759
1.77658
1.77725
1.77792
1.7786
1.77927
1.77995
1.78062
1.78129
1.78197
1.78264
1.78331
1.78398
1.78466
1.78533
1.786
1.78667
1.78735
1.78802
1.78869
1.78936
1.79003
1.7907
1.79137
1.79205
1.79272
1.79339
1.79406
1.79473
1.7954
1.79607
1.79674
1.79741
1.79808
1.79875
1.79942
1.80009
1.80076
1.80142
1.80209
1.80276
1.80343
1.8041
1.80477
1.80544
1.8061
1.80677
1.80744
1.80811
1.80877
1.80944
1.81011
1.81078
1.81144
1.81211
1.81278
1.81344
1.81411
1.81477
1.81544
1.81611
1.81677
1.81744
1.8181
1.81877
1.81943
1.8201
1.82076
1.82143
1.82209
1.82276
1.82342
1.82409
1.82475
1.82541
1.82608
1.82674
1.8274
1.82807
1.82873
1.82939
1.83005
1.83072
1.83138
1.83204
1.8327
1.83337
1.83403
1.83469
1.83535
1.83601
1.83667
1.83733
1.83799
1.83866
1.83932
1.83998
1.84064
1.8413
1.84196
1.84262
1.84328
1.84394
1.84459
1.84525
1.84591
1.84657
1.84723
1.84789
1.84855
1.84921
1.84986
1.85052
1.85118
1.85184
1.85249
1.85315
1.85381
1.85446
1.85512
1.85578
1.85643
1.85709
1.85775
1.8584
1.85906
1.85971
1.86037
1.86103
1.86168
1.86234
1.86299
1.86364
1.8643
1.86495
1.86561
1.86626
1.86692
1.86757
1.86822
1.86888
1.86953
1.87018
1.87084
1.87149
1.87214
1.87279
1.87344
1.8741
1.87475
1.8754
1.87605
1.8767
1.87735
1.87801
1.87866
1.87931
1.87996
1.88061
1.88126
1.88191
1.88256
1.88321
1.88386
1.88451
1.88516
1.88581
1.88645
1.8871
1.88775
1.8884
1.88905
1.8897
1.89034
1.89099
1.89164
1.89229
1.89293
1.89358
1.89423
1.89487
1.89552
1.89617
1.89681
1.89746
1.8981
1.89875
1.8994
1.90004
1.90069
1.90133
1.90198
1.90262
1.90326
1.90391
1.90455
1.9052
1.90584
1.90648
1.90713
1.90777
1.90841
1.90906
1.9097
1.91034
1.91098
1.91163
1.91227
1.91291
1.91355
1.91419
1.91484
1.91548
1.91612
1.91676
1.9174
1.91804
1.91868
1.91932
1.91996
1.9206
1.92124
1.92188
1.92252
1.92316
1.92379
1.92443
1.92507
1.92571
1.92635
1.92699
1.92762
1.92826
1.9289
1.92954
1.93017
1.93081
1.93145
1.93208
1.93272
1.93336
1.93399
1.93463
1.93526
1.9359
1.93653
1.93717
1.9378
1.93844
1.93907
1.93971
1.94034
1.94098
1.94161
1.94224
1.94288
1.94351
1.94414
1.94478
1.94541
1.94604
1.94667
1.94731
1.94794
1.94857
1.9492
1.94983
1.95046
1.95109
1.95173
1.95236
1.95299
1.95362
1.95425
1.95488
1.95551
1.95614
1.95677
1.9574
1.95802
1.95865
1.95928
1.95991
1.96054
1.96117
1.9618
1.96242
1.96305
1.96368
1.9643
1.96493
1.96556
1.96619
1.96681
1.96744
1.96806
1.96869
1.96932
1.96994
1.97057
1.97119
1.97182
1.97244
1.97307
1.97369
1.97431
1.97494
1.97556
1.97619
1.97681
1.97743
1.97806
1.97868
1.9793
1.97992
1.98055
1.98117
1.98179
1.98241
1.98303
1.98366
1.98428
1.9849
1.98552
1.98614
1.98676
1.98738
1.988
1.98862
1.98924
1.98986
1.99048
1.9911
1.99172
1.99233
1.99295
1.99357
1.99419
1.99481
1.99543
1.99604
1.99666
1.99728
1.99789
1.99851
1.99913
1.99974
2.00036
2.00098
2.00159
2.00221
2.00282
2.00344
2.00405
2.00467
2.00528
2.0059
2.00651
2.00713
2.00774
2.00835
2.00897
2.00958
2.01019
2.01081
2.01142
2.01203
2.01264
2.01326
2.01387
2.01448
2.01509
2.0157
2.01631
2.01693
2.01754
2.01815
2.01876
2.01937
2.01998
2.02059
2.0212
2.02181
2.02242
2.02302
2.02363
2.02424
2.02485
2.02546
2.02607
2.02667
2.02728
2.02789
2.0285
2.0291
2.02971
2.03032
2.03092
2.03153
2.03214
2.03274
2.03335
2.03395
2.03456
2.03516
2.03577
2.03637
2.03698
2.03758
2.03819
2.03879
2.03939
2.04
2.0406
2.0412
2.04181
2.04241
2.04301
2.04361
2.04422
2.04482
2.04542
2.04602
2.04662
2.04722
2.04783
2.04843
2.04903
2.04963
2.05023
2.05083
2.05143
2.05203
2.05263
2.05323
2.05382
2.05442
2.05502
2.05562
2.05622
2.05682
2.05741
2.05801
2.05861
2.05921
2.0598
2.0604
2.061
2.06159
2.06219
2.06278
2.06338
2.06398
2.06457
2.06517
2.06576
2.06636
2.06695
2.06755
2.06814
2.06873
2.06933
2.06992
2.07051
2.07111
2.0717
2.07229
2.07289
2.07348
2.07407
2.07466
2.07525
2.07585
2.07644
2.07703
2.07762
2.07821
2.0788
2.07939
2.07998
2.08057
2.08116
2.08175
2.08234
2.08293
2.08352
2.08411
2.08469
2.08528
2.08587
2.08646
2.08705
2.08763
2.08822
2.08881
2.08939
2.08998
2.09057
2.09115
2.09174
2.09233
2.09291
2.0935
2.09408
2.09467
2.09525
2.09584
2.09642
2.09701
2.09759
2.09817
2.09876
2.09934
2.09992
2.10051
2.10109
2.10167
2.10226
2.10284
2.10342
2.104
2.10458
2.10516
2.10575
2.10633
2.10691
2.10749
2.10807
2.10865
2.10923
2.10981
2.11039
2.11097
2.11155
2.11213
2.1127
2.11328
2.11386
2.11444
2.11502
2.1156
2.11617
2.11675
2.11733
2.1179
2.11848
2.11906
2.11963
2.12021
2.12079
2.12136
2.12194
2.12251
2.12309
2.12366
2.12424
2.12481
2.12539
2.12596
2.12653
2.12711
2.12768
2.12825
2.12883
2.1294
2.12997
2.13055
2.13112
2.13169
2.13226
2.13283
2.1334
2.13398
2.13455
2.13512
2.13569
2.13626
2.13683
2.1374
2.13797
2.13854
2.13911
2.13968
2.14025
2.14081
2.14138
2.14195
2.14252
2.14309
2.14365
2.14422
2.14479
2.14536
2.14592
2.14649
2.14706
2.14762
2.14819
2.14876
2.14932
2.14989
2.15045
2.15102
2.15158
2.15215
2.15271
2.15328
2.15384
2.1544
2.15497
2.15553
2.15609
2.15666
2.15722
2.15778
2.15834
2.15891
2.15947
2.16003
2.16059
2.16115
2.16171
2.16228
2.16284
2.1634
2.16396
2.16452
2.16508
2.16564
2.1662
2.16676
2.16732
2.16787
2.16843
2.16899
2.16955
2.17011
2.17067
2.17122
2.17178
2.17234
2.1729
2.17345
2.17401
2.17457
2.17512
2.17568
2.17623
2.17679
2.17735
2.1779
2.17846
2.17901
2.17957
2.18012
2.18067
2.18123
2.18178
2.18234
2.18289
2.18344
2.184
2.18455
2.1851
2.18565
2.18621
2.18676
2.18731
2.18786
2.18841
2.18896
2.18951
2.19007
2.19062
2.19117
2.19172
2.19227
2.19282
2.19337
2.19391
2.19446
2.19501
2.19556
2.19611
2.19666
2.19721
2.19775
2.1983
2.19885
2.1994
2.19994
2.20049
2.20104
2.20158
2.20213
2.20268
2.20322
2.20377
2.20431
2.20486
2.2054
2.20595
2.20649
2.20704
2.20758
2.20813
2.20867
2.20922
2.20976
2.2103
2.21085
2.21139
2.21193
2.21247
2.21302
2.21356
2.2141
2.21464
2.21518
2.21572
2.21627
2.21681
2.21735
2.21789
2.21843
2.21897
2.21951
2.22005
2.22059
2.22113
2.22166
2.2222
2.22274
2.22328
2.22382
2.22436
2.2249
2.22543
2.22597
2.22651
2.22704
2.22758
2.22812
2.22865
2.22919
2.22973
2.23026
2.2308
2.23133
2.23187
2.2324
2.23294
2.23347
2.23401
2.23454
2.23508
2.23561
2.23614
2.23668
2.23721
2.23774
2.23828
2.23881
2.23934
2.23987
2.24041
2.24094
2.24147
2.242
2.24253
2.24306
2.2436
2.24413
2.24466
2.24519
2.24572
2.24625
2.24678
2.24731
2.24784
2.24836
2.24889
2.24942
2.24995
2.25048
2.25101
2.25154
2.25206
2.25259
2.25312
2.25365
2.25417
2.2547
2.25523
2.25575
2.25628
2.2568
2.25733
2.25786
2.25838
2.25891
2.25943
2.25996
2.26048
2.26101
2.26153
2.26205
2.26258
2.2631
2.26362
2.26415
2.26467
2.26519
2.26572
2.26624
2.26676
2.26728
2.26781
2.26833
2.26885
2.26937
2.26989
2.27041
2.27093
2.27145
2.27197
2.27249
2.27301
2.27353
2.27405
2.27457
2.27509
2.27561
2.27613
2.27665
2.27717
2.27769
2.2782
2.27872
2.27924
2.27976
2.28027
2.28079
2.28131
2.28183
2.28234
2.28286
2.28337
2.28389
2.28441
2.28492
2.28544
2.28595
2.28647
2.28698
2.2875
2.28801
2.28853
2.28904
2.28955
2.29007
2.29058
2.29109
2.29161
2.29212
2.29263
2.29315
2.29366
2.29417
2.29468
2.2952
2.29571
2.29622
2.29673
2.29724
2.29775
2.29826
2.29877
2.29928
2.29979
2.3003
2.30081
2.30132
2.30183
2.30234
2.30285
2.30336
2.30387
2.30438
2.30489
2.30539
2.3059
2.30641
2.30692
2.30743
2.30793
2.30844
2.30895
2.30945
2.30996
2.31047
2.31097
2.31148
2.31198
2.31249
2.313
2.3135
2.31401
2.31451
2.31502
2.31552
2.31602
2.31653
2.31703
2.31754
2.31804
2.31854
2.31905
2.31955
2.32005
2.32056
2.32106
2.32156
2.32206
2.32257
2.32307
2.32357
2.32407
2.32457
2.32507
2.32557
2.32608
2.32658
2.32708
2.32758
2.32808
2.32858
2.32908
2.32958
2.33008
2.33058
2.33108
2.33157
2.33207
2.33257
2.33307
2.33357
2.33407
2.33456
2.33506
2.33556
2.33606
2.33655
2.33705
2.33755
2.33805
2.33854
2.33904
2.33953
2.34003
2.34053
2.34102
2.34152
2.34201
2.34251
2.343
2.3435
2.34399
2.34449
2.34498
2.34548
2.34597
2.34646
2.34696
2.34745
2.34795
2.34844
2.34893
2.34942
2.34992
2.35041
2.3509
2.35139
2.35189
2.35238
2.35287
2.35336
2.35385
2.35435
2.35484
2.35533
2.35582
2.35631
2.3568
2.35729
2.35778
2.35827
2.35876
2.35925
2.35974
2.36023
2.36072
2.36121
2.3617
2.36219
2.36267
2.36316
2.36365
2.36414
2.36463
2.36512
2.3656
2.36609
2.36658
2.36707
2.36755
2.36804
2.36853
2.36901
2.3695
2.36999
2.37047
2.37096
2.37144
2.37193
2.37242
2.3729
2.37339
2.37387
2.37436
2.37484
2.37533
2.37581
2.3763
2.37678
2.37726
2.37775
2.37823
2.37872
2.3792
2.37968
2.3792
2.37872
2.37823
2.37775
2.37726
2.37678
2.3763
2.37581
2.37533
2.37484
2.37436
2.37387
2.37339
2.3729
2.37241
2.37193
2.37144
2.37096
2.37047
2.36998
2.3695
2.36901
2.36852
2.36803
2.36755
2.36706
2.36657
2.36608
2.36559
2.3651
2.36461
2.36412
2.36363
2.36314
2.36265
2.36216
2.36167
2.36118
2.36069
2.3602
2.35971
2.35922
2.35872
2.35823
2.35774
2.35725
2.35675
2.35626
2.35576
2.35527
2.35478
2.35428
2.35379
2.35329
2.3528
2.3523
2.3518
2.35131
2.35081
2.35031
2.34982
2.34932
2.34882
2.34832
2.34782
2.34732
2.34682
2.34632
2.34582
2.34532
2.34482
2.34432
2.34382
2.34332
2.34282
2.34232
2.34181
2.34131
2.34081
2.34031
2.3398
2.3393
2.33879
2.33829
2.33778
2.33728
2.33677
2.33627
2.33576
2.33525
2.33475
2.33424
2.33373
2.33322
2.33272
2.33221
2.3317
2.33119
2.33068
2.33017
2.32966
2.32915
2.32864
2.32813
2.32761
2.3271
2.32659
2.32608
2.32556
2.32505
2.32454
2.32402
2.32351
2.32299
2.32248
2.32196
2.32145
2.32093
2.32041
2.3199
2.31938
2.31886
2.31835
2.31783
2.31731
2.31679
2.31627
2.31575
2.31523
2.31471
2.31419
2.31367
2.31315
2.31263
2.3121
2.31158
2.31106
2.31054
2.31001
2.30949
2.30896
2.30844
2.30792
2.30739
2.30687
2.30634
2.30581
2.30529
2.30476
2.30423
2.30371
2.30318
2.30265
2.30212
2.30159
2.30106
2.30053
2.3
2.29947
2.29894
2.29841
2.29788
2.29735
2.29682
2.29628
2.29575
2.29522
2.29468
2.29415
2.29362
2.29308
2.29255
2.29201
2.29148
2.29094
2.2904
2.28987
2.28933
2.28879
2.28826
2.28772
2.28718
2.28664
2.2861
2.28556
2.28502
2.28448
2.28394
2.2834
2.28286
2.28232
2.28178
2.28124
2.2807
2.28015
2.27961
2.27907
2.27852
2.27798
2.27744
2.27689
2.27635
2.2758
2.27526
2.27471
2.27416
2.27362
2.27307
2.27252
2.27197
2.27143
2.27088
2.27033
2.26978
2.26923
2.26868
2.26813
2.26758
2.26703
2.26648
2.26593
2.26538
2.26483
2.26427
2.26372
2.26317
2.26261
2.26206
2.26151
2.26095
2.2604
2.25984
2.25929
2.25873
2.25818
2.25762
2.25706
2.25651
2.25595
2.25539
2.25484
2.25428
2.25372
2.25316
2.2526
2.25204
2.25148
2.25092
2.25036
2.2498
2.24924
2.24868
2.24812
2.24756
2.24699
2.24643
2.24587
2.2453
2.24474
2.24418
2.24361
2.24305
2.24248
2.24192
2.24135
2.24079
2.24022
2.23966
2.23909
2.23852
2.23795
2.23739
2.23682
2.23625
2.23568
2.23511
2.23454
2.23398
2.23341
2.23284
2.23226
2.23169
2.23112
2.23055
2.22998
2.22941
2.22884
2.22826
2.22769
2.22712
2.22654
2.22597
2.2254
2.22482
2.22425
2.22367
2.2231
2.22252
2.22195
2.22137
2.22079
2.22022
2.21964
2.21906
2.21848
2.21791
2.21733
2.21675
2.21617
2.21559
2.21501
2.21443
2.21385
2.21327
2.21269
2.21211
2.21153
2.21095
2.21037
2.20978
2.2092
2.20862
2.20804
2.20745
2.20687
2.20629
2.2057
2.20512
2.20453
2.20395
2.20336
2.20278
2.20219
2.2016
2.20102
2.20043
2.19984
2.19926
2.19867
2.19808
2.19749
2.1969
2.19632
2.19573
2.19514
2.19455
2.19396
2.19337
2.19278
2.19219
2.1916
2.191
2.19041
2.18982
2.18923
2.18864
2.18804
2.18745
2.18686
2.18626
2.18567
2.18508
2.18448
2.18389
2.18329
2.1827
2.1821
2.18151
2.18091
2.18031
2.17972
2.17912
2.17852
2.17792
2.17733
2.17673
2.17613
2.17553
2.17493
2.17433
2.17374
2.17314
2.17254
2.17194
2.17133
2.17073
2.17013
2.16953
2.16893
2.16833
2.16773
2.16712
2.16652
2.16592
2.16532
2.16471
2.16411
2.1635
2.1629
2.1623
2.16169
2.16109
2.16048
2.15988
2.15927
2.15866
2.15806
2.15745
2.15684
2.15624
2.15563
2.15502
2.15441
2.15381
2.1532
2.15259
2.15198
2.15137
2.15076
2.15015
2.14954
2.14893
2.14832
2.14771
2.1471
2.14649
2.14588
2.14526
2.14465
2.14404
2.14343
2.14281
2.1422
2.14159
2.14097
2.14036
2.13975
2.13913
2.13852
2.1379
2.13729
2.13667
2.13606
2.13544
2.13482
2.13421
2.13359
2.13297
2.13236
2.13174
2.13112
2.1305
2.12989
2.12927
2.12865
2.12803
2.12741
2.12679
2.12617
2.12555
2.12493
2.12431
2.12369
2.12307
2.12245
2.12183
2.12121
2.12058
2.11996
2.11934
2.11872
2.11809
2.11747
2.11685
2.11622
2.1156
2.11498
2.11435
2.11373
2.1131
2.11248
2.11185
2.11123
2.1106
2.10998
2.10935
2.10872
2.1081
2.10747
2.10684
2.10622
2.10559
2.10496
2.10433
2.1037
2.10308
2.10245
2.10182
2.10119
2.10056
2.09993
2.0993
2.09867
2.09804
2.09741
2.09678
2.09615
2.09552
2.09488
2.09425
2.09362
2.09299
2.09236
2.09172
2.09109
2.09046
2.08982
2.08919
2.08856
2.08792
2.08729
2.08665
2.08602
2.08538
2.08475
2.08411
2.08348
2.08284
2.08221
2.08157
2.08093
2.0803
2.07966
2.07902
2.07838
2.07775
2.07711
2.07647
2.07583
2.07519
2.07456
2.07392
2.07328
2.07264
2.072
2.07136
2.07072
2.07008
2.06944
2.0688
2.06816
2.06752
2.06687
2.06623
2.06559
2.06495
2.06431
2.06366
2.06302
2.06238
2.06174
2.06109
2.06045
2.05981
2.05916
2.05852
2.05787
2.05723
2.05658
2.05594
2.05529
2.05465
2.054
2.05336
2.05271
2.05207
2.05142
2.05077
2.05013
2.04948
2.04883
2.04818
2.04754
2.04689
2.04624
2.04559
2.04494
2.04429
2.04365
2.043
2.04235
2.0417
2.04105
2.0404
2.03975
2.0391
2.03845
2.0378
2.03715
2.0365
2.03584
2.03519
2.03454
2.03389
2.03324
2.03258
2.03193
2.03128
2.03063
2.02997
2.02932
2.02867
2.02801
2.02736
2.02671
2.02605
2.0254
2.02474
2.02409
2.02343
2.02278
2.02212
2.02147
2.02081
2.02015
2.0195
2.01884
2.01819
2.01753
2.01687
2.01622
2.01556
2.0149
2.01424
2.01358
2.01293
2.01227
2.01161
2.01095
2.01029
2.00963
2.00897
2.00832
2.00766
2.007
2.00634
2.00568
2.00502
2.00436
2.0037
2.00303
2.00237
2.00171
2.00105
2.00039
1.99973
1.99907
1.9984
1.99774
1.99708
1.99642
1.99575
1.99509
1.99443
1.99376
1.9931
1.99244
1.99177
1.99111
1.99045
1.98978
1.98912
1.98845
1.98779
1.98712
1.98646
1.98579
1.98513
1.98446
1.98379
1.98313
1.98246
1.9818
1.98113
1.98046
1.9798
1.97913
1.97846
1.97779
1.97713
1.97646
1.97579
1.97512
1.97445
1.97379
1.97312
1.97245
1.97178
1.97111
1.97044
1.96977
1.9691
1.96843
1.96776
1.96709
1.96642
1.96575
1.96508
1.96441
1.96374
1.96307
1.9624
1.96173
1.96105
1.96038
1.95971
1.95904
1.95837
1.95769
1.95702
1.95635
1.95568
1.955
1.95433
1.95366
1.95298
1.95231
1.95164
1.95096
1.95029
1.94961
1.94894
1.94827
1.94759
1.94692
1.94624
1.94557
1.94489
1.94421
1.94354
1.94286
1.94219
1.94151
1.94084
1.94016
1.93948
1.93881
1.93813
1.93745
1.93678
1.9361
1.93542
1.93474
1.93407
1.93339
1.93271
1.93203
1.93135
1.93068
1.93
1.92932
1.92864
1.92796
1.92728
1.9266
1.92592
1.92524
1.92456
1.92388
1.92321
1.92253
1.92184
1.92116
1.92048
1.9198
1.91912
1.91844
1.91776
1.91708
1.9164
1.91572
1.91504
1.91435
1.91367
1.91299
1.91231
1.91163
1.91094
1.91026
1.90958
1.9089
1.90821
1.90753
1.90685
1.90616
1.90548
1.9048
1.90411
1.90343
1.90275
1.90206
1.90138
1.90069
1.90001
1.89932
1.89864
1.89796
1.89727
1.89659
1.8959
1.89522
1.89453
1.89384
1.89316
1.89247
1.89179
1.8911
1.89041
1.88973
1.88904
1.88836
1.88767
1.88698
1.8863
1.88561
1.88492
1.88423
1.88355
1.88286
1.88217
1.88148
1.8808
1.88011
1.87942
1.87873
1.87804
1.87736
1.87667
1.87598
1.87529
1.8746
1.87391
1.87322
1.87253
1.87185
1.87116
1.87047
1.86978
1.86909
1.8684
1.86771
1.86702
1.86633
1.86564
1.86495
1.86426
1.86357
1.86288
1.86218
1.86149
1.8608
1.86011
1.85942
1.85873
1.85804
1.85735
1.85665
1.85596
1.85527
1.85458
1.85389
1.85319
1.8525
1.85181
1.85112
1.85043
1.84973
1.84904
1.84835
1.84765
1.84696
1.84627
1.84558
1.84488
1.84419
1.8435
1.8428
1.84211
1.84141
1.84072
1.84003
1.83933
1.83864
1.83794
1.83725
1.83656
1.83586
1.83517
1.83447
1.83378
1.83308
1.83239
1.83169
1.831
1.8303
1.82961
1.82891
1.82822
1.82752
1.82682
1.82613
1.82543
1.82474
1.82404
1.82334
1.82265
1.82195
1.82126
1.82056
1.81986
1.81917
1.81847
1.81777
1.81708
1.81638
1.81568
1.81499
1.81429
1.81359
1.81289
1.8122
1.8115
1.8108
1.8101
1.80941
1.80871
1.80801
1.80731
1.80661
1.80592
1.80522
1.80452
1.80382
1.80312
1.80242
1.80173
1.80103
1.80033
1.79963
1.79893
1.79823
1.79753
1.79683
1.79614
1.79544
1.79474
1.79404
1.79334
1.79264
1.79194
1.79124
1.79054
1.78984
1.78914
1.78844
1.78774
1.78704
1.78634
1.78564
1.78494
1.78424
1.78354
1.78284
1.78214
1.78144
1.78074
1.78004
1.77934
1.77864
1.77794
1.77724
1.77653
1.77583
1.77513
1.77443
1.77373
1.77303
1.77233
1.77163
1.77092
1.77022
1.76952
1.76882
1.76812
1.76742
1.76672
1.76601
1.76531
1.76461
1.76391
1.76321
1.7625
1.7618
1.7611
1.7604
1.7597
1.75899
1.75829
1.75759
1.75689
1.75618
1.75548
1.75478
1.75408
1.75337
1.75267
1.75197
1.75127
1.75056
1.74986
1.74916
1.74845
1.74775
1.74705
1.74635
1.74564
1.74494
1.74424
1.74353
1.74283
1.74213
1.74142
1.74072
1.74002
1.73931
1.73861
1.73791
1.7372
1.7365
1.73579
1.73509
1.73439
1.73368
1.73298
1.73228
1.73157
1.73087
1.73016
1.72946
1.72876
1.72805
1.72735
1.72664
1.72594
1.72524
1.72453
1.72383
1.72312
1.72242
1.72171
1.72101
1.72031
1.7196
1.7189
1.71819
1.71749
1.71678
1.71608
1.71537
1.71467
1.71396
1.71326
1.71256
1.71185
1.71115
1.71044
1.70974
1.70903
1.70833
1.70762
1.70692
1.70621
1.70551
1.7048
1.7041
1.70339
1.70269
1.70198
1.70128
1.70057
1.69987
1.69916
1.69846
1.69775
1.69705
1.69634
1.69564
1.69493
1.69423
1.69352
1.69282
1.69211
1.69141
1.6907
1.68999
1.68929
1.68858
1.68788
1.68717
1.68647
1.68576
1.68506
1.68435
1.68365
1.68294
1.68224
1.68153
1.68083
1.68012
1.67941
1.67871
1.678
1.6773
1.67659
1.67589
1.67518
1.67448
1.67377
1.67307
1.67236
1.67165
1.67095
1.67024
1.66954
1.66883
1.66813
1.66742
1.66672
1.66601
1.6653
1.6646
1.66389
1.66319
1.66248
1.66178
1.66107
1.66037
1.65966
1.65896
1.65825
1.65754
1.65684
1.65613
1.65543
1.65472
1.65402
1.65331
1.65261
1.6519
1.6512
1.65049
1.64978
1.64908
1.64837
1.64767
1.64696
1.64626
1.64555
1.64485
1.64414
1.64344
1.64273
1.64203
1.64132
1.64062
1.63991
1.6392
1.6385
1.63779
1.63709
1.63638
1.63568
1.63497
1.63427
1.63356
1.63286
1.63215
1.63145
1.63074
1.63004
1.62933
1.62863
1.62792
1.62722
1.62651
1.62581
1.6251
1.6244
1.62369
1.62299
1.62228
1.62158
1.62087
1.62017
1.61947
1.61876
1.61806
1.61735
1.61665
1.61594
1.61524
1.61453
1.61383
1.61312
1.61242
1.61171
1.61101
1.61031
1.6096
1.6089
1.60819
1.60749
1.60678
1.60608
1.60538
1.60467
1.60397
1.60326
1.60256
1.60186
1.60115
1.60045
1.59974
1.59904
1.59834
1.59763
1.59693
1.59622
1.59552
1.59482
1.59411
1.59341
1.59271
1.592
1.5913
1.5906
1.58989
1.58919
1.58849
1.58778
1.58708
1.58638
1.58567
1.58497
1.58427
1.58356
1.58286
1.58216
1.58145
1.58075
1.58005
1.57935
1.57864
1.57794
1.57724
1.57653
1.57583
1.57513
1.57443
1.57372
1.57302
1.57232
1.57162
1.57092
1.57021
1.56951
1.56881
1.56811
1.5674
1.5667
1.566
1.5653
1.5646
1.5639
1.56319
1.56249
1.56179
1.56109
1.56039
1.55969
1.55898
1.55828
1.55758
1.55688
1.55618
1.55548
1.55478
1.55408
1.55337
1.55267
1.55197
1.55127
1.55057
1.54987
1.54917
1.54847
1.54777
1.54707
1.54637
1.54567
1.54497
1.54427
1.54357
1.54287
1.54217
1.54147
1.54077
1.54007
1.53937
1.53867
1.53797
1.53727
1.53657
1.53587
1.53517
1.53447
1.53377
1.53307
1.53237
1.53167
1.53097
1.53028
1.52958
1.52888
1.52818
1.52748
1.52678
1.52608
1.52538
1.52469
1.52399
1.52329
1.52259
1.52189
1.52119
1.5205
1.5198
1.5191
1.5184
1.5177
1.51701
1.51631
1.51561
1.51491
1.51422
1.51352
1.51282
1.51213
1.51143
1.51073
1.51003
1.50934
1.50864
1.50794
1.50725
1.50655
1.50585
1.50516
1.50446
1.50377
1.50307
1.50237
1.50168
1.50098
1.50029
1.49959
1.49889
1.4982
1.4975
1.49681
1.49611
1.49542
1.49472
1.49403
1.49333
1.49264
1.49194
1.49125
1.49055
1.48986
1.48916
1.48847
1.48777
1.48708
1.48639
1.48569
1.485
1.4843
1.48361
1.48292
1.48222
1.48153
1.48083
1.48014
1.47945
1.47875
1.47806
1.47737
1.47668
1.47598
1.47529
1.4746
1.4739
1.47321
1.47252
1.47183
1.47114
1.47044
1.46975
1.46906
1.46837
1.46768
1.46698
1.46629
1.4656
1.46491
1.46422
1.46353
1.46284
1.46214
1.46145
1.46076
1.46007
1.45938
1.45869
1.458
1.45731
1.45662
1.45593
1.45524
1.45455
1.45386
1.45317
1.45248
1.45179
1.4511
1.45041
1.44972
1.44903
1.44834
1.44766
1.44697
1.44628
1.44559
1.4449
1.44421
1.44352
1.44284
1.44215
1.44146
1.44077
1.44008
1.4394
1.43871
1.43802
1.43733
1.43665
1.43596
1.43527
1.43459
1.4339
1.43321
1.43252
1.43184
1.43115
1.43047
1.42978
1.42909
1.42841
1.42772
1.42704
1.42635
1.42566
1.42498
1.42429
1.42361
1.42292
1.42224
1.42155
1.42087
1.42018
1.4195
1.41882
1.41813
1.41745
1.41676
1.41608
1.41539
1.41471
1.41403
1.41334
1.41266
1.41198
1.41129
1.41061
1.40993
1.40925
1.40856
1.40788
1.4072
1.40651
1.40583
1.40515
1.40447
1.40379
1.4031
1.40242
1.40174
1.40106
1.40038
1.3997
1.39902
1.39834
1.39766
1.39697
1.39629
1.39561
1.39493
1.39425
1.39357
1.39289
1.39221
1.39153
1.39085
1.39017
1.3895
1.38882
1.38814
1.38746
1.38678
1.3861
1.38542
1.38474
1.38406
1.38339
1.38271
1.38203
1.38135
1.38068
1.38
1.37932
1.37864
1.37797
1.37729
1.37661
1.37593
1.37526
1.37458
1.37391
1.37323
1.37255
1.37188
1.3712
1.37053
1.36985
1.36917
1.3685
1.36782
1.36715
1.36647
1.3658
1.36512
1.36445
1.36377
1.3631
1.36243
1.36175
1.36108
1.3604
1.35973
1.35906
1.35838
1.35771
1.35704
1.35637
1.35569
1.35502
1.35435
1.35367
1.353
1.35233
1.35166
1.35099
1.35031
1.34964
1.34897
1.3483
1.34763
1.34696
1.34629
1.34562
1.34495
1.34428
1.34361
1.34293
1.34226
1.34159
1.34093
1.34026
1.33959
1.33892
1.33825
1.33758
1.33691
1.33624
1.33557
1.3349
1.33424
1.33357
1.3329
1.33223
1.33156
1.3309
1.33023
1.32956
1.32889
1.32823
1.32756
1.32689
1.32623
1.32556
1.32489
1.32423
1.32356
1.3229
1.32223
1.32156
1.3209
1.32023
1.31957
1.3189
1.31824
1.31757
1.31691
1.31624
1.31558
1.31492
1.31425
1.31359
1.31293
1.31226
1.3116
1.31093
1.31027
1.30961
1.30895
1.30828
1.30762
1.30696
1.3063
1.30563
1.30497
1.30431
1.30365
1.30299
1.30233
1.30167
1.30101
1.30034
1.29968
1.29902
1.29836
1.2977
1.29704
1.29638
1.29572
1.29506
1.2944
1.29375
1.29309
1.29243
1.29177
1.29111
1.29045
1.28979
1.28913
1.28848
1.28782
1.28716
1.2865
1.28585
1.28519
1.28453
1.28388
1.28322
1.28256
1.28191
1.28125
1.28059
1.27994
1.27928
1.27863
1.27797
1.27732
1.27666
1.27601
1.27535
1.2747
1.27404
1.27339
1.27273
1.27208
1.27143
1.27077
1.27012
1.26946
1.26881
1.26816
1.26751
1.26685
1.2662
1.26555
1.2649
1.26424
1.26359
1.26294
1.26229
1.26164
1.26099
1.26034
1.25968
1.25903
1.25838
1.25773
1.25708
1.25643
1.25578
1.25513
1.25448
1.25383
1.25318
1.25254
1.25189
1.25124
1.25059
1.24994
1.24929
1.24864
1.248
1.24735
1.2467
1.24605
1.24541
1.24476
1.24411
1.24347
1.24282
1.24217
1.24153
1.24088
1.24024
1.23959
1.23894
1.2383
1.23765
1.23701
1.23636
1.23572
1.23507
1.23443
1.23379
1.23314
1.2325
1.23186
1.23121
1.23057
1.22993
1.22928
1.22864
1.228
1.22735
1.22671
1.22607
1.22543
1.22479
1.22414
1.2235
1.22286
1.22222
1.22158
1.22094
1.2203
1.21966
1.21902
1.21838
1.21774
1.2171
1.21646
1.21582
1.21518
1.21454
1.2139
1.21327
1.21263
1.21199
1.21135
1.21071
1.21007
1.20944
1.2088
1.20816
1.20753
1.20689
1.20625
1.20562
1.20498
1.20434
1.20371
1.20307
1.20244
1.2018
1.20117
1.20053
1.1999
1.19926
1.19863
1.19799
1.19736
1.19672
1.19609
1.19546
1.19482
1.19419
1.19356
1.19292
1.19229
1.19166
1.19103
1.19039
1.18976
1.18913
1.1885
1.18787
1.18724
1.18661
1.18597
1.18534
1.18471
1.18408
1.18345
1.18282
1.18219
1.18156
1.18093
1.18031
1.17968
1.17905
1.17842
1.17779
1.17716
1.17653
1.17591
1.17528
1.17465
1.17402
1.1734
1.17277
1.17214
1.17152
1.17089
1.17026
1.16964
1.16901
1.16838
1.16776
1.16713
1.16651
1.16588
1.16526
1.16463
1.16401
1.16339
1.16276
1.16214
1.16151
1.16089
1.16027
1.15964
1.15902
1.1584
1.15778
1.15715
1.15653
1.15591
1.15529
1.15467
1.15404
1.15342
1.1528
1.15218
1.15156
1.15094
1.15032
1.1497
1.14908
1.14846
1.14784
1.14722
1.1466
1.14598
1.14536
1.14474
1.14413
1.14351
1.14289
1.14227
1.14165
1.14104
1.14042
1.1398
1.13919
1.13857
1.13795
1.13734
1.13672
1.1361
1.13549
1.13487
1.13426
1.13364
1.13303
1.13241
1.1318
1.13118
1.13057
1.12996
1.12934
1.12873
1.12811
1.1275
1.12689
1.12627
1.12566
1.12505
1.12444
1.12383
1.12321
1.1226
1.12199
1.12138
1.12077
1.12016
1.11955
1.11893
1.11832
1.11771
1.1171
1.11649
1.11588
1.11528
1.11467
1.11406
1.11345
1.11284
1.11223
1.11162
1.11101
1.11041
1.1098
1.10919
1.10858
1.10798
1.10737
1.10676
1.10616
1.10555
1.10494
1.10434
1.10373
1.10313
1.10252
1.10192
1.10131
1.10071
1.1001
1.0995
1.09889
1.09829
1.09769
1.09708
1.09648
1.09588
1.09527
1.09467
1.09407
1.09347
1.09286
1.09226
1.09166
1.09106
1.09046
1.08985
1.08925
1.08865
1.08805
1.08745
1.08685
1.08625
1.08565
1.08505
1.08445
1.08385
1.08325
1.08266
1.08206
1.08146
1.08086
1.08026
1.07966
1.07907
1.07847
1.07787
1.07727
1.07668
1.07608
1.07548
1.07489
1.07429
1.0737
1.0731
1.0725
1.07191
1.07131
1.07072
1.07012
1.06953
1.06893
1.06834
1.06775
1.06715
1.06656
1.06597
1.06537
1.06478
1.06419
1.06359
1.063
1.06241
1.06182
1.06123
1.06063
1.06004
1.05945
1.05886
1.05827
1.05768
1.05709
1.0565
1.05591
1.05532
1.05473
1.05414
1.05355
1.05296
1.05237
1.05179
1.0512
1.05061
1.05002
1.04943
1.04885
1.04826
1.04767
1.04708
1.0465
1.04591
1.04532
1.04474
1.04415
1.04357
1.04298
1.04239
1.04181
1.04122
1.04064
1.04006
1.03947
1.03889
1.0383
1.03772
1.03714
1.03655
1.03597
1.03539
1.0348
1.03422
1.03364
1.03306
1.03247
1.03189
1.03131
1.03073
1.03015
1.02957
1.02899
1.02841
1.02782
1.02724
1.02666
1.02608
1.02551
1.02493
1.02435
1.02377
1.02319
1.02261
1.02203
1.02145
1.02088
1.0203
1.01972
1.01914
1.01857
1.01799
1.01741
1.01684
1.01626
1.01568
1.01511
1.01453
1.01396
1.01338
1.0128
1.01223
1.01165
1.01108
1.01051
1.00993
1.00936
1.00878
1.00821
1.00764
1.00706
1.00649
1.00592
1.00535
1.00477
1.0042
1.00363
1.00306
1.00249
1.00191
1.00134
1.00077
1.0002
0.99963
0.99906
0.99849
0.99792
0.99735
0.99678
0.996211
0.995642
0.995073
0.994504
0.993935
0.993367
0.992799
0.992231
0.991663
0.991096
0.990528
0.989961
0.989394
0.988827
0.988261
0.987694
0.987128
0.986562
0.985996
0.985431
0.984865
0.9843
0.983735
0.98317
0.982606
0.982041
0.981477
0.980913
0.980349
0.979786
0.979222
0.978659
0.978096
0.977533
0.976971
0.976408
0.975846
0.975284
0.974722
0.974161
0.973599
0.973038
0.972477
0.971916
0.971356
0.970795
0.970235
0.969675
0.969115
0.968556
0.967996
0.967437
0.966878
0.966319
0.965761
0.965202
0.964644
0.964086
0.963528
0.962971
0.962413
0.961856
0.961299
0.960742
0.960186
0.959629
0.959073
0.958517
0.957961
0.957406
0.95685
0.956295
0.95574
0.955185
0.95463
0.954076
0.953522
0.952968
0.952414
0.95186
0.951307
0.950753
0.9502
0.949648
0.949095
0.948542
0.94799
0.947438
0.946886
0.946335
0.945783
0.945232
0.944681
0.94413
0.943579
0.943029
0.942478
0.941928
0.941378
0.940829
0.940279
0.93973
0.939181
0.938632
0.938083
0.937535
0.936986
0.936438
0.93589
0.935342
0.934795
0.934248
0.9337
0.933153
0.932607
0.93206
0.931514
0.930968
0.930422
0.929876
0.92933
0.928785
0.92824
0.927695
0.92715
0.926605
0.926061
0.925516
0.924972
0.924429
0.923885
0.923342
0.922798
0.922255
0.921712
0.92117
0.920627
0.920085
0.919543
0.919001
0.918459
0.917918
0.917376
0.916835
0.916294
0.915754
0.915213
0.914673
0.914133
0.913593
0.913053
0.912513
0.911974
0.911435
0.910896
0.910357
0.909818
0.90928
0.908741
0.908203
0.907666
0.907128
0.90659
0.906053
0.905516
0.904979
0.904442
0.903906
0.90337
0.902833
0.902298
0.901762
0.901226
0.900691
0.900156
0.899621
0.899086
0.898551
0.898017
0.897483
0.896949
0.896415
0.895881
0.895348
0.894814
0.894281
0.893748
0.893215
0.892683
0.892151
0.891618
0.891086
0.890555
0.890023
0.889492
0.88896
0.888429
0.887899
0.887368
0.886837
0.886307
0.885777
0.885247
0.884717
0.884188
0.883659
0.883129
0.8826
0.882072
0.881543
0.881015
0.880486
0.879958
0.87943
0.878903
0.878375
0.877848
0.877321
0.876794
0.876267
0.87574
0.875214
0.874688
0.874162
0.873636
0.87311
0.872585
0.872059
0.871534
0.871009
0.870485
0.86996
0.869436
0.868912
0.868388
0.867864
0.86734
0.866817
0.866293
0.86577
0.865247
0.864724
0.864202
0.863679
0.863157
0.862635
0.862113
0.861592
0.86107
0.860549
0.860028
0.859507
0.858986
0.858465
0.857945
0.857425
0.856905
0.856385
0.855865
0.855345
0.854826
0.854307
0.853788
0.853269
0.85275
0.852232
0.851714
0.851196
0.850678
0.85016
0.849642
0.849125
0.848607
0.84809
0.847573
0.847057
0.84654
0.846024
0.845508
0.844992
0.844476
0.84396
0.843444
0.842929
0.842414
0.841899
0.841384
0.840869
0.840355
0.839841
0.839326
0.838812
0.838299
0.837785
0.837272
0.836758
0.836245
0.835732
0.835219
0.834707
0.834194
0.833682
0.83317
0.832658
0.832146
0.831634
0.831123
0.830612
0.830101
0.82959
0.829079
0.828568
0.828058
0.827547
0.827037
0.826527
0.826018
0.825508
0.824998
0.824489
0.82398
0.823471
0.822962
0.822453
0.821945
0.821437
0.820928
0.82042
0.819913
0.819405
0.818897
0.81839
0.817883
0.817376
0.816869
0.816362
0.815855
0.815349
0.814843
0.814336
0.813831
0.813325
0.812819
0.812314
0.811808
0.811303
0.810798
0.810293
0.809788
0.809284
0.808779
0.808275
0.807771
0.807267
0.806763
0.80626
0.805756
0.805253
0.80475
0.804247
0.803744
0.803241
0.802738
0.802236
0.801733
0.801231
0.800729
0.800227
0.799726
0.799224
0.798723
0.798221
0.79772
0.797219
0.796718
0.796218
0.796719
0.79722
0.797721
0.798223
0.798724
0.799226
0.799728
0.80023
0.800732
0.801234
0.801737
0.802239
0.802742
0.803245
0.803748
0.804252
0.804755
0.805259
0.805763
0.806267
0.806771
0.807276
0.807781
0.808286
0.808791
0.809296
0.809802
0.810308
0.810814
0.81132
0.811826
0.812333
0.81284
0.813347
0.813855
0.814363
0.814871
0.815379
0.815887
0.816396
0.816905
0.817414
0.817924
0.818433
0.818943
0.819454
0.819964
0.820475
0.820986
0.821498
0.822009
0.822521
0.823033
0.823546
0.824059
0.824572
0.825085
0.825599
0.826113
0.826627
0.827141
0.827656
0.828171
0.828687
0.829203
0.829719
0.830235
0.830751
0.831268
0.831786
0.832303
0.832821
0.833339
0.833858
0.834376
0.834895
0.835415
0.835935
0.836455
0.836975
0.837496
0.838017
0.838538
0.83906
0.839581
0.840104
0.840626
0.841149
0.841672
0.842196
0.84272
0.843244
0.843769
0.844293
0.844819
0.845344
0.84587
0.846396
0.846923
0.847449
0.847977
0.848504
0.849032
0.84956
0.850089
0.850617
0.851147
0.851676
0.852206
0.852736
0.853266
0.853797
0.854328
0.85486
0.855392
0.855924
0.856456
0.856989
0.857522
0.858056
0.85859
0.859124
0.859658
0.860193
0.860728
0.861264
0.8618
0.862336
0.862873
0.86341
0.863947
0.864484
0.865022
0.86556
0.866099
0.866638
0.867177
0.867717
0.868257
0.868797
0.869338
0.869878
0.87042
0.870961
0.871503
0.872046
0.872588
0.873131
0.873674
0.874218
0.874762
0.875306
0.875851
0.876396
0.876941
0.877487
0.878033
0.878579
0.879126
0.879673
0.88022
0.880768
0.881316
0.881865
0.882413
0.882962
0.883512
0.884061
0.884611
0.885162
0.885712
0.886263
0.886815
0.887367
0.887919
0.888471
0.889024
0.889577
0.89013
0.890684
0.891238
0.891792
0.892347
0.892902
0.893457
0.894013
0.894569
0.895125
0.895682
0.896239
0.896796
0.897354
0.897912
0.89847
0.899029
0.899588
0.900147
0.900707
0.901267
0.901827
0.902388
0.902949
0.90351
0.904072
0.904634
0.905196
0.905758
0.906321
0.906884
0.907448
0.908012
0.908576
0.909141
0.909705
0.910271
0.910836
0.911402
0.911968
0.912534
0.913101
0.913668
0.914236
0.914803
0.915371
0.91594
0.916508
0.917077
0.917647
0.918216
0.918786
0.919356
0.919927
0.920498
0.921069
0.921641
0.922212
0.922785
0.923357
0.92393
0.924503
0.925076
0.92565
0.926224
0.926798
0.927373
0.927948
0.928523
0.929099
0.929675
0.930251
0.930827
0.931404
0.931981
0.932559
0.933136
0.933714
0.934293
0.934871
0.93545
0.93603
0.936609
0.937189
0.937769
0.93835
0.938931
0.939512
0.940093
0.940675
0.941257
0.941839
0.942422
0.943004
0.943588
0.944171
0.944755
0.945339
0.945923
0.946508
0.947093
0.947678
0.948264
0.94885
0.949436
0.950022
0.950609
0.951196
0.951784
0.952371
0.952959
0.953547
0.954136
0.954725
0.955314
0.955903
0.956493
0.957083
0.957673
0.958264
0.958855
0.959446
0.960037
0.960629
0.961221
0.961813
0.962406
0.962999
0.963592
0.964186
0.964779
0.965373
0.965968
0.966562
0.967157
0.967752
0.968348
0.968944
0.96954
0.970136
0.970732
0.971329
0.971926
0.972524
0.973122
0.97372
0.974318
0.974916
0.975515
0.976114
0.976714
0.977314
0.977913
0.978514
0.979114
0.979715
0.980316
0.980917
0.981519
0.982121
0.982723
0.983326
0.983928
0.984531
0.985135
0.985738
0.986342
0.986946
0.98755
0.988155
0.98876
0.989365
0.98997
0.990576
0.991182
0.991788
0.992395
0.993002
0.993609
0.994216
0.994824
0.995432
0.99604
0.996648
0.997257
0.997866
0.998475
0.999084
0.999694
1.0003
1.00091
1.00152
1.00214
1.00275
1.00336
1.00397
1.00458
1.00519
1.00581
1.00642
1.00703
1.00764
1.00826
1.00887
1.00949
1.0101
1.01071
1.01133
1.01194
1.01256
1.01317
1.01379
1.01441
1.01502
1.01564
1.01626
1.01687
1.01749
1.01811
1.01872
1.01934
1.01996
1.02058
1.0212
1.02182
1.02244
1.02306
1.02368
1.0243
1.02492
1.02554
1.02616
1.02678
1.0274
1.02802
1.02864
1.02926
1.02989
1.03051
1.03113
1.03176
1.03238
1.033
1.03363
1.03425
1.03487
1.0355
1.03612
1.03675
1.03737
1.038
1.03862
1.03925
1.03988
1.0405
1.04113
1.04176
1.04238
1.04301
1.04364
1.04427
1.04489
1.04552
1.04615
1.04678
1.04741
1.04804
1.04867
1.0493
1.04993
1.05056
1.05119
1.05182
1.05245
1.05308
1.05371
1.05434
1.05498
1.05561
1.05624
1.05687
1.05751
1.05814
1.05877
1.0594
1.06004
1.06067
1.06131
1.06194
1.06258
1.06321
1.06385
1.06448
1.06512
1.06575
1.06639
1.06702
1.06766
1.0683
1.06893
1.06957
1.07021
1.07085
1.07148
1.07212
1.07276
1.0734
1.07404
1.07468
1.07531
1.07595
1.07659
1.07723
1.07787
1.07851
1.07915
1.07979
1.08044
1.08108
1.08172
1.08236
1.083
1.08364
1.08429
1.08493
1.08557
1.08621
1.08686
1.0875
1.08814
1.08879
1.08943
1.09007
1.09072
1.09136
1.09201
1.09265
1.0933
1.09394
1.09459
1.09523
1.09588
1.09653
1.09717
1.09782
1.09847
1.09911
1.09976
1.10041
1.10106
1.1017
1.10235
1.103
1.10365
1.1043
1.10495
1.10559
1.10624
1.10689
1.10754
1.10819
1.10884
1.10949
1.11014
1.11079
1.11145
1.1121
1.11275
1.1134
1.11405
1.1147
1.11536
1.11601
1.11666
1.11731
1.11797
1.11862
1.11927
1.11993
1.12058
1.12123
1.12189
1.12254
1.1232
1.12385
1.12451
1.12516
1.12582
1.12647
1.12713
1.12778
1.12844
1.1291
1.12975
1.13041
1.13106
1.13172
1.13238
1.13304
1.13369
1.13435
1.13501
1.13567
1.13633
1.13698
1.13764
1.1383
1.13896
1.13962
1.14028
1.14094
1.1416
1.14226
1.14292
1.14358
1.14424
1.1449
1.14556
1.14622
1.14688
1.14755
1.14821
1.14887
1.14953
1.15019
1.15086
1.15152
1.15218
1.15284
1.15351
1.15417
1.15483
1.1555
1.15616
1.15682
1.15749
1.15815
1.15882
1.15948
1.16015
1.16081
1.16148
1.16214
1.16281
1.16347
1.16414
1.1648
1.16547
1.16614
1.1668
1.16747
1.16814
1.1688
1.16947
1.17014
1.17081
1.17147
1.17214
1.17281
1.17348
1.17415
1.17482
1.17548
1.17615
1.17682
1.17749
1.17816
1.17883
1.1795
1.18017
1.18084
1.18151
1.18218
1.18285
1.18352
1.18419
1.18486
1.18553
1.18621
1.18688
1.18755
1.18822
1.18889
1.18956
1.19024
1.19091
1.19158
1.19225
1.19293
1.1936
1.19427
1.19495
1.19562
1.19629
1.19697
1.19764
1.19832
1.19899
1.19967
1.20034
1.20101
1.20169
1.20236
1.20304
1.20372
1.20439
1.20507
1.20574
1.20642
1.20709
1.20777
1.20845
1.20912
1.2098
1.21048
1.21115
1.21183
1.21251
1.21319
1.21386
1.21454
1.21522
1.2159
1.21658
1.21725
1.21793
1.21861
1.21929
1.21997
1.22065
1.22133
1.22201
1.22268
1.22336
1.22404
1.22472
1.2254
1.22608
1.22676
1.22744
1.22813
1.22881
1.22949
1.23017
1.23085
1.23153
1.23221
1.23289
1.23357
1.23426
1.23494
1.23562
1.2363
1.23698
1.23767
1.23835
1.23903
1.23971
1.2404
1.24108
1.24176
1.24245
1.24313
1.24381
1.2445
1.24518
1.24587
1.24655
1.24723
1.24792
1.2486
1.24929
1.24997
1.25066
1.25134
1.25203
1.25271
1.2534
1.25408
1.25477
1.25545
1.25614
1.25683
1.25751
1.2582
1.25888
1.25957
1.26026
1.26094
1.26163
1.26232
1.263
1.26369
1.26438
1.26507
1.26575
1.26644
1.26713
1.26782
1.26851
1.26919
1.26988
1.27057
1.27126
1.27195
1.27264
1.27332
1.27401
1.2747
1.27539
1.27608
1.27677
1.27746
1.27815
1.27884
1.27953
1.28022
1.28091
1.2816
1.28229
1.28298
1.28367
1.28436
1.28505
1.28574
1.28643
1.28712
1.28781
1.2885
1.28919
1.28989
1.29058
1.29127
1.29196
1.29265
1.29334
1.29404
1.29473
1.29542
1.29611
1.29681
1.2975
1.29819
1.29888
1.29958
1.30027
1.30096
1.30165
1.30235
1.30304
1.30373
1.30443
1.30512
1.30581
1.30651
1.3072
1.3079
1.30859
1.30928
1.30998
1.31067
1.31137
1.31206
1.31275
1.31345
1.31414
1.31484
1.31553
1.31623
1.31692
1.31762
1.31831
1.31901
1.3197
1.3204
1.3211
1.32179
1.32249
1.32318
1.32388
1.32457
1.32527
1.32597
1.32666
1.32736
1.32806
1.32875
1.32945
1.33015
1.33084
1.33154
1.33224
1.33293
1.33363
1.33433
1.33502
1.33572
1.33642
1.33712
1.33781
1.33851
1.33921
1.33991
1.3406
1.3413
1.342
1.3427
1.3434
1.34409
1.34479
1.34549
1.34619
1.34689
1.34759
1.34828
1.34898
1.34968
1.35038
1.35108
1.35178
1.35248
1.35318
1.35388
1.35458
1.35527
1.35597
1.35667
1.35737
1.35807
1.35877
1.35947
1.36017
1.36087
1.36157
1.36227
1.36297
1.36367
1.36437
1.36507
1.36577
1.36647
1.36717
1.36787
1.36857
1.36927
1.36997
1.37067
1.37138
1.37208
1.37278
1.37348
1.37418
1.37488
1.37558
1.37628
1.37698
1.37768
1.37839
1.37909
1.37979
1.38049
1.38119
1.38189
1.38259
1.3833
1.384
1.3847
1.3854
1.3861
1.3868
1.38751
1.38821
1.38891
1.38961
1.39032
1.39102
1.39172
1.39242
1.39312
1.39383
1.39453
1.39523
1.39593
1.39664
1.39734
1.39804
1.39874
1.39945
1.40015
1.40085
1.40156
1.40226
1.40296
1.40366
1.40437
1.40507
1.40577
1.40648
1.40718
1.40788
1.40859
1.40929
1.40999
1.4107
1.4114
1.4121
1.41281
1.41351
1.41421
1.41492
1.41562
1.41632
1.41703
1.41773
1.41844
1.41914
1.41984
1.42055
1.42125
1.42195
1.42266
1.42336
1.42407
1.42477
1.42547
1.42618
1.42688
1.42759
1.42829
1.42899
1.4297
1.4304
1.43111
1.43181
1.43252
1.43322
1.43392
1.43463
1.43533
1.43604
1.43674
1.43745
1.43815
1.43886
1.43956
1.44026
1.44097
1.44167
1.44238
1.44308
1.44379
1.44449
1.4452
1.4459
1.44661
1.44731
1.44802
1.44872
1.44943
1.45013
1.45084
1.45154
1.45225
1.45295
1.45366
1.45436
1.45506
1.45577
1.45647
1.45718
1.45788
1.45859
1.45929
1.46
1.4607
1.46141
1.46211
1.46282
1.46352
1.46423
1.46493
1.46564
1.46634
1.46705
1.46776
1.46846
1.46917
1.46987
1.47058
1.47128
1.47199
1.47269
1.4734
1.4741
1.47481
1.47551
1.47622
1.47692
1.47763
1.47833
1.47904
1.47974
1.48045
1.48115
1.48186
1.48256
1.48327
1.48397
1.48468
1.48538
1.48609
1.48679
1.4875
1.4882
1.48891
1.48961
1.49032
1.49102
1.49173
1.49243
1.49314
1.49384
1.49455
1.49525
1.49596
1.49666
1.49737
1.49807
1.49878
1.49948
1.50019
1.50089
1.5016
1.5023
1.50301
1.50371
1.50442
1.50512
1.50583
1.50653
1.50724
1.50794
1.50865
1.50935
1.51006
1.51076
1.51147
1.51217
1.51288
1.51358
1.51429
1.51499
1.5157
1.5164
1.51711
1.51781
1.51851
1.51922
1.51992
1.52063
1.52133
1.52204
1.52274
1.52345
1.52415
1.52486
1.52556
1.52626
1.52697
1.52767
1.52838
1.52908
1.52979
1.53049
1.53119
1.5319
1.5326
1.53331
1.53401
1.53471
1.53542
1.53612
1.53683
1.53753
1.53823
1.53894
1.53964
1.54035
1.54105
1.54175
1.54246
1.54316
1.54386
1.54457
1.54527
1.54598
1.54668
1.54738
1.54809
1.54879
1.54949
1.5502
1.5509
1.5516
1.55231
1.55301
1.55371
1.55442
1.55512
1.55582
1.55652
1.55723
1.55793
1.55863
1.55934
1.56004
1.56074
1.56144
1.56215
1.56285
1.56355
1.56426
1.56496
1.56566
1.56636
1.56707
1.56777
1.56847
1.56917
1.56987
1.57058
1.57128
1.57198
1.57268
1.57338
1.57409
1.57479
1.57549
1.57619
1.57689
1.5776
1.5783
1.579
1.5797
1.5804
1.5811
1.58181
1.58251
1.58321
1.58391
1.58461
1.58531
1.58601
1.58671
1.58741
1.58812
1.58882
1.58952
1.59022
1.59092
1.59162
1.59232
1.59302
1.59372
1.59442
1.59512
1.59582
1.59652
1.59722
1.59792
1.59862
1.59932
1.60002
1.60072
1.60142
1.60212
1.60282
1.60352
1.60422
1.60492
1.60562
1.60632
1.60702
1.60772
1.60842
1.60912
1.60982
1.61052
1.61121
1.61191
1.61261
1.61331
1.61401
1.61471
1.61541
1.61611
1.6168
1.6175
1.6182
1.6189
1.6196
1.6203
1.62099
1.62169
1.62239
1.62309
1.62379
1.62448
1.62518
1.62588
1.62658
1.62727
1.62797
1.62867
1.62937
1.63006
1.63076
1.63146
1.63215
1.63285
1.63355
1.63424
1.63494
1.63564
1.63633
1.63703
1.63773
1.63842
1.63912
1.63982
1.64051
1.64121
1.6419
1.6426
1.64329
1.64399
1.64469
1.64538
1.64608
1.64677
1.64747
1.64816
1.64886
1.64955
1.65025
1.65094
1.65164
1.65233
1.65303
1.65372
1.65442
1.65511
1.6558
1.6565
1.65719
1.65789
1.65858
1.65927
1.65997
1.66066
1.66136
1.66205
1.66274
1.66344
1.66413
1.66482
1.66551
1.66621
1.6669
1.66759
1.66829
1.66898
1.66967
1.67036
1.67106
1.67175
1.67244
1.67313
1.67382
1.67452
1.67521
1.6759
1.67659
1.67728
1.67797
1.67867
1.67936
1.68005
1.68074
1.68143
1.68212
1.68281
1.6835
1.68419
1.68488
1.68557
1.68626
1.68695
1.68764
1.68833
1.68902
1.68971
1.6904
1.69109
1.69178
1.69247
1.69316
1.69385
1.69454
1.69523
1.69592
1.69661
1.69729
1.69798
1.69867
1.69936
1.70005
1.70074
1.70142
1.70211
1.7028
1.70349
1.70418
1.70486
1.70555
1.70624
1.70693
1.70761
1.7083
1.70899
1.70967
1.71036
1.71105
1.71173
1.71242
1.71311
1.71379
1.71448
1.71516
1.71585
1.71654
1.71722
1.71791
1.71859
1.71928
1.71996
1.72065
1.72133
1.72202
1.7227
1.72339
1.72407
1.72476
1.72544
1.72613
1.72681
1.72749
1.72818
1.72886
1.72954
1.73023
1.73091
1.73159
1.73228
1.73296
1.73364
1.73433
1.73501
1.73569
1.73637
1.73706
1.73774
1.73842
1.7391
1.73978
1.74047
1.74115
1.74183
1.74251
1.74319
1.74387
1.74455
1.74524
1.74592
1.7466
1.74728
1.74796
1.74864
1.74932
1.75
1.75068
1.75136
1.75204
1.75272
1.7534
1.75408
1.75476
1.75544
1.75611
1.75679
1.75747
1.75815
1.75883
1.75951
1.76019
1.76086
1.76154
1.76222
1.7629
1.76357
1.76425
1.76493
1.76561
1.76628
1.76696
1.76764
1.76831
1.76899
1.76967
1.77034
1.77102
1.7717
1.77237
1.77305
1.77372
1.7744
1.77507
1.77575
1.77643
1.7771
1.77778
1.77845
1.77912
1.7798
1.78047
1.78115
1.78182
1.7825
1.78317
1.78384
1.78452
1.78519
1.78586
1.78654
1.78721
1.78788
1.78856
1.78923
1.7899
1.79057
1.79125
1.79192
1.79259
1.79326
1.79393
1.7946
1.79528
1.79595
1.79662
1.79729
1.79796
1.79863
1.7993
1.79997
1.80064
1.80131
1.80198
1.80265
1.80332
1.80399
1.80466
1.80533
1.806
1.80667
1.80734
1.80801
1.80867
1.80934
1.81001
1.81068
1.81135
1.81202
1.81268
1.81335
1.81402
1.81469
1.81535
1.81602
1.81669
1.81735
1.81802
1.81869
1.81935
1.82002
1.82069
1.82135
1.82202
1.82268
1.82335
1.82401
1.82468
1.82534
1.82601
1.82667
1.82734
1.828
1.82867
1.82933
1.82999
1.83066
1.83132
1.83199
1.83265
1.83331
1.83397
1.83464
1.8353
1.83596
1.83663
1.83729
1.83795
1.83861
1.83927
1.83994
1.8406
1.84126
1.84192
1.84258
1.84324
1.8439
1.84456
1.84522
1.84588
1.84654
1.8472
1.84786
1.84852
1.84918
1.84984
1.8505
1.85116
1.85182
1.85248
1.85314
1.8538
1.85445
1.85511
1.85577
1.85643
1.85709
1.85774
1.8584
1.85906
1.85972
1.86037
1.86103
1.86169
1.86234
1.863
1.86366
1.86431
1.86497
1.86562
1.86628
1.86693
1.86759
1.86824
1.8689
1.86955
1.87021
1.87086
1.87152
1.87217
1.87282
1.87348
1.87413
1.87479
1.87544
1.87609
1.87674
1.8774
1.87805
1.8787
1.87935
1.88001
1.88066
1.88131
1.88196
1.88261
1.88327
1.88392
1.88457
1.88522
1.88587
1.88652
1.88717
1.88782
1.88847
1.88912
1.88977
1.89042
1.89107
1.89172
1.89237
1.89302
1.89366
1.89431
1.89496
1.89561
1.89626
1.8969
1.89755
1.8982
1.89885
1.89949
1.90014
1.90079
1.90144
1.90208
1.90273
1.90337
1.90402
1.90467
1.90531
1.90596
1.9066
1.90725
1.90789
1.90854
1.90918
1.90983
1.91047
1.91111
1.91176
1.9124
1.91305
1.91369
1.91433
1.91498
1.91562
1.91626
1.9169
1.91755
1.91819
1.91883
1.91947
1.92012
1.92076
1.9214
1.92204
1.92268
1.92332
1.92396
1.9246
1.92524
1.92588
1.92652
1.92716
1.9278
1.92844
1.92908
1.92972
1.93036
1.931
1.93164
1.93228
1.93291
1.93355
1.93419
1.93483
1.93546
1.9361
1.93674
1.93738
1.93801
1.93865
1.93929
1.93992
1.94056
1.94119
1.94183
1.94247
1.9431
1.94374
1.94437
1.94501
1.94564
1.94628
1.94691
1.94755
1.94818
1.94881
1.94945
1.95008
1.95071
1.95135
1.95198
1.95261
1.95324
1.95388
1.95451
1.95514
1.95577
1.95641
1.95704
1.95767
1.9583
1.95893
1.95956
1.96019
1.96082
1.96145
1.96208
1.96271
1.96334
1.96397
1.9646
1.96523
1.96586
1.96649
1.96712
1.96774
1.96837
1.969
1.96963
1.97026
1.97088
1.97151
1.97214
1.97277
1.97339
1.97402
1.97465
1.97527
1.9759
1.97652
1.97715
1.97778
1.9784
1.97903
1.97965
1.98028
1.9809
1.98152
1.98215
1.98277
1.9834
1.98402
1.98464
1.98527
1.98589
1.98651
1.98714
1.98776
1.98838
1.989
1.98962
1.99025
1.99087
1.99149
1.99211
1.99273
1.99335
1.99397
1.99459
1.99521
1.99583
1.99645
1.99707
1.99769
1.99831
1.99893
1.99955
2.00017
2.00079
2.00141
2.00203
2.00264
2.00326
2.00388
2.0045
2.00511
2.00573
2.00635
2.00697
2.00758
2.0082
2.00881
2.00943
2.01005
2.01066
2.01128
2.01189
2.01251
2.01312
2.01374
2.01435
2.01497
2.01558
2.01619
2.01681
2.01742
2.01804
2.01865
2.01926
2.01987
2.02049
2.0211
2.02171
2.02232
2.02294
2.02355
2.02416
2.02477
2.02538
2.02599
2.0266
2.02721
2.02782
2.02843
2.02904
2.02965
2.03026
2.03087
2.03148
2.03209
2.0327
2.03331
2.03392
2.03452
2.03513
2.03574
2.03635
2.03696
2.03756
2.03817
2.03878
2.03938
2.03999
2.0406
2.0412
2.04181
2.04241
2.04302
2.04362
2.04423
2.04483
2.04544
2.04604
2.04665
2.04725
2.04786
2.04846
2.04906
2.04967
2.05027
2.05087
2.05148
2.05208
2.05268
2.05328
2.05389
2.05449
2.05509
2.05569
2.05629
2.05689
2.05749
2.0581
2.0587
2.0593
2.0599
2.0605
2.0611
2.0617
2.06229
2.06289
2.06349
2.06409
2.06469
2.06529
2.06589
2.06648
2.06708
2.06768
2.06828
2.06887
2.06947
2.07007
2.07067
2.07126
2.07186
2.07245
2.07305
2.07365
2.07424
2.07484
2.07543
2.07603
2.07662
2.07722
2.07781
2.0784
2.079
2.07959
2.08018
2.08078
2.08137
2.08196
2.08256
2.08315
2.08374
2.08433
2.08493
2.08552
2.08611
2.0867
2.08729
2.08788
2.08847
2.08906
2.08965
2.09024
2.09083
2.09142
2.09201
2.0926
2.09319
2.09378
2.09437
2.09496
2.09555
2.09614
2.09672
2.09731
2.0979
2.09849
2.09907
2.09966
2.10025
2.10083
2.10142
2.10201
2.10259
2.10318
2.10376
2.10435
2.10494
2.10552
2.10611
2.10669
2.10727
2.10786
2.10844
2.10903
2.10961
2.11019
2.11078
2.11136
2.11194
2.11253
2.11311
2.11369
2.11427
2.11486
2.11544
2.11602
2.1166
2.11718
2.11776
2.11834
2.11892
2.1195
2.12008
2.12066
2.12124
2.12182
2.1224
2.12298
2.12356
2.12414
2.12472
2.1253
2.12588
2.12645
2.12703
2.12761
2.12819
2.12876
2.12934
2.12992
2.13049
2.13107
2.13165
2.13222
2.1328
2.13337
2.13395
2.13452
2.1351
2.13567
2.13625
2.13682
2.1374
2.13797
2.13855
2.13912
2.13969
2.14027
2.14084
2.14141
2.14199
2.14256
2.14313
2.1437
2.14427
2.14485
2.14542
2.14599
2.14656
2.14713
2.1477
2.14827
2.14884
2.14941
2.14998
2.15055
2.15112
2.15169
2.15226
2.15283
2.1534
2.15397
2.15454
2.1551
2.15567
2.15624
2.15681
2.15738
2.15794
2.15851
2.15908
2.15964
2.16021
2.16078
2.16134
2.16191
2.16247
2.16304
2.1636
2.16417
2.16473
2.1653
2.16586
2.16643
2.16699
2.16756
2.16812
2.16868
2.16925
2.16981
2.17037
2.17094
2.1715
2.17206
2.17262
2.17319
2.17375
2.17431
2.17487
2.17543
2.17599
2.17655
2.17711
2.17767
2.17823
2.17879
2.17935
2.17991
2.18047
2.18103
2.18159
2.18215
2.18271
2.18327
2.18383
2.18438
2.18494
2.1855
2.18606
2.18662
2.18717
2.18773
2.18829
2.18884
2.1894
2.18996
2.19051
2.19107
2.19162
2.19218
2.19273
2.19329
2.19384
2.1944
2.19495
2.19551
2.19606
2.19662
2.19717
2.19772
2.19828
2.19883
2.19938
2.19993
2.20049
2.20104
2.20159
2.20214
2.2027
2.20325
2.2038
2.20435
2.2049
2.20545
2.206
2.20655
2.2071
2.20765
2.2082
2.20875
2.2093
2.20985
2.2104
2.21095
2.2115
2.21205
2.2126
2.21314
2.21369
2.21424
2.21479
2.21534
2.21588
2.21643
2.21698
2.21752
2.21807
2.21862
2.21916
2.21971
2.22025
2.2208
2.22135
2.22189
2.22244
2.22298
2.22353
2.22407
2.22461
2.22516
2.2257
2.22625
2.22679
2.22733
2.22788
2.22842
2.22896
2.2295
2.23005
2.23059
2.23113
2.23167
2.23222
2.23276
2.2333
2.23384
2.23438
2.23492
2.23546
2.236
2.23654
2.23708
2.23762
2.23816
2.2387
2.23924
2.23978
2.24032
2.24086
2.2414
2.24194
2.24247
2.24301
2.24355
2.24409
2.24462
2.24516
2.2457
2.24624
2.24677
2.24731
2.24785
2.24838
2.24892
2.24945
2.24999
2.25053
2.25106
2.2516
2.25213
2.25267
2.2532
2.25374
2.25427
2.2548
2.25534
2.25587
2.25641
2.25694
2.25747
2.25801
2.25854
2.25907
2.2596
2.26014
2.26067
2.2612
2.26173
2.26226
2.26279
2.26333
2.26386
2.26439
2.26492
2.26545
2.26598
2.26651
2.26704
2.26757
2.2681
2.26863
2.26916
2.26969
2.27022
2.27075
2.27128
2.2718
2.27233
2.27286
2.27339
2.27392
2.27444
2.27497
2.2755
2.27603
2.27655
2.27708
2.27761
2.27813
2.27866
2.27919
2.27971
2.28024
2.28076
2.28129
2.28181
2.28234
2.28286
2.28339
2.28391
2.28444
2.28496
2.28549
2.28601
2.28654
2.28706
2.28758
2.28811
2.28863
2.28915
2.28968
2.2902
2.29072
2.29124
2.29177
2.29229
2.29281
2.29333
2.29385
2.29437
2.2949
2.29542
2.29594
2.29646
2.29698
2.2975
2.29802
2.29854
2.29906
2.29958
2.3001
2.30062
2.30114
2.30166
2.30218
2.3027
2.30321
2.30373
2.30425
2.30477
2.30529
2.30581
2.30632
2.30684
2.30736
2.30788
2.30839
2.30891
2.30943
2.30995
2.31046
2.31098
2.31149
2.31201
2.31253
2.31304
2.31356
2.31407
2.31459
2.3151
2.31562
2.31511
2.31459
2.31407
2.31356
2.31304
2.31253
2.31201
2.3115
2.31098
2.31046
2.30995
2.30943
2.30891
2.3084
2.30788
2.30736
2.30685
2.30633
2.30581
2.30529
2.30477
2.30425
2.30374
2.30322
2.3027
2.30218
2.30166
2.30114
2.30062
2.3001
2.29958
2.29906
2.29854
2.29801
2.29749
2.29697
2.29645
2.29593
2.2954
2.29488
2.29436
2.29384
2.29331
2.29279
2.29226
2.29174
2.29122
2.29069
2.29017
2.28964
2.28911
2.28859
2.28806
2.28754
2.28701
2.28648
2.28595
2.28543
2.2849
2.28437
2.28384
2.28331
2.28278
2.28225
2.28172
2.28119
2.28066
2.28013
2.2796
2.27907
2.27854
2.27801
2.27748
2.27694
2.27641
2.27588
2.27534
2.27481
2.27428
2.27374
2.27321
2.27267
2.27214
2.2716
2.27107
2.27053
2.26999
2.26946
2.26892
2.26838
2.26784
2.26731
2.26677
2.26623
2.26569
2.26515
2.26461
2.26407
2.26353
2.26299
2.26245
2.26191
2.26137
2.26082
2.26028
2.25974
2.2592
2.25865
2.25811
2.25756
2.25702
2.25648
2.25593
2.25539
2.25484
2.25429
2.25375
2.2532
2.25265
2.25211
2.25156
2.25101
2.25046
2.24991
2.24937
2.24882
2.24827
2.24772
2.24717
2.24662
2.24606
2.24551
2.24496
2.24441
2.24386
2.24331
2.24275
2.2422
2.24165
2.24109
2.24054
2.23998
2.23943
2.23887
2.23832
2.23776
2.23721
2.23665
2.23609
2.23553
2.23498
2.23442
2.23386
2.2333
2.23274
2.23218
2.23163
2.23107
2.23051
2.22994
2.22938
2.22882
2.22826
2.2277
2.22714
2.22657
2.22601
2.22545
2.22489
2.22432
2.22376
2.22319
2.22263
2.22206
2.2215
2.22093
2.22037
2.2198
2.21923
2.21867
2.2181
2.21753
2.21696
2.21639
2.21583
2.21526
2.21469
2.21412
2.21355
2.21298
2.21241
2.21184
2.21127
2.21069
2.21012
2.20955
2.20898
2.2084
2.20783
2.20726
2.20668
2.20611
2.20554
2.20496
2.20439
2.20381
2.20323
2.20266
2.20208
2.20151
2.20093
2.20035
2.19977
2.1992
2.19862
2.19804
2.19746
2.19688
2.1963
2.19572
2.19514
2.19456
2.19398
2.1934
2.19282
2.19224
2.19166
2.19107
2.19049
2.18991
2.18933
2.18874
2.18816
2.18757
2.18699
2.1864
2.18582
2.18523
2.18465
2.18406
2.18348
2.18289
2.1823
2.18172
2.18113
2.18054
2.17995
2.17937
2.17878
2.17819
2.1776
2.17701
2.17642
2.17583
2.17524
2.17465
2.17406
2.17347
2.17287
2.17228
2.17169
2.1711
2.17051
2.16991
2.16932
2.16873
2.16813
2.16754
2.16694
2.16635
2.16575
2.16516
2.16456
2.16397
2.16337
2.16277
2.16218
2.16158
2.16098
2.16038
2.15979
2.15919
2.15859
2.15799
2.15739
2.15679
2.15619
2.15559
2.15499
2.15439
2.15379
2.15319
2.15259
2.15199
2.15139
2.15078
2.15018
2.14958
2.14898
2.14837
2.14777
2.14716
2.14656
2.14596
2.14535
2.14475
2.14414
2.14354
2.14293
2.14232
2.14172
2.14111
2.1405
2.1399
2.13929
2.13868
2.13807
2.13747
2.13686
2.13625
2.13564
2.13503
2.13442
2.13381
2.1332
2.13259
2.13198
2.13137
2.13076
2.13014
2.12953
2.12892
2.12831
2.1277
2.12708
2.12647
2.12586
2.12524
2.12463
2.12402
2.1234
2.12279
2.12217
2.12156
2.12094
2.12032
2.11971
2.11909
2.11848
2.11786
2.11724
2.11663
2.11601
2.11539
2.11477
2.11415
2.11353
2.11292
2.1123
2.11168
2.11106
2.11044
2.10982
2.1092
2.10858
2.10796
2.10734
2.10671
2.10609
2.10547
2.10485
2.10423
2.1036
2.10298
2.10236
2.10173
2.10111
2.10049
2.09986
2.09924
2.09861
2.09799
2.09736
2.09674
2.09611
2.09549
2.09486
2.09423
2.09361
2.09298
2.09235
2.09173
2.0911
2.09047
2.08984
2.08922
2.08859
2.08796
2.08733
2.0867
2.08607
2.08544
2.08481
2.08418
2.08355
2.08292
2.08229
2.08166
2.08103
2.08039
2.07976
2.07913
2.0785
2.07787
2.07723
2.0766
2.07597
2.07533
2.0747
2.07407
2.07343
2.0728
2.07216
2.07153
2.07089
2.07026
2.06962
2.06899
2.06835
2.06771
2.06708
2.06644
2.0658
2.06517
2.06453
2.06389
2.06325
2.06262
2.06198
2.06134
2.0607
2.06006
2.05942
2.05878
2.05814
2.0575
2.05686
2.05622
2.05558
2.05494
2.0543
2.05366
2.05302
2.05238
2.05173
2.05109
2.05045
2.04981
2.04917
2.04852
2.04788
2.04724
2.04659
2.04595
2.0453
2.04466
2.04402
2.04337
2.04273
2.04208
2.04144
2.04079
2.04014
2.0395
2.03885
2.03821
2.03756
2.03691
2.03627
2.03562
2.03497
2.03432
2.03368
2.03303
2.03238
2.03173
2.03108
2.03043
2.02979
2.02914
2.02849
2.02784
2.02719
2.02654
2.02589
2.02524
2.02459
2.02393
2.02328
2.02263
2.02198
2.02133
2.02068
2.02003
2.01937
2.01872
2.01807
2.01741
2.01676
2.01611
2.01545
2.0148
2.01415
2.01349
2.01284
2.01218
2.01153
2.01087
2.01022
2.00956
2.00891
2.00825
2.0076
2.00694
2.00629
2.00563
2.00497
2.00432
2.00366
2.003
2.00234
2.00169
2.00103
2.00037
1.99971
1.99905
1.9984
1.99774
1.99708
1.99642
1.99576
1.9951
1.99444
1.99378
1.99312
1.99246
1.9918
1.99114
1.99048
1.98982
1.98916
1.9885
1.98783
1.98717
1.98651
1.98585
1.98519
1.98452
1.98386
1.9832
1.98254
1.98187
1.98121
1.98055
1.97988
1.97922
1.97856
1.97789
1.97723
1.97656
1.9759
1.97523
1.97457
1.9739
1.97324
1.97257
1.97191
1.97124
1.97057
1.96991
1.96924
1.96857
1.96791
1.96724
1.96657
1.96591
1.96524
1.96457
1.9639
1.96324
1.96257
1.9619
1.96123
1.96056
1.95989
1.95922
1.95856
1.95789
1.95722
1.95655
1.95588
1.95521
1.95454
1.95387
1.9532
1.95253
1.95186
1.95118
1.95051
1.94984
1.94917
1.9485
1.94783
1.94716
1.94648
1.94581
1.94514
1.94447
1.94379
1.94312
1.94245
1.94178
1.9411
1.94043
1.93976
1.93908
1.93841
1.93773
1.93706
1.93638
1.93571
1.93504
1.93436
1.93369
1.93301
1.93234
1.93166
1.93098
1.93031
1.92963
1.92896
1.92828
1.9276
1.92693
1.92625
1.92557
1.9249
1.92422
1.92354
1.92287
1.92219
1.92151
1.92083
1.92016
1.91948
1.9188
1.91812
1.91744
1.91676
1.91608
1.91541
1.91473
1.91405
1.91337
1.91269
1.91201
1.91133
1.91065
1.90997
1.90929
1.90861
1.90793
1.90725
1.90657
1.90589
1.90521
1.90452
1.90384
1.90316
1.90248
1.9018
1.90112
1.90043
1.89975
1.89907
1.89839
1.89771
1.89702
1.89634
1.89566
1.89497
1.89429
1.89361
1.89292
1.89224
1.89156
1.89087
1.89019
1.88951
1.88882
1.88814
1.88745
1.88677
1.88608
1.8854
1.88471
1.88403
1.88334
1.88266
1.88197
1.88129
1.8806
1.87992
1.87923
1.87855
1.87786
1.87717
1.87649
1.8758
1.87511
1.87443
1.87374
1.87305
1.87237
1.87168
1.87099
1.8703
1.86962
1.86893
1.86824
1.86755
1.86687
1.86618
1.86549
1.8648
1.86411
1.86342
1.86274
1.86205
1.86136
1.86067
1.85998
1.85929
1.8586
1.85791
1.85722
1.85653
1.85584
1.85515
1.85446
1.85377
1.85308
1.85239
1.8517
1.85101
1.85032
1.84963
1.84894
1.84825
1.84756
1.84687
1.84617
1.84548
1.84479
1.8441
1.84341
1.84272
1.84203
1.84133
1.84064
1.83995
1.83926
1.83856
1.83787
1.83718
1.83649
1.83579
1.8351
1.83441
1.83372
1.83302
1.83233
1.83164
1.83094
1.83025
1.82956
1.82886
1.82817
1.82747
1.82678
1.82609
1.82539
1.8247
1.824
1.82331
1.82262
1.82192
1.82123
1.82053
1.81984
1.81914
1.81845
1.81775
1.81706
1.81636
1.81567
1.81497
1.81428
1.81358
1.81288
1.81219
1.81149
1.8108
1.8101
1.8094
1.80871
1.80801
1.80732
1.80662
1.80592
1.80523
1.80453
1.80383
1.80314
1.80244
1.80174
1.80104
1.80035
1.79965
1.79895
1.79826
1.79756
1.79686
1.79616
1.79547
1.79477
1.79407
1.79337
1.79267
1.79198
1.79128
1.79058
1.78988
1.78918
1.78849
1.78779
1.78709
1.78639
1.78569
1.78499
1.78429
1.78359
1.7829
1.7822
1.7815
1.7808
1.7801
1.7794
1.7787
1.778
1.7773
1.7766
1.7759
1.7752
1.7745
1.7738
1.7731
1.7724
1.7717
1.771
1.7703
1.7696
1.7689
1.7682
1.7675
1.7668
1.7661
1.7654
1.7647
1.764
1.7633
1.7626
1.7619
1.7612
1.7605
1.7598
1.7591
1.75839
1.75769
1.75699
1.75629
1.75559
1.75489
1.75419
1.75349
1.75278
1.75208
1.75138
1.75068
1.74998
1.74928
1.74857
1.74787
1.74717
1.74647
1.74577
1.74506
1.74436
1.74366
1.74296
1.74226
1.74155
1.74085
1.74015
1.73945
1.73874
1.73804
1.73734
1.73664
1.73593
1.73523
1.73453
1.73383
1.73312
1.73242
1.73172
1.73102
1.73031
1.72961
1.72891
1.7282
1.7275
1.7268
1.72609
1.72539
1.72469
1.72399
1.72328
1.72258
1.72188
1.72117
1.72047
1.71977
1.71906
1.71836
1.71766
1.71695
1.71625
1.71554
1.71484
1.71414
1.71343
1.71273
1.71203
1.71132
1.71062
1.70991
1.70921
1.70851
1.7078
1.7071
1.7064
1.70569
1.70499
1.70428
1.70358
1.70287
1.70217
1.70147
1.70076
1.70006
1.69935
1.69865
1.69795
1.69724
1.69654
1.69583
1.69513
1.69442
1.69372
1.69302
1.69231
1.69161
1.6909
1.6902
1.68949
1.68879
1.68808
1.68738
1.68668
1.68597
1.68527
1.68456
1.68386
1.68315
1.68245
1.68174
1.68104
1.68033
1.67963
1.67892
1.67822
1.67752
1.67681
1.67611
1.6754
1.6747
1.67399
1.67329
1.67258
1.67188
1.67117
1.67047
1.66976
1.66906
1.66835
1.66765
1.66694
1.66624
1.66553
1.66483
1.66412
1.66342
1.66272
1.66201
1.66131
1.6606
1.6599
1.65919
1.65849
1.65778
1.65708
1.65637
1.65567
1.65496
1.65426
1.65355
1.65285
1.65214
1.65144
1.65073
1.65003
1.64932
1.64862
1.64791
1.64721
1.6465
1.6458
1.64509
1.64439
1.64369
1.64298
1.64228
1.64157
1.64087
1.64016
1.63946
1.63875
1.63805
1.63734
1.63664
1.63593
1.63523
1.63452
1.63382
1.63312
1.63241
1.63171
1.631
1.6303
1.62959
1.62889
1.62818
1.62748
1.62677
1.62607
1.62537
1.62466
1.62396
1.62325
1.62255
1.62184
1.62114
1.62043
1.61973
1.61903
1.61832
1.61762
1.61691
1.61621
1.61551
1.6148
1.6141
1.61339
1.61269
1.61198
1.61128
1.61058
1.60987
1.60917
1.60846
1.60776
1.60706
1.60635
1.60565
1.60495
1.60424
1.60354
1.60283
1.60213
1.60143
1.60072
1.60002
1.59932
1.59861
1.59791
1.59721
1.5965
1.5958
1.5951
1.59439
1.59369
1.59299
1.59228
1.59158
1.59088
1.59017
1.58947
1.58877
1.58806
1.58736
1.58666
1.58595
1.58525
1.58455
1.58385
1.58314
1.58244
1.58174
1.58103
1.58033
1.57963
1.57893
1.57822
1.57752
1.57682
1.57612
1.57541
1.57471
1.57401
1.57331
1.57261
1.5719
1.5712
1.5705
1.5698
1.5691
1.56839
1.56769
1.56699
1.56629
1.56559
1.56488
1.56418
1.56348
1.56278
1.56208
1.56138
1.56067
1.55997
1.55927
1.55857
1.55787
1.55717
1.55647
1.55577
1.55507
1.55436
1.55366
1.55296
1.55226
1.55156
1.55086
1.55016
1.54946
1.54876
1.54806
1.54736
1.54666
1.54596
1.54526
1.54456
1.54386
1.54316
1.54246
1.54176
1.54106
1.54036
1.53966
1.53896
1.53826
1.53756
1.53686
1.53616
1.53546
1.53476
1.53406
1.53336
1.53266
1.53196
1.53126
1.53056
1.52986
1.52917
1.52847
1.52777
1.52707
1.52637
1.52567
1.52497
1.52428
1.52358
1.52288
1.52218
1.52148
1.52078
1.52009
1.51939
1.51869
1.51799
1.51729
1.5166
1.5159
1.5152
1.5145
1.51381
1.51311
1.51241
1.51171
1.51102
1.51032
1.50962
1.50893
1.50823
1.50753
1.50684
1.50614
1.50544
1.50475
1.50405
1.50335
1.50266
1.50196
1.50126
1.50057
1.49987
1.49918
1.49848
1.49779
1.49709
1.49639
1.4957
1.495
1.49431
1.49361
1.49292
1.49222
1.49153
1.49083
1.49014
1.48944
1.48875
1.48805
1.48736
1.48666
1.48597
1.48527
1.48458
1.48389
1.48319
1.4825
1.4818
1.48111
1.48042
1.47972
1.47903
1.47834
1.47764
1.47695
1.47626
1.47556
1.47487
1.47418
1.47348
1.47279
1.4721
1.47141
1.47071
1.47002
1.46933
1.46864
1.46794
1.46725
1.46656
1.46587
1.46518
1.46449
1.46379
1.4631
1.46241
1.46172
1.46103
1.46034
1.45965
1.45895
1.45826
1.45757
1.45688
1.45619
1.4555
1.45481
1.45412
1.45343
1.45274
1.45205
1.45136
1.45067
1.44998
1.44929
1.4486
1.44791
1.44722
1.44653
1.44584
1.44516
1.44447
1.44378
1.44309
1.4424
1.44171
1.44102
1.44034
1.43965
1.43896
1.43827
1.43758
1.4369
1.43621
1.43552
1.43483
1.43414
1.43346
1.43277
1.43208
1.4314
1.43071
1.43002
1.42934
1.42865
1.42796
1.42728
1.42659
1.4259
1.42522
1.42453
1.42385
1.42316
1.42247
1.42179
1.4211
1.42042
1.41973
1.41905
1.41836
1.41768
1.41699
1.41631
1.41562
1.41494
1.41426
1.41357
1.41289
1.4122
1.41152
1.41084
1.41015
1.40947
1.40879
1.4081
1.40742
1.40674
1.40605
1.40537
1.40469
1.40401
1.40332
1.40264
1.40196
1.40128
1.40059
1.39991
1.39923
1.39855
1.39787
1.39719
1.3965
1.39582
1.39514
1.39446
1.39378
1.3931
1.39242
1.39174
1.39106
1.39038
1.3897
1.38902
1.38834
1.38766
1.38698
1.3863
1.38562
1.38494
1.38426
1.38358
1.3829
1.38223
1.38155
1.38087
1.38019
1.37951
1.37883
1.37816
1.37748
1.3768
1.37612
1.37544
1.37477
1.37409
1.37341
1.37274
1.37206
1.37138
1.37071
1.37003
1.36935
1.36868
1.368
1.36732
1.36665
1.36597
1.3653
1.36462
1.36395
1.36327
1.3626
1.36192
1.36125
1.36057
1.3599
1.35922
1.35855
1.35787
1.3572
1.35653
1.35585
1.35518
1.3545
1.35383
1.35316
1.35249
1.35181
1.35114
1.35047
1.34979
1.34912
1.34845
1.34778
1.34711
1.34643
1.34576
1.34509
1.34442
1.34375
1.34308
1.3424
1.34173
1.34106
1.34039
1.33972
1.33905
1.33838
1.33771
1.33704
1.33637
1.3357
1.33503
1.33436
1.33369
1.33302
1.33236
1.33169
1.33102
1.33035
1.32968
1.32901
1.32834
1.32768
1.32701
1.32634
1.32567
1.32501
1.32434
1.32367
1.323
1.32234
1.32167
1.321
1.32034
1.31967
1.319
1.31834
1.31767
1.31701
1.31634
1.31568
1.31501
1.31435
1.31368
1.31302
1.31235
1.31169
1.31102
1.31036
1.30969
1.30903
1.30837
1.3077
1.30704
1.30638
1.30571
1.30505
1.30439
1.30372
1.30306
1.3024
1.30174
1.30107
1.30041
1.29975
1.29909
1.29843
1.29777
1.2971
1.29644
1.29578
1.29512
1.29446
1.2938
1.29314
1.29248
1.29182
1.29116
1.2905
1.28984
1.28918
1.28852
1.28786
1.2872
1.28654
1.28589
1.28523
1.28457
1.28391
1.28325
1.28259
1.28194
1.28128
1.28062
1.27996
1.27931
1.27865
1.27799
1.27734
1.27668
1.27602
1.27537
1.27471
1.27406
1.2734
1.27275
1.27209
1.27143
1.27078
1.27012
1.26947
1.26882
1.26816
1.26751
1.26685
1.2662
1.26554
1.26489
1.26424
1.26358
1.26293
1.26228
1.26163
1.26097
1.26032
1.25967
1.25902
