1.10715
1.10663
1.10611
1.1056
1.10507
1.10455
1.10403
1.1035
1.10298
1.10245
1.10192
1.10139
1.10086
1.10032
1.09979
1.09925
1.09871
1.09818
1.09764
1.0971
1.09655
1.09601
1.09547
1.09492
1.09438
1.09383
1.09328
1.09273
1.09218
1.09163
1.09108
1.09053
1.08997
1.08942
1.08886
1.08831
1.08775
1.08719
1.08663
1.08607
1.08551
1.08495
1.08439
1.08383
1.08327
1.0827
1.08214
1.08157
1.08101
1.08044
1.07988
1.07931
1.07874
1.07818
1.07761
1.07704
1.07647
1.0759
1.07533
1.07476
1.07419
1.07362
1.07304
1.07247
1.0719
1.07133
1.07075
1.07018
1.0696
1.06903
1.06845
1.06788
1.0673
1.06673
1.06615
1.06558
1.065
1.06442
1.06385
1.06327
1.06269
1.06212
1.06154
1.06096
1.06038
1.0598
1.05922
1.05865
1.05807
1.05749
1.05691
1.05633
1.05575
1.05517
1.05459
1.05401
1.05343
1.05285
1.05227
1.05169
1.05111
1.05053
1.04995
1.04937
1.04879
1.04821
1.04763
1.04705
1.04647
1.04589
1.04531
1.04473
1.04415
1.04357
1.04299
1.04241
1.04183
1.04125
1.04067
1.04008
1.0395
1.03892
1.03834
1.03776
1.03718
1.0366
1.03602
1.03544
1.03486
1.03428
1.0337
1.03312
1.03254
1.03196
1.03138
1.0308
1.03022
1.02964
1.02906
1.02848
1.0279
1.02732
1.02674
1.02617
1.02559
1.02501
1.02443
1.02385
1.02327
1.02269
1.02211
1.02154
1.02096
1.02038
1.0198
1.01922
1.01865
1.01807
1.01749
1.01691
1.01634
1.01576
1.01518
1.0146
1.01403
1.01345
1.01287
1.0123
1.01172
1.01114
1.01057
1.00999
1.00942
1.00884
1.00827
1.00769
1.00711
1.00654
1.00596
1.00539
1.00482
1.00424
1.00367
1.00309
1.00252
1.00194
1.00137
1.0008
1.00022
0.99965
0.999077
0.998504
0.997931
0.997358
0.996786
0.996213
0.995641
0.995069
0.994497
0.993925
0.993354
0.992782
0.992211
0.99164
0.991069
0.990498
0.989928
0.989357
0.988787
0.988217
0.987647
0.987077
0.986508
0.985938
0.985369
0.9848
0.984231
0.983662
0.983094
0.982525
0.981957
0.981389
0.980821
0.980253
0.979686
0.979118
0.978551
0.977984
0.977417
0.97685
0.976284
0.975718
0.975151
0.974585
0.97402
0.973454
0.972889
0.972323
0.971758
0.971193
0.970628
0.970064
0.969499
0.968935
0.968371
0.967807
0.967244
0.96668
0.966117
0.965554
0.964991
0.964428
0.963865
0.963303
0.96274
0.962178
0.961616
0.961055
0.960493
0.959932
0.959371
0.95881
0.958249
0.957688
0.957128
0.956567
0.956007
0.955447
0.954887
0.954328
0.953769
0.953209
0.95265
0.952091
0.951533
0.950974
0.950416
0.949858
0.9493
0.948742
0.948184
0.947627
0.94707
0.946513
0.945956
0.945399
0.944843
0.944286
0.94373
0.943174
0.942618
0.942063
0.941507
0.940952
0.940397
0.939842
0.939287
0.938733
0.938178
0.937624
0.93707
0.936516
0.935963
0.935409
0.934856
0.934303
0.93375
0.933197
0.932645
0.932092
0.93154
0.930988
0.930436
0.929885
0.929333
0.928782
0.928231
0.92768
0.927129
0.926578
0.926028
0.925478
0.924927
0.924378
0.923828
0.923278
0.922729
0.92218
0.921631
0.921082
0.920533
0.919985
0.919437
0.918888
0.91834
0.917793
0.917245
0.916698
0.91615
0.915603
0.915056
0.91451
0.913963
0.913417
0.912871
0.912325
0.911779
0.911233
0.910688
0.910142
0.909597
0.909052
0.908507
0.907963
0.907418
0.906874
0.90633
0.905786
0.905242
0.904699
0.904155
0.903612
0.903069
0.902526
0.901983
0.901441
0.900898
0.900356
0.899814
0.899272
0.89873
0.898189
0.897648
0.897106
0.896565
0.896024
0.895484
0.894943
0.894403
0.893863
0.893323
0.892783
0.892243
0.891704
0.891164
0.890625
0.890086
0.889547
0.889009
0.88847
0.887932
0.887394
0.886856
0.886318
0.88578
0.885243
0.884705
0.884168
0.883631
0.883094
0.882558
0.882021
0.881485
0.880949
0.880413
0.879877
0.879341
0.878805
0.87827
0.877735
0.8772
0.876665
0.87613
0.875596
0.875061
0.874527
0.873993
0.873459
0.872925
0.872391
0.871858
0.871325
0.870792
0.870259
0.869726
0.869193
0.868661
0.868128
0.867596
0.867064
0.866532
0.866
0.865469
0.864937
0.864406
0.863875
0.863344
0.862813
0.862282
0.861752
0.861222
0.860691
0.860161
0.859631
0.859102
0.858572
0.858043
0.857513
0.856984
0.856455
0.855926
0.855398
0.854869
0.854341
0.853813
0.853284
0.852757
0.852229
0.851701
0.851174
0.850646
0.850119
0.849592
0.849065
0.848538
0.848011
0.847485
0.846959
0.846432
0.845906
0.84538
0.844855
0.844329
0.843803
0.843278
0.842753
0.842228
0.841703
0.841178
0.840653
0.840129
0.839604
0.83908
0.838556
0.838032
0.837508
0.836984
0.836461
0.835937
0.835414
0.834891
0.834368
0.833845
0.833322
0.832799
0.832277
0.831754
0.831232
0.83071
0.830188
0.829666
0.829144
0.828623
0.828101
0.82758
0.827059
0.826537
0.826016
0.825496
0.824975
0.824454
0.823934
0.823413
0.822893
0.822373
0.821853
0.821333
0.820813
0.820294
0.819774
0.819255
0.818735
0.818216
0.817697
0.817178
0.816659
0.81614
0.815622
0.815103
0.814585
0.814067
0.813548
0.81303
0.812512
0.811995
0.811477
0.810959
0.810442
0.809924
0.809407
0.80889
0.808373
0.807856
0.807339
0.806822
0.806305
0.805789
0.805272
0.804756
0.804239
0.803723
0.803207
0.802691
0.802175
0.801659
0.801144
0.800628
0.800112
0.799597
0.799082
0.798566
0.798051
0.797536
0.797021
0.796506
0.795991
0.795477
0.794962
0.794447
0.793933
0.793418
0.792904
0.79239
0.791876
0.791362
0.790848
0.790334
0.78982
0.789306
0.789819
0.790331
0.790843
0.791354
0.791865
0.792375
0.792884
0.793393
0.793902
0.79441
0.794918
0.795425
0.795932
0.796438
0.796944
0.79745
0.797955
0.79846
0.798965
0.799469
0.799973
0.800477
0.800981
0.801484
0.801987
0.802489
0.802992
0.803494
0.803996
0.804498
0.805
0.805502
0.806003
0.806504
0.807005
0.807506
0.808007
0.808508
0.809009
0.809509
0.81001
0.81051
0.811011
0.811511
0.812012
0.812512
0.813012
0.813512
0.814013
0.814513
0.815013
0.815513
0.816014
0.816514
0.817014
0.817515
0.818015
0.818516
0.819016
0.819517
0.820018
0.820519
0.82102
0.821521
0.822022
0.822523
0.823024
0.823526
0.824027
0.824529
0.825031
0.825533
0.826035
0.826537
0.82704
0.827543
0.828045
0.828548
0.829052
0.829555
0.830058
0.830562
0.831066
0.83157
0.832074
0.832579
0.833084
0.833589
0.834094
0.834599
0.835105
0.835611
0.836117
0.836623
0.83713
0.837636
0.838144
0.838651
0.839158
0.839666
0.840174
0.840683
0.841191
0.8417
0.842209
0.842719
0.843228
0.843738
0.844249
0.844759
0.84527
0.845781
0.846292
0.846804
0.847316
0.847828
0.848341
0.848854
0.849367
0.849881
0.850395
0.850909
0.851423
0.851938
0.852453
0.852968
0.853484
0.854
0.854516
0.855033
0.85555
0.856067
0.856585
0.857103
0.857621
0.85814
0.858659
0.859178
0.859698
0.860218
0.860738
0.861259
0.86178
0.862301
0.862823
0.863345
0.863867
0.86439
0.864913
0.865436
0.86596
0.866484
0.867009
0.867534
0.868059
0.868584
0.86911
0.869636
0.870163
0.87069
0.871217
0.871745
0.872273
0.872801
0.87333
0.873859
0.874388
0.874918
0.875448
0.875979
0.87651
0.877041
0.877573
0.878105
0.878637
0.87917
0.879703
0.880236
0.88077
0.881304
0.881838
0.882373
0.882908
0.883444
0.88398
0.884516
0.885053
0.88559
0.886127
0.886665
0.887203
0.887742
0.888281
0.88882
0.889359
0.889899
0.89044
0.89098
0.891521
0.892063
0.892605
0.893147
0.893689
0.894232
0.894775
0.895319
0.895863
0.896407
0.896952
0.897497
0.898042
0.898588
0.899134
0.899681
0.900228
0.900775
0.901322
0.90187
0.902419
0.902967
0.903516
0.904066
0.904616
0.905166
0.905716
0.906267
0.906818
0.90737
0.907922
0.908474
0.909027
0.90958
0.910133
0.910687
0.911241
0.911795
0.91235
0.912905
0.913461
0.914016
0.914573
0.915129
0.915686
0.916243
0.916801
0.917359
0.917917
0.918476
0.919035
0.919594
0.920154
0.920714
0.921274
0.921835
0.922396
0.922958
0.92352
0.924082
0.924644
0.925207
0.92577
0.926334
0.926898
0.927462
0.928027
0.928592
0.929157
0.929723
0.930288
0.930855
0.931421
0.931988
0.932556
0.933123
0.933691
0.93426
0.934829
0.935398
0.935967
0.936537
0.937107
0.937677
0.938248
0.938819
0.93939
0.939962
0.940534
0.941106
0.941679
0.942252
0.942826
0.943399
0.943973
0.944548
0.945123
0.945698
0.946273
0.946849
0.947425
0.948001
0.948578
0.949155
0.949732
0.95031
0.950888
0.951466
0.952045
0.952624
0.953203
0.953783
0.954363
0.954943
0.955524
0.956105
0.956686
0.957267
0.957849
0.958431
0.959014
0.959597
0.96018
0.960763
0.961347
0.961931
0.962516
0.9631
0.963685
0.964271
0.964856
0.965442
0.966029
0.966615
0.967202
0.96779
0.968377
0.968965
0.969553
0.970142
0.97073
0.97132
0.971909
0.972499
0.973089
0.973679
0.97427
0.974861
0.975452
0.976043
0.976635
0.977227
0.97782
0.978413
0.979006
0.979599
0.980193
0.980787
0.981381
0.981975
0.98257
0.983166
0.983761
0.984357
0.984953
0.985549
0.986146
0.986743
0.98734
0.987938
0.988535
0.989134
0.989732
0.990331
0.99093
0.991529
0.992129
0.992728
0.993329
0.993929
0.99453
0.995131
0.995732
0.996334
0.996936
0.997538
0.99814
0.998743
0.999346
0.99995
1.00055
1.00116
1.00176
1.00237
1.00297
1.00358
1.00418
1.00479
1.00539
1.006
1.0066
1.00721
1.00782
1.00843
1.00903
1.00964
1.01025
1.01086
1.01147
1.01208
1.01268
1.01329
1.0139
1.01451
1.01512
1.01574
1.01635
1.01696
1.01757
1.01818
1.01879
1.0194
1.02002
1.02063
1.02124
1.02186
1.02247
1.02308
1.0237
1.02431
1.02493
1.02554
1.02616
1.02677
1.02739
1.028
1.02862
1.02924
1.02985
1.03047
1.03109
1.03171
1.03232
1.03294
1.03356
1.03418
1.0348
1.03542
1.03604
1.03666
1.03728
1.0379
1.03852
1.03914
1.03976
1.04038
1.041
1.04162
1.04224
1.04287
1.04349
1.04411
1.04473
1.04536
1.04598
1.0466
1.04723
1.04785
1.04848
1.0491
1.04973
1.05035
1.05098
1.0516
1.05223
1.05286
1.05348
1.05411
1.05474
1.05536
1.05599
1.05662
1.05725
1.05787
1.0585
1.05913
1.05976
1.06039
1.06102
1.06165
1.06228
1.06291
1.06354
1.06417
1.0648
1.06543
1.06606
1.06669
1.06733
1.06796
1.06859
1.06922
1.06986
1.07049
1.07112
1.07176
1.07239
1.07302
1.07366
1.07429
1.07493
1.07556
1.0762
1.07683
1.07747
1.0781
1.07874
1.07938
1.08001
1.08065
1.08129
1.08192
1.08256
1.0832
1.08384
1.08447
1.08511
1.08575
1.08639
1.08703
1.08767
1.08831
1.08895
1.08959
1.09023
1.09087
1.09151
1.09215
1.09279
1.09343
1.09407
1.09471
1.09536
1.096
1.09664
1.09728
1.09793
1.09857
1.09921
1.09986
1.1005
1.10114
1.10179
1.10243
1.10308
1.10372
1.10437
1.10501
1.10566
1.1063
1.10695
1.10759
1.10824
1.10889
1.10953
1.11018
1.11083
1.11147
1.11212
1.11277
1.11342
1.11407
1.11471
1.11536
1.11601
1.11666
1.11731
1.11796
1.11861
1.11926
1.11991
1.12056
1.12121
1.12186
1.12251
1.12316
1.12381
1.12446
1.12512
1.12577
1.12642
1.12707
1.12772
1.12838
1.12903
1.12968
1.13034
1.13099
1.13164
1.1323
1.13295
1.13361
1.13426
1.13491
1.13557
1.13622
1.13688
1.13754
1.13819
1.13885
1.1395
1.14016
1.14082
1.14147
1.14213
1.14279
1.14344
1.1441
1.14476
1.14542
1.14607
1.14673
1.14739
1.14805
1.14871
1.14937
1.15003
1.15068
1.15134
1.152
1.15266
1.15332
1.15398
1.15464
1.1553
1.15597
1.15663
1.15729
1.15795
1.15861
1.15927
1.15993
1.1606
1.16126
1.16192
1.16258
1.16325
1.16391
1.16457
1.16523
1.1659
1.16656
1.16723
1.16789
1.16855
1.16922
1.16988
1.17055
1.17121
1.17188
1.17254
1.17321
1.17387
1.17454
1.1752
1.17587
1.17654
1.1772
1.17787
1.17854
1.1792
1.17987
1.18054
1.18121
1.18187
1.18254
1.18321
1.18388
1.18455
1.18521
1.18588
1.18655
1.18722
1.18789
1.18856
1.18923
1.1899
1.19057
1.19124
1.19191
1.19258
1.19325
1.19392
1.19459
1.19526
1.19593
1.1966
1.19728
1.19795
1.19862
1.19929
1.19996
1.20063
1.20131
1.20198
1.20265
1.20333
1.204
1.20467
1.20534
1.20602
1.20669
1.20737
1.20804
1.20871
1.20939
1.21006
1.21074
1.21141
1.21209
1.21276
1.21344
1.21411
1.21479
1.21546
1.21614
1.21681
1.21749
1.21817
1.21884
1.21952
1.2202
1.22087
1.22155
1.22223
1.2229
1.22358
1.22426
1.22494
1.22561
1.22629
1.22697
1.22765
1.22833
1.22901
1.22968
1.23036
1.23104
1.23172
1.2324
1.23308
1.23376
1.23444
1.23512
1.2358
1.23648
1.23716
1.23784
1.23852
1.2392
1.23988
1.24056
1.24124
1.24192
1.24261
1.24329
1.24397
1.24465
1.24533
1.24601
1.2467
1.24738
1.24806
1.24874
1.24943
1.25011
1.25079
1.25147
1.25216
1.25284
1.25352
1.25421
1.25489
1.25558
1.25626
1.25694
1.25763
1.25831
1.259
1.25968
1.26037
1.26105
1.26174
1.26242
1.26311
1.26379
1.26448
1.26516
1.26585
1.26653
1.26722
1.26791
1.26859
1.26928
1.26996
1.27065
1.27134
1.27202
1.27271
1.2734
1.27408
1.27477
1.27546
1.27615
1.27683
1.27752
1.27821
1.2789
1.27959
1.28027
1.28096
1.28165
1.28234
1.28303
1.28372
1.2844
1.28509
1.28578
1.28647
1.28716
1.28785
1.28854
1.28923
1.28992
1.29061
1.2913
1.29199
1.29268
1.29337
1.29406
1.29475
1.29544
1.29613
1.29682
1.29751
1.2982
1.29889
1.29958
1.30028
1.30097
1.30166
1.30235
1.30304
1.30373
1.30443
1.30512
1.30581
1.3065
1.30719
1.30789
1.30858
1.30927
1.30996
1.31066
1.31135
1.31204
1.31273
1.31343
1.31412
1.31481
1.31551
1.3162
1.31689
1.31759
1.31828
1.31898
1.31967
1.32036
1.32106
1.32175
1.32245
1.32314
1.32384
1.32453
1.32522
1.32592
1.32661
1.32731
1.328
1.3287
1.32939
1.33009
1.33078
1.33148
1.33218
1.33287
1.33357
1.33426
1.33496
1.33565
1.33635
1.33705
1.33774
1.33844
1.33913
1.33983
1.34053
1.34122
1.34192
1.34262
1.34331
1.34401
1.34471
1.3454
1.3461
1.3468
1.3475
1.34819
1.34889
1.34959
1.35029
1.35098
1.35168
1.35238
1.35308
1.35377
1.35447
1.35517
1.35587
1.35657
1.35727
1.35796
1.35866
1.35936
1.36006
1.36076
1.36146
1.36215
1.36285
1.36355
1.36425
1.36495
1.36565
1.36635
1.36705
1.36775
1.36845
1.36915
1.36985
1.37054
1.37124
1.37194
1.37264
1.37334
1.37404
1.37474
1.37544
1.37614
1.37684
1.37754
1.37824
1.37894
1.37964
1.38034
1.38104
1.38174
1.38245
1.38315
1.38385
1.38455
1.38525
1.38595
1.38665
1.38735
1.38805
1.38875
1.38945
1.39015
1.39086
1.39156
1.39226
1.39296
1.39366
1.39436
1.39506
1.39576
1.39647
1.39717
1.39787
1.39857
1.39927
1.39997
1.40068
1.40138
1.40208
1.40278
1.40348
1.40419
1.40489
1.40559
1.40629
1.407
1.4077
1.4084
1.4091
1.4098
1.41051
1.41121
1.41191
1.41261
1.41332
1.41402
1.41472
1.41542
1.41613
1.41683
1.41753
1.41824
1.41894
1.41964
1.42034
1.42105
1.42175
1.42245
1.42316
1.42386
1.42456
1.42527
1.42597
1.42667
1.42738
1.42808
1.42878
1.42949
1.43019
1.43089
1.4316
1.4323
1.433
1.43371
1.43441
1.43511
1.43582
1.43652
1.43723
1.43793
1.43863
1.43934
1.44004
1.44074
1.44145
1.44215
1.44286
1.44356
1.44426
1.44497
1.44567
1.44638
1.44708
1.44778
1.44849
1.44919
1.4499
1.4506
1.4513
1.45201
1.45271
1.45342
1.45412
1.45482
1.45553
1.45623
1.45694
1.45764
1.45835
1.45905
1.45975
1.46046
1.46116
1.46187
1.46257
1.46328
1.46398
1.46469
1.46539
1.46609
1.4668
1.4675
1.46821
1.46891
1.46962
1.47032
1.47103
1.47173
1.47243
1.47314
1.47384
1.47455
1.47525
1.47596
1.47666
1.47737
1.47807
1.47878
1.47948
1.48018
1.48089
1.48159
1.4823
1.483
1.48371
1.48441
1.48512
1.48582
1.48653
1.48723
1.48794
1.48864
1.48934
1.49005
1.49075
1.49146
1.49216
1.49287
1.49357
1.49428
1.49498
1.49569
1.49639
1.49709
1.4978
1.4985
1.49921
1.49991
1.50062
1.50132
1.50203
1.50273
1.50344
1.50414
1.50484
1.50555
1.50625
1.50696
1.50766
1.50837
1.50907
1.50978
1.51048
1.51118
1.51189
1.51259
1.5133
1.514
1.51471
1.51541
1.51611
1.51682
1.51752
1.51823
1.51893
1.51964
1.52034
1.52104
1.52175
1.52245
1.52316
1.52386
1.52456
1.52527
1.52597
1.52668
1.52738
1.52808
1.52879
1.52949
1.5302
1.5309
1.5316
1.53231
1.53301
1.53371
1.53442
1.53512
1.53583
1.53653
1.53723
1.53794
1.53864
1.53934
1.54005
1.54075
1.54145
1.54216
1.54286
1.54356
1.54427
1.54497
1.54567
1.54638
1.54708
1.54778
1.54849
1.54919
1.54989
1.5506
1.5513
1.552
1.55271
1.55341
1.55411
1.55482
1.55552
1.55622
1.55692
1.55763
1.55833
1.55903
1.55973
1.56044
1.56114
1.56184
1.56254
1.56325
1.56395
1.56465
1.56535
1.56606
1.56676
1.56746
1.56816
1.56887
1.56957
1.57027
1.57097
1.57167
1.57238
1.57308
1.57378
1.57448
1.57518
1.57588
1.57659
1.57729
1.57799
1.57869
1.57939
1.58009
1.5808
1.5815
1.5822
1.5829
1.5836
1.5843
1.585
1.5857
1.5864
1.58711
1.58781
1.58851
1.58921
1.58991
1.59061
1.59131
1.59201
1.59271
1.59341
1.59411
1.59481
1.59551
1.59621
1.59691
1.59761
1.59831
1.59901
1.59971
1.60041
1.60111
1.60181
1.60251
1.60321
1.60391
1.60461
1.60531
1.60601
1.60671
1.60741
1.60811
1.60881
1.60951
1.61021
1.61091
1.6116
1.6123
1.613
1.6137
1.6144
1.6151
1.6158
1.6165
1.61719
1.61789
1.61859
1.61929
1.61999
1.62069
1.62138
1.62208
1.62278
1.62348
1.62418
1.62487
1.62557
1.62627
1.62697
1.62766
1.62836
1.62906
1.62976
1.63045
1.63115
1.63185
1.63254
1.63324
1.63394
1.63464
1.63533
1.63603
1.63673
1.63742
1.63812
1.63881
1.63951
1.64021
1.6409
1.6416
1.6423
1.64299
1.64369
1.64438
1.64508
1.64577
1.64647
1.64716
1.64786
1.64856
1.64925
1.64995
1.65064
1.65134
1.65203
1.65273
1.65342
1.65412
1.65481
1.6555
1.6562
1.65689
1.65759
1.65828
1.65898
1.65967
1.66036
1.66106
1.66175
1.66244
1.66314
1.66383
1.66453
1.66522
1.66591
1.66661
1.6673
1.66799
1.66868
1.66938
1.67007
1.67076
1.67146
1.67215
1.67284
1.67353
1.67422
1.67492
1.67561
1.6763
1.67699
1.67768
1.67838
1.67907
1.67976
1.68045
1.68114
1.68183
1.68252
1.68321
1.68391
1.6846
1.68529
1.68598
1.68667
1.68736
1.68805
1.68874
1.68943
1.69012
1.69081
1.6915
1.69219
1.69288
1.69357
1.69426
1.69495
1.69564
1.69633
1.69702
1.6977
1.69839
1.69908
1.69977
1.70046
1.70115
1.70184
1.70253
1.70321
1.7039
1.70459
1.70528
1.70597
1.70665
1.70734
1.70803
1.70872
1.7094
1.71009
1.71078
1.71146
1.71215
1.71284
1.71352
1.71421
1.7149
1.71558
1.71627
1.71696
1.71764
1.71833
1.71901
1.7197
1.72039
1.72107
1.72176
1.72244
1.72313
1.72381
1.7245
1.72518
1.72587
1.72655
1.72724
1.72792
1.7286
1.72929
1.72997
1.73066
1.73134
1.73202
1.73271
1.73339
1.73408
1.73476
1.73544
1.73612
1.73681
1.73749
1.73817
1.73886
1.73954
1.74022
1.7409
1.74159
1.74227
1.74295
1.74363
1.74431
1.74499
1.74568
1.74636
1.74704
1.74772
1.7484
1.74908
1.74976
1.75044
1.75112
1.7518
1.75248
1.75316
1.75384
1.75452
1.7552
1.75588
1.75656
1.75724
1.75792
1.7586
1.75928
1.75996
1.76064
1.76132
1.762
1.76267
1.76335
1.76403
1.76471
1.76539
1.76606
1.76674
1.76742
1.7681
1.76877
1.76945
1.77013
1.77081
1.77148
1.77216
1.77284
1.77351
1.77419
1.77486
1.77554
1.77622
1.77689
1.77757
1.77824
1.77892
1.77959
1.78027
1.78094
1.78162
1.78229
1.78297
1.78364
1.78432
1.78499
1.78567
1.78634
1.78701
1.78769
1.78836
1.78903
1.78971
1.79038
1.79105
1.79173
1.7924
1.79307
1.79375
1.79442
1.79509
1.79576
1.79643
1.79711
1.79778
1.79845
1.79912
1.79979
1.80046
1.80113
1.80181
1.80248
1.80315
1.80382
1.80449
1.80516
1.80583
1.8065
1.80717
1.80784
1.80851
1.80918
1.80985
1.81051
1.81118
1.81185
1.81252
1.81319
1.81386
1.81453
1.81519
1.81586
1.81653
1.8172
1.81787
1.81853
1.8192
1.81987
1.82053
1.8212
1.82187
1.82254
1.8232
1.82387
1.82453
1.8252
1.82587
1.82653
1.8272
1.82786
1.82853
1.82919
1.82986
1.83052
1.83119
1.83185
1.83252
1.83318
1.83385
1.83451
1.83517
1.83584
1.8365
1.83716
1.83783
1.83849
1.83915
1.83982
1.84048
1.84114
1.8418
1.84247
1.84313
1.84379
1.84445
1.84511
1.84577
1.84644
1.8471
1.84776
1.84842
1.84908
1.84974
1.8504
1.85106
1.85172
1.85238
1.85304
1.8537
1.85436
1.85502
1.85568
1.85634
1.857
1.85765
1.85831
1.85897
1.85963
1.86029
1.86095
1.8616
1.86226
1.86292
1.86358
1.86423
1.86489
1.86555
1.8662
1.86686
1.86752
1.86817
1.86883
1.86948
1.87014
1.8708
1.87145
1.87211
1.87276
1.87342
1.87407
1.87473
1.87538
1.87604
1.87669
1.87734
1.878
1.87865
1.87931
1.87996
1.88061
1.88126
1.88192
1.88257
1.88322
1.88388
1.88453
1.88518
1.88583
1.88648
1.88714
1.88779
1.88844
1.88909
1.88974
1.89039
1.89104
1.89169
1.89234
1.89299
1.89364
1.89429
1.89494
1.89559
1.89624
1.89689
1.89754
1.89819
1.89884
1.89949
1.90013
1.90078
1.90143
1.90208
1.90273
1.90337
1.90402
1.90467
1.90532
1.90596
1.90661
1.90726
1.9079
1.90855
1.90919
1.90984
1.91049
1.91113
1.91178
1.91242
1.91307
1.91371
1.91436
1.915
1.91565
1.91629
1.91693
1.91758
1.91822
1.91887
1.91951
1.92015
1.9208
1.92144
1.92208
1.92272
1.92337
1.92401
1.92465
1.92529
1.92593
1.92658
1.92722
1.92786
1.9285
1.92914
1.92978
1.93042
1.93106
1.9317
1.93234
1.93298
1.93362
1.93426
1.9349
1.93554
1.93618
1.93682
1.93746
1.93809
1.93873
1.93937
1.94001
1.94065
1.94128
1.94192
1.94256
1.94319
1.94383
1.94447
1.94511
1.94574
1.94638
1.94701
1.94765
1.94829
1.94892
1.94956
1.95019
1.95083
1.95146
1.9521
1.95273
1.95336
1.954
1.95463
1.95527
1.9559
1.95653
1.95717
1.9578
1.95843
1.95906
1.9597
1.96033
1.96096
1.96159
1.96223
1.96286
1.96349
1.96412
1.96475
1.96538
1.96601
1.96664
1.96727
1.9679
1.96853
1.96916
1.96979
1.97042
1.97105
1.97168
1.97231
1.97294
1.97357
1.9742
1.97482
1.97545
1.97608
1.97671
1.97734
1.97796
1.97859
1.97922
1.97984
1.98047
1.9811
1.98172
1.98235
1.98298
1.9836
1.98423
1.98485
1.98548
1.9861
1.98673
1.98735
1.98798
1.9886
1.98922
1.98985
1.99047
1.9911
1.99172
1.99234
1.99297
1.99359
1.99421
1.99483
1.99546
1.99608
1.9967
1.99732
1.99794
1.99856
1.99919
1.99981
2.00043
2.00105
2.00167
2.00229
2.00291
2.00353
2.00415
2.00477
2.00539
2.00601
2.00663
2.00724
2.00786
2.00848
2.0091
2.00972
2.01034
2.01095
2.01157
2.01219
2.01281
2.01342
2.01404
2.01466
2.01527
2.01589
2.0165
2.01712
2.01774
2.01835
2.01897
2.01958
2.0202
2.02081
2.02143
2.02204
2.02265
2.02327
2.02388
2.0245
2.02511
2.02572
2.02634
2.02695
2.02756
2.02817
2.02879
2.0294
2.03001
2.03062
2.03123
2.03184
2.03246
2.03307
2.03368
2.03429
2.0349
2.03551
2.03612
2.03673
2.03734
2.03795
2.03856
2.03917
2.03978
2.04038
2.04099
2.0416
2.04221
2.04282
2.04343
2.04403
2.04464
2.04525
2.04586
2.04646
2.04707
2.04768
2.04828
2.04889
2.04949
2.0501
2.05071
2.05131
2.05192
2.05252
2.05313
2.05373
2.05433
2.05494
2.05554
2.05615
2.05675
2.05735
2.05796
2.05856
2.05916
2.05977
2.06037
2.06097
2.06157
2.06218
2.06278
2.06338
2.06398
2.06458
2.06518
2.06578
2.06638
2.06699
2.06759
2.06819
2.06879
2.06939
2.06998
2.07058
2.07118
2.07178
2.07238
2.07298
2.07358
2.07418
2.07477
2.07537
2.07597
2.07657
2.07716
2.07776
2.07836
2.07896
2.07955
2.08015
2.08074
2.08134
2.08194
2.08253
2.08313
2.08372
2.08432
2.08491
2.08551
2.0861
2.0867
2.08729
2.08788
2.08848
2.08907
2.08966
2.09026
2.09085
2.09144
2.09204
2.09263
2.09322
2.09381
2.0944
2.095
2.09559
2.09618
2.09677
2.09736
2.09795
2.09854
2.09913
2.09972
2.10031
2.1009
2.10149
2.10208
2.10267
2.10326
2.10385
2.10444
2.10502
2.10561
2.1062
2.10679
2.10738
2.10796
2.10855
2.10914
2.10972
2.11031
2.1109
2.11148
2.11207
2.11266
2.11324
2.11383
2.11441
2.115
2.11558
2.11617
2.11675
2.11734
2.11792
2.1185
2.11909
2.11967
2.12026
2.12084
2.12142
2.122
2.12259
2.12317
2.12375
2.12433
2.12492
2.1255
2.12608
2.12666
2.12724
2.12782
2.1284
2.12898
2.12957
2.13015
2.13073
2.13131
2.13189
2.13246
2.13304
2.13362
2.1342
2.13478
2.13536
2.13594
2.13652
2.13709
2.13767
2.13825
2.13883
2.1394
2.13998
2.14056
2.14113
2.14171
2.14229
2.14286
2.14344
2.14402
2.14459
2.14517
2.14574
2.14632
2.14689
2.14747
2.14804
2.14861
2.14919
2.14976
2.15034
2.15091
2.15148
2.15206
2.15263
2.1532
2.15377
2.15435
2.15492
2.15549
2.15606
2.15663
2.15721
2.15778
2.15835
2.15892
2.15949
2.16006
2.16063
2.1612
2.16177
2.16234
2.16291
2.16348
2.16405
2.16462
2.16519
2.16576
2.16632
2.16689
2.16746
2.16803
2.1686
2.16916
2.16973
2.1703
2.17087
2.17143
2.172
2.17257
2.17313
2.1737
2.17426
2.17483
2.17539
2.17596
2.17653
2.17709
2.17766
2.17822
2.17878
2.17935
2.17991
2.18048
2.18104
2.1816
2.18217
2.18273
2.18329
2.18386
2.18442
2.18498
2.18554
2.18611
2.18667
2.18723
2.18779
2.18835
2.18891
2.18947
2.19003
2.1906
2.19116
2.19172
2.19228
2.19284
2.1934
2.19396
2.19451
2.19507
2.19563
2.19619
2.19675
2.19731
2.19787
2.19843
2.19898
2.19954
2.2001
2.20066
2.20121
2.20177
2.20233
2.20288
2.20344
2.204
2.20455
2.20511
2.20566
2.20622
2.20678
2.20733
2.20789
2.20844
2.209
2.20955
2.21011
2.21066
2.21121
2.21177
2.21232
2.21287
2.21343
2.21398
2.21453
2.21509
2.21564
2.21619
2.21674
2.2173
2.21785
2.2184
2.21895
2.2195
2.22005
2.22061
2.22116
2.22171
2.22226
2.22281
2.22336
2.22391
2.22446
2.22501
2.22556
2.22611
2.22666
2.22721
2.22775
2.2283
2.22885
2.2294
2.22995
2.2305
2.23104
2.23159
2.23214
2.23269
2.23323
2.23378
2.23433
2.23487
2.23542
2.23597
2.23651
2.23706
2.23761
2.23815
2.2387
2.23924
2.23979
2.24033
2.24088
2.24142
2.24197
2.24251
2.24306
2.2436
2.24414
2.24469
2.24523
2.24577
2.24632
2.24686
2.2474
2.24795
2.24849
2.24903
2.24957
2.25012
2.25066
2.2512
2.25174
2.25228
2.25282
2.25337
2.25391
2.25445
2.25499
2.25553
2.25607
2.25661
2.25715
2.25769
2.25823
2.25877
2.25931
2.25985
2.26039
2.26092
2.26146
2.262
2.26254
2.26308
2.26362
2.26416
2.26469
2.26523
2.26577
2.26631
2.26684
2.26738
2.26792
2.26845
2.26899
2.26953
2.27006
2.2706
2.27114
2.27167
2.27221
2.27274
2.27328
2.27382
2.27435
2.27489
2.27542
2.27596
2.27649
2.27702
2.27756
2.27809
2.27863
2.27916
2.27969
2.28023
2.28076
2.2813
2.28183
2.28236
2.28289
2.28343
2.28396
2.28449
2.28503
2.28556
2.28609
2.28662
2.28715
2.28769
2.28822
2.28875
2.28928
2.28981
2.29034
2.29087
2.2914
2.29193
2.29246
2.293
2.29353
2.29406
2.29459
2.29512
2.29565
2.29617
2.2967
2.29723
2.29776
2.29829
2.29882
2.29935
2.29988
2.30041
2.30094
2.30146
2.30199
2.30252
2.30305
2.30358
2.3041
2.30463
2.30516
2.30569
2.30621
2.30674
2.30727
2.30779
2.30832
2.30885
2.30937
2.3099
2.31043
2.31095
2.31148
2.31201
2.31253
2.31306
2.31358
2.31411
2.31463
2.31516
2.31569
2.31621
2.31674
2.31726
2.31779
2.31831
2.31883
2.31936
2.31988
2.32041
2.32093
2.32146
2.32198
2.3225
2.32303
2.32355
2.32408
2.3246
2.32512
2.32565
2.32617
2.32669
2.32722
2.32774
2.32826
2.32878
2.32931
2.32983
2.33035
2.33087
2.3314
2.33192
2.33244
2.33296
2.33349
2.33401
2.33453
2.33505
2.33557
2.33609
2.33662
2.3361
2.33558
2.33506
2.33454
2.33402
2.3335
2.33298
2.33247
2.33195
2.33144
2.33092
2.33041
2.32989
2.32938
2.32886
2.32835
2.32784
2.32733
2.32681
2.3263
2.32579
2.32528
2.32477
2.32426
2.32375
2.32324
2.32273
2.32222
2.32171
2.3212
2.32069
2.32018
2.31967
2.31916
2.31865
2.31814
2.31763
2.31713
2.31662
2.31611
2.3156
2.31509
2.31459
2.31408
2.31357
2.31306
2.31255
2.31205
2.31154
2.31103
2.31052
2.31001
2.30951
2.309
2.30849
2.30798
2.30747
2.30697
2.30646
2.30595
2.30544
2.30493
2.30443
2.30392
2.30341
2.3029
2.30239
2.30188
2.30137
2.30086
2.30035
2.29984
2.29933
2.29882
2.29831
2.2978
2.29729
2.29678
2.29627
2.29576
2.29525
2.29474
2.29423
2.29372
2.2932
2.29269
2.29218
2.29167
2.29116
2.29064
2.29013
2.28962
2.2891
2.28859
2.28807
2.28756
2.28705
2.28653
2.28602
2.2855
2.28499
2.28447
2.28395
2.28344
2.28292
2.2824
2.28189
2.28137
2.28085
2.28033
2.27981
2.2793
2.27878
2.27826
2.27774
2.27722
2.2767
2.27618
2.27566
2.27514
2.27462
2.27409
2.27357
2.27305
2.27253
2.27201
2.27148
2.27096
2.27043
2.26991
2.26939
2.26886
2.26834
2.26781
2.26729
2.26676
2.26623
2.26571
2.26518
2.26465
2.26412
2.2636
2.26307
2.26254
2.26201
2.26148
2.26095
2.26042
2.25989
2.25936
2.25883
2.2583
2.25777
2.25723
2.2567
2.25617
2.25564
2.2551
2.25457
2.25403
2.2535
2.25296
2.25243
2.25189
2.25136
2.25082
2.25028
2.24975
2.24921
2.24867
2.24813
2.2476
2.24706
2.24652
2.24598
2.24544
2.2449
2.24436
2.24382
2.24328
2.24273
2.24219
2.24165
2.24111
2.24056
2.24002
2.23948
2.23893
2.23839
2.23784
2.2373
2.23675
2.23621
2.23566
2.23511
2.23456
2.23402
2.23347
2.23292
2.23237
2.23182
2.23127
2.23073
2.23018
2.22962
2.22907
2.22852
2.22797
2.22742
2.22687
2.22632
2.22576
2.22521
2.22466
2.2241
2.22355
2.22299
2.22244
2.22188
2.22133
2.22077
2.22021
2.21966
2.2191
2.21854
2.21799
2.21743
2.21687
2.21631
2.21575
2.21519
2.21463
2.21407
2.21351
2.21295
2.21239
2.21183
2.21126
2.2107
2.21014
2.20958
2.20901
2.20845
2.20788
2.20732
2.20675
2.20619
2.20562
2.20506
2.20449
2.20392
2.20336
2.20279
2.20222
2.20165
2.20109
2.20052
2.19995
2.19938
2.19881
2.19824
2.19767
2.1971
2.19653
2.19596
2.19538
2.19481
2.19424
2.19367
2.19309
2.19252
2.19195
2.19137
2.1908
2.19022
2.18965
2.18907
2.1885
2.18792
2.18734
2.18677
2.18619
2.18561
2.18504
2.18446
2.18388
2.1833
2.18272
2.18214
2.18156
2.18098
2.1804
2.17982
2.17924
2.17866
2.17808
2.17749
2.17691
2.17633
2.17575
2.17516
2.17458
2.174
2.17341
2.17283
2.17224
2.17166
2.17107
2.17049
2.1699
2.16931
2.16873
2.16814
2.16755
2.16696
2.16638
2.16579
2.1652
2.16461
2.16402
2.16343
2.16284
2.16225
2.16166
2.16107
2.16048
2.15989
2.15929
2.1587
2.15811
2.15752
2.15692
2.15633
2.15574
2.15514
2.15455
2.15395
2.15336
2.15276
2.15217
2.15157
2.15098
2.15038
2.14978
2.14919
2.14859
2.14799
2.14739
2.14679
2.1462
2.1456
2.145
2.1444
2.1438
2.1432
2.1426
2.142
2.1414
2.1408
2.14019
2.13959
2.13899
2.13839
2.13779
2.13718
2.13658
2.13598
2.13537
2.13477
2.13416
2.13356
2.13295
2.13235
2.13174
2.13114
2.13053
2.12993
2.12932
2.12871
2.1281
2.1275
2.12689
2.12628
2.12567
2.12506
2.12446
2.12385
2.12324
2.12263
2.12202
2.12141
2.1208
2.12019
2.11957
2.11896
2.11835
2.11774
2.11713
2.11651
2.1159
2.11529
2.11468
2.11406
2.11345
2.11283
2.11222
2.1116
2.11099
2.11037
2.10976
2.10914
2.10853
2.10791
2.10729
2.10668
2.10606
2.10544
2.10483
2.10421
2.10359
2.10297
2.10235
2.10173
2.10111
2.10049
2.09987
2.09925
2.09863
2.09801
2.09739
2.09677
2.09615
2.09553
2.09491
2.09429
2.09366
2.09304
2.09242
2.09179
2.09117
2.09055
2.08992
2.0893
2.08868
2.08805
2.08743
2.0868
2.08618
2.08555
2.08492
2.0843
2.08367
2.08304
2.08242
2.08179
2.08116
2.08054
2.07991
2.07928
2.07865
2.07802
2.07739
2.07676
2.07614
2.07551
2.07488
2.07425
2.07362
2.07299
2.07235
2.07172
2.07109
2.07046
2.06983
2.0692
2.06856
2.06793
2.0673
2.06667
2.06603
2.0654
2.06477
2.06413
2.0635
2.06286
2.06223
2.06159
2.06096
2.06032
2.05969
2.05905
2.05842
2.05778
2.05714
2.05651
2.05587
2.05523
2.05459
2.05396
2.05332
2.05268
2.05204
2.0514
2.05077
2.05013
2.04949
2.04885
2.04821
2.04757
2.04693
2.04629
2.04565
2.04501
2.04436
2.04372
2.04308
2.04244
2.0418
2.04116
2.04051
2.03987
2.03923
2.03859
2.03794
2.0373
2.03665
2.03601
2.03537
2.03472
2.03408
2.03343
2.03279
2.03214
2.0315
2.03085
2.03021
2.02956
2.02891
2.02827
2.02762
2.02697
2.02633
2.02568
2.02503
2.02438
2.02374
2.02309
2.02244
2.02179
2.02114
2.02049
2.01984
2.01919
2.01854
2.01789
2.01724
2.01659
2.01594
2.01529
2.01464
2.01399
2.01334
2.01269
2.01204
2.01138
2.01073
2.01008
2.00943
2.00877
2.00812
2.00747
2.00681
2.00616
2.00551
2.00485
2.0042
2.00354
2.00289
2.00223
2.00158
2.00092
2.00027
1.99961
1.99896
1.9983
1.99765
1.99699
1.99633
1.99568
1.99502
1.99436
1.99371
1.99305
1.99239
1.99173
1.99107
1.99042
1.98976
1.9891
1.98844
1.98778
1.98712
1.98646
1.9858
1.98514
1.98448
1.98382
1.98316
1.9825
1.98184
1.98118
1.98052
1.97986
1.9792
1.97854
1.97787
1.97721
1.97655
1.97589
1.97522
1.97456
1.9739
1.97324
1.97257
1.97191
1.97125
1.97058
1.96992
1.96925
1.96859
1.96793
1.96726
1.9666
1.96593
1.96527
1.9646
1.96393
1.96327
1.9626
1.96194
1.96127
1.9606
1.95994
1.95927
1.9586
1.95794
1.95727
1.9566
1.95593
1.95527
1.9546
1.95393
1.95326
1.95259
1.95193
1.95126
1.95059
1.94992
1.94925
1.94858
1.94791
1.94724
1.94657
1.9459
1.94523
1.94456
1.94389
1.94322
1.94255
1.94188
1.94121
1.94053
1.93986
1.93919
1.93852
1.93785
1.93717
1.9365
1.93583
1.93516
1.93448
1.93381
1.93314
1.93246
1.93179
1.93112
1.93044
1.92977
1.9291
1.92842
1.92775
1.92707
1.9264
1.92572
1.92505
1.92437
1.9237
1.92302
1.92235
1.92167
1.92099
1.92032
1.91964
1.91897
1.91829
1.91761
1.91694
1.91626
1.91558
1.9149
1.91423
1.91355
1.91287
1.91219
1.91152
1.91084
1.91016
1.90948
1.9088
1.90812
1.90745
1.90677
1.90609
1.90541
1.90473
1.90405
1.90337
1.90269
1.90201
1.90133
1.90065
1.89997
1.89929
1.89861
1.89793
1.89725
1.89657
1.89588
1.8952
1.89452
1.89384
1.89316
1.89248
1.89179
1.89111
1.89043
1.88975
1.88907
1.88838
1.8877
1.88702
1.88633
1.88565
1.88497
1.88428
1.8836
1.88292
1.88223
1.88155
1.88087
1.88018
1.8795
1.87881
1.87813
1.87744
1.87676
1.87607
1.87539
1.8747
1.87402
1.87333
1.87265
1.87196
1.87128
1.87059
1.8699
1.86922
1.86853
1.86785
1.86716
1.86647
1.86579
1.8651
1.86441
1.86373
1.86304
1.86235
1.86166
1.86098
1.86029
1.8596
1.85891
1.85822
1.85754
1.85685
1.85616
1.85547
1.85478
1.85409
1.85341
1.85272
1.85203
1.85134
1.85065
1.84996
1.84927
1.84858
1.84789
1.8472
1.84651
1.84582
1.84513
1.84444
1.84375
1.84306
1.84237
1.84168
1.84099
1.8403
1.83961
1.83892
1.83823
1.83753
1.83684
1.83615
1.83546
1.83477
1.83408
1.83339
1.83269
1.832
1.83131
1.83062
1.82993
1.82923
1.82854
1.82785
1.82715
1.82646
1.82577
1.82508
1.82438
1.82369
1.823
1.8223
1.82161
1.82092
1.82022
1.81953
1.81884
1.81814
1.81745
1.81675
1.81606
1.81537
1.81467
1.81398
1.81328
1.81259
1.81189
1.8112
1.8105
1.80981
1.80911
1.80842
1.80772
1.80703
1.80633
1.80564
1.80494
1.80425
1.80355
1.80285
1.80216
1.80146
1.80077
1.80007
1.79937
1.79868
1.79798
1.79729
1.79659
1.79589
1.7952
1.7945
1.7938
1.79311
1.79241
1.79171
1.79101
1.79032
1.78962
1.78892
1.78823
1.78753
1.78683
1.78613
1.78544
1.78474
1.78404
1.78334
1.78264
1.78195
1.78125
1.78055
1.77985
1.77915
1.77845
1.77776
1.77706
1.77636
1.77566
1.77496
1.77426
1.77356
1.77286
1.77217
1.77147
1.77077
1.77007
1.76937
1.76867
1.76797
1.76727
1.76657
1.76587
1.76517
1.76447
1.76377
1.76307
1.76237
1.76167
1.76097
1.76027
1.75957
1.75887
1.75817
1.75747
1.75677
1.75607
1.75537
1.75467
1.75397
1.75327
1.75257
1.75187
1.75117
1.75047
1.74977
1.74907
1.74836
1.74766
1.74696
1.74626
1.74556
1.74486
1.74416
1.74346
1.74276
1.74205
1.74135
1.74065
1.73995
1.73925
1.73855
1.73784
1.73714
1.73644
1.73574
1.73504
1.73434
1.73363
1.73293
1.73223
1.73153
1.73083
1.73012
1.72942
1.72872
1.72802
1.72731
1.72661
1.72591
1.72521
1.72451
1.7238
1.7231
1.7224
1.72169
1.72099
1.72029
1.71959
1.71888
1.71818
1.71748
1.71678
1.71607
1.71537
1.71467
1.71396
1.71326
1.71256
1.71185
1.71115
1.71045
1.70975
1.70904
1.70834
1.70764
1.70693
1.70623
1.70553
1.70482
1.70412
1.70342
1.70271
1.70201
1.7013
1.7006
1.6999
1.69919
1.69849
1.69779
1.69708
1.69638
1.69568
1.69497
1.69427
1.69356
1.69286
1.69216
1.69145
1.69075
1.69005
1.68934
1.68864
1.68793
1.68723
1.68653
1.68582
1.68512
1.68441
1.68371
1.68301
1.6823
1.6816
1.68089
1.68019
1.67948
1.67878
1.67808
1.67737
1.67667
1.67596
1.67526
1.67456
1.67385
1.67315
1.67244
1.67174
1.67103
1.67033
1.66963
1.66892
1.66822
1.66751
1.66681
1.6661
1.6654
1.6647
1.66399
1.66329
1.66258
1.66188
1.66117
1.66047
1.65976
1.65906
1.65836
1.65765
1.65695
1.65624
1.65554
1.65483
1.65413
1.65343
1.65272
1.65202
1.65131
1.65061
1.6499
1.6492
1.64849
1.64779
1.64709
1.64638
1.64568
1.64497
1.64427
1.64356
1.64286
1.64216
1.64145
1.64075
1.64004
1.63934
1.63863
1.63793
1.63722
1.63652
1.63582
1.63511
1.63441
1.6337
1.633
1.63229
1.63159
1.63089
1.63018
1.62948
1.62877
1.62807
1.62737
1.62666
1.62596
1.62525
1.62455
1.62385
1.62314
1.62244
1.62173
1.62103
1.62032
1.61962
1.61892
1.61821
1.61751
1.61681
1.6161
1.6154
1.61469
1.61399
1.61329
1.61258
1.61188
1.61117
1.61047
1.60977
1.60906
1.60836
1.60766
1.60695
1.60625
1.60555
1.60484
1.60414
1.60343
1.60273
1.60203
1.60132
1.60062
1.59992
1.59921
1.59851
1.59781
1.5971
1.5964
1.5957
1.59499
1.59429
1.59359
1.59289
1.59218
1.59148
1.59078
1.59007
1.58937
1.58867
1.58796
1.58726
1.58656
1.58586
1.58515
1.58445
1.58375
1.58305
1.58234
1.58164
1.58094
1.58023
1.57953
1.57883
1.57813
1.57743
1.57672
1.57602
1.57532
1.57462
1.57391
1.57321
1.57251
1.57181
1.57111
1.5704
1.5697
1.569
1.5683
1.5676
1.56689
1.56619
1.56549
1.56479
1.56409
1.56339
1.56269
1.56198
1.56128
1.56058
1.55988
1.55918
1.55848
1.55778
1.55708
1.55637
1.55567
1.55497
1.55427
1.55357
1.55287
1.55217
1.55147
1.55077
1.55007
1.54937
1.54867
1.54797
1.54727
1.54656
1.54586
1.54516
1.54446
1.54376
1.54306
1.54236
1.54166
1.54096
1.54026
1.53956
1.53886
1.53816
1.53747
1.53677
1.53607
1.53537
1.53467
1.53397
1.53327
1.53257
1.53187
1.53117
1.53047
1.52977
1.52907
1.52838
1.52768
1.52698
1.52628
1.52558
1.52488
1.52418
1.52348
1.52279
1.52209
1.52139
1.52069
1.51999
1.5193
1.5186
1.5179
1.5172
1.5165
1.51581
1.51511
1.51441
1.51371
1.51302
1.51232
1.51162
1.51092
1.51023
1.50953
1.50883
1.50814
1.50744
1.50674
1.50605
1.50535
1.50465
1.50396
1.50326
1.50256
1.50187
1.50117
1.50047
1.49978
1.49908
1.49839
1.49769
1.49699
1.4963
1.4956
1.49491
1.49421
1.49352
1.49282
1.49213
1.49143
1.49074
1.49004
1.48935
1.48865
1.48796
1.48726
1.48657
1.48587
1.48518
1.48448
1.48379
1.48309
1.4824
1.48171
1.48101
1.48032
1.47962
1.47893
1.47824
1.47754
1.47685
1.47616
1.47546
1.47477
1.47408
1.47338
1.47269
1.472
1.47131
1.47061
1.46992
1.46923
1.46853
1.46784
1.46715
1.46646
1.46577
1.46507
1.46438
1.46369
1.463
1.46231
1.46162
1.46092
1.46023
1.45954
1.45885
1.45816
1.45747
1.45678
1.45609
1.4554
1.4547
1.45401
1.45332
1.45263
1.45194
1.45125
1.45056
1.44987
1.44918
1.44849
1.4478
1.44711
1.44642
1.44573
1.44505
1.44436
1.44367
1.44298
1.44229
1.4416
1.44091
1.44022
1.43953
1.43885
1.43816
1.43747
1.43678
1.43609
1.4354
1.43472
1.43403
1.43334
1.43265
1.43197
1.43128
1.43059
1.4299
1.42922
1.42853
1.42784
1.42716
1.42647
1.42578
1.4251
1.42441
1.42373
1.42304
1.42235
1.42167
1.42098
1.4203
1.41961
1.41893
1.41824
1.41755
1.41687
1.41618
1.4155
1.41481
1.41413
1.41345
1.41276
1.41208
1.41139
1.41071
1.41002
1.40934
1.40866
1.40797
1.40729
1.40661
1.40592
1.40524
1.40456
1.40387
1.40319
1.40251
1.40182
1.40114
1.40046
1.39978
1.39909
1.39841
1.39773
1.39705
1.39637
1.39569
1.395
1.39432
1.39364
1.39296
1.39228
1.3916
1.39092
1.39024
1.38956
1.38888
1.3882
1.38751
1.38683
1.38615
1.38548
1.3848
1.38412
1.38344
1.38276
1.38208
1.3814
1.38072
1.38004
1.37936
1.37868
1.378
1.37733
1.37665
1.37597
1.37529
1.37461
1.37394
1.37326
1.37258
1.3719
1.37123
1.37055
1.36987
1.36919
1.36852
1.36784
1.36716
1.36649
1.36581
1.36514
1.36446
1.36378
1.36311
1.36243
1.36176
1.36108
1.36041
1.35973
1.35906
1.35838
1.35771
1.35703
1.35636
1.35568
1.35501
1.35433
1.35366
1.35299
1.35231
1.35164
1.35097
1.35029
1.34962
1.34895
1.34827
1.3476
1.34693
1.34626
1.34558
1.34491
1.34424
1.34357
1.34289
1.34222
1.34155
1.34088
1.34021
1.33954
1.33887
1.3382
1.33752
1.33685
1.33618
1.33551
1.33484
1.33417
1.3335
1.33283
1.33216
1.33149
1.33082
1.33016
1.32949
1.32882
1.32815
1.32748
1.32681
1.32614
1.32547
1.32481
1.32414
1.32347
1.3228
1.32213
1.32147
1.3208
1.32013
1.31947
1.3188
1.31813
1.31747
1.3168
1.31613
1.31547
1.3148
1.31413
1.31347
1.3128
1.31214
1.31147
1.31081
1.31014
1.30948
1.30881
1.30815
1.30748
1.30682
1.30616
1.30549
1.30483
1.30416
1.3035
1.30284
1.30217
1.30151
1.30085
1.30018
1.29952
1.29886
1.2982
1.29754
1.29687
1.29621
1.29555
1.29489
1.29423
1.29356
1.2929
1.29224
1.29158
1.29092
1.29026
1.2896
1.28894
1.28828
1.28762
1.28696
1.2863
1.28564
1.28498
1.28432
1.28366
1.283
1.28235
1.28169
1.28103
1.28037
1.27971
1.27905
1.2784
1.27774
1.27708
1.27642
1.27577
1.27511
1.27445
1.2738
1.27314
1.27248
1.27183
1.27117
1.27051
1.26986
1.2692
1.26855
1.26789
1.26724
1.26658
1.26593
1.26527
1.26462
1.26396
1.26331
1.26265
1.262
1.26135
1.26069
1.26004
1.25939
1.25873
1.25808
1.25743
1.25677
1.25612
1.25547
1.25482
1.25416
1.25351
1.25286
1.25221
1.25156
1.25091
1.25026
1.2496
1.24895
1.2483
1.24765
1.247
1.24635
1.2457
1.24505
1.2444
1.24375
1.2431
1.24246
1.24181
1.24116
1.24051
1.23986
1.23921
1.23856
1.23792
1.23727
1.23662
1.23597
1.23533
1.23468
1.23403
1.23338
1.23274
1.23209
1.23144
1.2308
1.23015
1.22951
1.22886
1.22822
1.22757
1.22693
1.22628
1.22564
1.22499
1.22435
1.2237
1.22306
1.22241
1.22177
1.22113
1.22048
1.21984
1.2192
1.21855
1.21791
1.21727
1.21662
1.21598
1.21534
1.2147
1.21406
1.21341
1.21277
1.21213
1.21149
1.21085
1.21021
1.20957
1.20893
1.20829
1.20765
1.20701
1.20637
1.20573
1.20509
1.20445
1.20381
1.20317
1.20253
1.20189
1.20126
1.20062
1.19998
1.19934
1.1987
1.19807
1.19743
1.19679
1.19615
1.19552
1.19488
1.19424
1.19361
1.19297
1.19233
1.1917
1.19106
1.19043
1.18979
1.18916
1.18852
1.18789
1.18725
1.18662
1.18598
1.18535
1.18472
1.18408
1.18345
1.18282
1.18218
1.18155
1.18092
1.18028
1.17965
1.17902
1.17839
1.17775
1.17712
1.17649
1.17586
1.17523
1.1746
1.17397
1.17334
1.1727
1.17207
1.17144
1.17081
1.17018
1.16955
1.16892
1.1683
1.16767
1.16704
1.16641
1.16578
1.16515
1.16452
1.16389
1.16327
1.16264
1.16201
1.16138
1.16076
1.16013
1.1595
1.15888
1.15825
1.15762
1.157
1.15637
1.15575
1.15512
1.15449
1.15387
1.15324
1.15262
1.15199
1.15137
1.15075
1.15012
1.1495
1.14887
1.14825
1.14763
1.147
1.14638
1.14576
1.14513
1.14451
1.14389
1.14327
1.14265
1.14202
1.1414
1.14078
1.14016
1.13954
1.13892
1.1383
1.13768
1.13706
1.13644
1.13582
1.1352
1.13458
1.13396
1.13334
1.13272
1.1321
1.13148
1.13086
1.13024
1.12963
1.12901
1.12839
1.12777
1.12715
1.12654
1.12592
1.1253
1.12469
1.12407
1.12345
1.12284
1.12222
1.12161
1.12099
1.12037
1.11976
1.11914
1.11853
1.11791
1.1173
1.11669
1.11607
1.11546
1.11484
1.11423
1.11362
1.113
1.11239
1.11178
1.11116
1.11055
1.10994
1.10933
1.10872
1.1081
1.10749
1.10688
1.10627
1.10566
1.10505
1.10444
1.10383
1.10322
1.10261
1.102
1.10139
1.10078
1.10017
1.09956
1.09895
1.09834
1.09773
1.09712
1.09652
1.09591
1.0953
1.09469
1.09408
1.09348
1.09287
1.09226
1.09166
1.09105
1.09044
1.08984
1.08923
1.08863
1.08802
1.08741
1.08681
1.0862
1.0856
1.08499
1.08439
1.08379
1.08318
1.08258
1.08197
1.08137
1.08077
1.08016
1.07956
1.07896
1.07835
1.07775
1.07715
1.07655
1.07595
1.07534
1.07474
1.07414
1.07354
1.07294
1.07234
1.07174
1.07114
1.07054
1.06994
1.06934
1.06874
1.06814
1.06754
1.06694
1.06634
1.06574
1.06514
1.06454
1.06395
1.06335
1.06275
1.06215
1.06156
1.06096
1.06036
1.05976
1.05917
1.05857
1.05798
1.05738
1.05678
1.05619
1.05559
1.055
1.0544
1.05381
1.05321
1.05262
1.05202
1.05143
1.05083
1.05024
1.04965
1.04905
1.04846
1.04787
1.04727
1.04668
1.04609
1.0455
1.0449
1.04431
1.04372
1.04313
1.04254
1.04195
1.04135
1.04076
1.04017
1.03958
1.03899
1.0384
1.03781
1.03722
1.03663
1.03604
1.03545
1.03486
1.03428
1.03369
1.0331
1.03251
1.03192
1.03133
1.03075
1.03016
1.02957
1.02898
1.0284
1.02781
1.02722
1.02664
1.02605
1.02547
1.02488
1.02429
1.02371
1.02312
1.02254
1.02195
1.02137
1.02078
1.0202
1.01962
1.01903
1.01845
1.01786
1.01728
1.0167
1.01611
1.01553
1.01495
1.01437
1.01378
1.0132
1.01262
1.01204
1.01146
1.01088
1.01029
1.00971
1.00913
1.00855
1.00797
1.00739
1.00681
1.00623
1.00565
1.00507
1.00449
1.00391
1.00333
1.00276
1.00218
1.0016
1.00102
1.00044
0.999864
0.999286
0.998709
0.998132
0.997554
0.996977
0.996401
0.995824
0.995248
0.994671
0.994095
0.993519
0.992944
0.992368
0.991793
0.991218
0.990643
0.990068
0.989494
0.988919
0.988345
0.987771
0.987197
0.986623
0.98605
0.985477
0.984904
0.984331
0.983758
0.983185
0.982613
0.982041
0.981469
0.980897
0.980325
0.979754
0.979182
0.978611
0.97804
0.97747
0.976899
0.976329
0.975758
0.975188
0.974619
0.974049
0.973479
0.97291
0.972341
0.971772
0.971203
0.970635
0.970066
0.969498
0.96893
0.968362
0.967794
0.967227
0.96666
0.966092
0.965525
0.964959
0.964392
0.963826
0.963259
0.962693
0.962127
0.961562
0.960996
0.960431
0.959866
0.959301
0.958736
0.958171
0.957607
0.957042
0.956478
0.955914
0.95535
0.954787
0.954223
0.95366
0.953097
0.952534
0.951971
0.951409
0.950847
0.950284
0.949722
0.949161
0.948599
0.948037
0.947476
0.946915
0.946354
0.945793
0.945233
0.944672
0.944112
0.943552
0.942992
0.942432
0.941872
0.941313
0.940754
0.940195
0.939636
0.939077
0.938519
0.93796
0.937402
0.936844
0.936286
0.935728
0.935171
0.934614
0.934056
0.933499
0.932943
0.932386
0.931829
0.931273
0.930717
0.930161
0.929605
0.92905
0.928494
0.927939
0.927384
0.926829
0.926274
0.925719
0.925165
0.92461
0.924056
0.923502
0.922949
0.922395
0.921841
0.921288
0.920735
0.920182
0.919629
0.919077
0.918524
0.917972
0.91742
0.916868
0.916316
0.915764
0.915213
0.914661
0.91411
0.913559
0.913008
0.912458
0.911907
0.911357
0.910807
0.910257
0.909707
0.909157
0.908607
0.908058
0.907509
0.90696
0.906411
0.905862
0.905314
0.904765
0.904217
0.903669
0.903121
0.902573
0.902025
0.901478
0.900931
0.900383
0.899836
0.89929
0.898743
0.898196
0.89765
0.897104
0.896558
0.896012
0.895466
0.89492
0.894375
0.893829
0.893284
0.892739
0.892194
0.89165
0.891105
0.890561
0.890017
0.889472
0.888929
0.888385
0.887841
0.887298
0.886754
0.886211
0.885668
0.885125
0.884582
0.88404
0.883497
0.882955
0.882413
0.881871
0.881329
0.880787
0.880246
0.879704
0.879163
0.878622
0.878081
0.87754
0.876999
0.876458
0.875918
0.875378
0.874837
0.874297
0.873758
0.873218
0.872678
0.872139
0.871599
0.87106
0.870521
0.869982
0.869443
0.868905
0.868366
0.867828
0.86729
0.866752
0.866214
0.865676
0.865138
0.864601
0.864063
0.863526
0.862989
0.862452
0.861915
0.861378
0.860841
0.860305
0.859768
0.859232
0.858696
0.85816
0.857624
0.857088
0.856553
0.856017
0.855482
0.854947
0.854411
0.853876
0.853342
0.852807
0.852272
0.851738
0.851203
0.850669
0.850135
0.849601
0.849067
0.848533
0.847999
0.847466
0.846932
0.846399
0.845866
0.845333
0.8448
0.844267
0.843734
0.843201
0.842669
0.842136
0.841604
0.841072
0.84054
0.840008
0.839476
0.838944
0.838412
0.837881
0.837349
0.836818
0.836286
0.835755
0.835224
0.834693
0.834162
0.833632
0.833101
0.83257
0.83204
0.83151
0.830979
0.830449
0.829919
0.829389
0.828859
0.828329
0.8278
0.82727
0.82674
0.826211
0.825682
0.825152
0.824623
0.824094
0.823565
0.823036
0.822507
0.821979
0.82145
0.820921
0.820393
0.819864
0.819336
0.818808
0.819336
0.819863
0.82039
0.820916
0.821442
0.821967
0.822491
0.823015
0.823539
0.824062
0.824584
0.825106
0.825628
0.826149
0.82667
0.827191
0.827711
0.828231
0.82875
0.829269
0.829788
0.830307
0.830825
0.831343
0.831861
0.832378
0.832895
0.833412
0.833929
0.834446
0.834962
0.835479
0.835995
0.836511
0.837026
0.837542
0.838058
0.838573
0.839088
0.839604
0.840119
0.840634
0.841149
0.841664
0.842179
0.842693
0.843208
0.843723
0.844238
0.844753
0.845267
0.845782
0.846297
0.846812
0.847327
0.847841
0.848356
0.848871
0.849386
0.849902
0.850417
0.850932
0.851447
0.851963
0.852478
0.852994
0.85351
0.854025
0.854541
0.855057
0.855574
0.85609
0.856607
0.857123
0.85764
0.858157
0.858674
0.859191
0.859709
0.860226
0.860744
0.861262
0.86178
0.862299
0.862817
0.863336
0.863855
0.864374
0.864893
0.865413
0.865933
0.866453
0.866973
0.867493
0.868014
0.868535
0.869056
0.869578
0.870099
0.870621
0.871144
0.871666
0.872189
0.872712
0.873235
0.873758
0.874282
0.874806
0.87533
0.875855
0.87638
0.876905
0.87743
0.877956
0.878482
0.879008
0.879535
0.880062
0.880589
0.881116
0.881644
0.882172
0.882701
0.883229
0.883758
0.884288
0.884817
0.885347
0.885877
0.886408
0.886939
0.88747
0.888001
0.888533
0.889065
0.889598
0.890131
0.890664
0.891197
0.891731
0.892265
0.892799
0.893334
0.893869
0.894405
0.89494
0.895477
0.896013
0.89655
0.897087
0.897624
0.898162
0.8987
0.899239
0.899778
0.900317
0.900856
0.901396
0.901936
0.902477
0.903018
0.903559
0.904101
0.904643
0.905185
0.905727
0.90627
0.906814
0.907357
0.907902
0.908446
0.908991
0.909536
0.910081
0.910627
0.911173
0.91172
0.912267
0.912814
0.913361
0.913909
0.914458
0.915006
0.915555
0.916104
0.916654
0.917204
0.917755
0.918305
0.918857
0.919408
0.91996
0.920512
0.921065
0.921617
0.922171
0.922724
0.923278
0.923833
0.924387
0.924942
0.925498
0.926053
0.92661
0.927166
0.927723
0.92828
0.928837
0.929395
0.929954
0.930512
0.931071
0.93163
0.93219
0.93275
0.93331
0.933871
0.934432
0.934993
0.935555
0.936117
0.93668
0.937243
0.937806
0.938369
0.938933
0.939497
0.940062
0.940627
0.941192
0.941758
0.942324
0.94289
0.943457
0.944024
0.944591
0.945159
0.945727
0.946295
0.946864
0.947433
0.948002
0.948572
0.949142
0.949713
0.950283
0.950855
0.951426
0.951998
0.95257
0.953143
0.953715
0.954289
0.954862
0.955436
0.95601
0.956585
0.95716
0.957735
0.95831
0.958886
0.959463
0.960039
0.960616
0.961193
0.961771
0.962349
0.962927
0.963506
0.964085
0.964664
0.965243
0.965823
0.966403
0.966984
0.967565
0.968146
0.968728
0.96931
0.969892
0.970474
0.971057
0.97164
0.972224
0.972808
0.973392
0.973976
0.974561
0.975146
0.975732
0.976318
0.976904
0.97749
0.978077
0.978664
0.979251
0.979839
0.980427
0.981015
0.981604
0.982193
0.982782
0.983372
0.983962
0.984552
0.985143
0.985734
0.986325
0.986916
0.987508
0.9881
0.988693
0.989285
0.989878
0.990472
0.991066
0.99166
0.992254
0.992848
0.993443
0.994039
0.994634
0.99523
0.995826
0.996423
0.997019
0.997616
0.998214
0.998811
0.999409
1.00001
1.00061
1.00121
1.0018
1.0024
1.003
1.0036
1.0042
1.0048
1.00541
1.00601
1.00661
1.00721
1.00781
1.00841
1.00902
1.00962
1.01022
1.01083
1.01143
1.01204
1.01264
1.01324
1.01385
1.01446
1.01506
1.01567
1.01627
1.01688
1.01749
1.01809
1.0187
1.01931
1.01992
1.02052
1.02113
1.02174
1.02235
1.02296
1.02357
1.02418
1.02479
1.0254
1.02601
1.02662
1.02723
1.02785
1.02846
1.02907
1.02968
1.03029
1.03091
1.03152
1.03213
1.03275
1.03336
1.03398
1.03459
1.03521
1.03582
1.03644
1.03705
1.03767
1.03829
1.0389
1.03952
1.04014
1.04075
1.04137
1.04199
1.04261
1.04323
1.04384
1.04446
1.04508
1.0457
1.04632
1.04694
1.04756
1.04818
1.0488
1.04942
1.05005
1.05067
1.05129
1.05191
1.05253
1.05316
1.05378
1.0544
1.05503
1.05565
1.05627
1.0569
1.05752
1.05815
1.05877
1.0594
1.06002
1.06065
1.06127
1.0619
1.06253
1.06315
1.06378
1.06441
1.06503
1.06566
1.06629
1.06692
1.06755
1.06818
1.06881
1.06943
1.07006
1.07069
1.07132
1.07195
1.07258
1.07321
1.07385
1.07448
1.07511
1.07574
1.07637
1.077
1.07764
1.07827
1.0789
1.07954
1.08017
1.0808
1.08144
1.08207
1.0827
1.08334
1.08397
1.08461
1.08524
1.08588
1.08652
1.08715
1.08779
1.08842
1.08906
1.0897
1.09033
1.09097
1.09161
1.09225
1.09289
1.09352
1.09416
1.0948
1.09544
1.09608
1.09672
1.09736
1.098
1.09864
1.09928
1.09992
1.10056
1.1012
1.10184
1.10248
1.10313
1.10377
1.10441
1.10505
1.1057
1.10634
1.10698
1.10762
1.10827
1.10891
1.10956
1.1102
1.11084
1.11149
1.11213
1.11278
1.11342
1.11407
1.11471
1.11536
1.11601
1.11665
1.1173
1.11795
1.11859
1.11924
1.11989
1.12054
1.12118
1.12183
1.12248
1.12313
1.12378
1.12443
1.12507
1.12572
1.12637
1.12702
1.12767
1.12832
1.12897
1.12962
1.13028
1.13093
1.13158
1.13223
1.13288
1.13353
1.13418
1.13484
1.13549
1.13614
1.13679
1.13745
1.1381
1.13875
1.13941
1.14006
1.14072
1.14137
1.14202
1.14268
1.14333
1.14399
1.14464
1.1453
1.14595
1.14661
1.14727
1.14792
1.14858
1.14924
1.14989
1.15055
1.15121
1.15186
1.15252
1.15318
1.15384
1.15449
1.15515
1.15581
1.15647
1.15713
1.15779
1.15845
1.15911
1.15977
1.16043
1.16109
1.16175
1.16241
1.16307
1.16373
1.16439
1.16505
1.16571
1.16637
1.16704
1.1677
1.16836
1.16902
1.16968
1.17035
1.17101
1.17167
1.17234
1.173
1.17366
1.17433
1.17499
1.17565
1.17632
1.17698
1.17765
1.17831
1.17898
1.17964
1.18031
1.18097
1.18164
1.1823
1.18297
1.18364
1.1843
1.18497
1.18564
1.1863
1.18697
1.18764
1.1883
1.18897
1.18964
1.19031
1.19098
1.19164
1.19231
1.19298
1.19365
1.19432
1.19499
1.19566
1.19633
1.19699
1.19766
1.19833
1.199
1.19967
1.20035
1.20102
1.20169
1.20236
1.20303
1.2037
1.20437
1.20504
1.20571
1.20639
1.20706
1.20773
1.2084
1.20907
1.20975
1.21042
1.21109
1.21177
1.21244
1.21311
1.21379
1.21446
1.21513
1.21581
1.21648
1.21716
1.21783
1.21851
1.21918
1.21986
1.22053
1.22121
1.22188
1.22256
1.22323
1.22391
1.22458
1.22526
1.22594
1.22661
1.22729
1.22797
1.22864
1.22932
1.23
1.23067
1.23135
1.23203
1.23271
1.23339
1.23406
1.23474
1.23542
1.2361
1.23678
1.23746
1.23814
1.23881
1.23949
1.24017
1.24085
1.24153
1.24221
1.24289
1.24357
1.24425
1.24493
1.24561
1.24629
1.24697
1.24765
1.24834
1.24902
1.2497
1.25038
1.25106
1.25174
1.25242
1.25311
1.25379
1.25447
1.25515
1.25583
1.25652
1.2572
1.25788
1.25857
1.25925
1.25993
1.26062
1.2613
1.26198
1.26267
1.26335
1.26403
1.26472
1.2654
1.26609
1.26677
1.26746
1.26814
1.26883
1.26951
1.2702
1.27088
1.27157
1.27225
1.27294
1.27362
1.27431
1.27499
1.27568
1.27637
1.27705
1.27774
1.27843
1.27911
1.2798
1.28049
1.28117
1.28186
1.28255
1.28324
1.28392
1.28461
1.2853
1.28599
1.28667
1.28736
1.28805
1.28874
1.28943
1.29012
1.2908
1.29149
1.29218
1.29287
1.29356
1.29425
1.29494
1.29563
1.29632
1.29701
1.2977
1.29839
1.29908
1.29977
1.30046
1.30115
1.30184
1.30253
1.30322
1.30391
1.3046
1.30529
1.30598
1.30667
1.30736
1.30805
1.30875
1.30944
1.31013
1.31082
1.31151
1.3122
1.3129
1.31359
1.31428
1.31497
1.31566
1.31636
1.31705
1.31774
1.31843
1.31913
1.31982
1.32051
1.32121
1.3219
1.32259
1.32329
1.32398
1.32467
1.32537
1.32606
1.32675
1.32745
1.32814
1.32884
1.32953
1.33022
1.33092
1.33161
1.33231
1.333
1.3337
1.33439
1.33509
1.33578
1.33648
1.33717
1.33787
1.33856
1.33926
1.33995
1.34065
1.34134
1.34204
1.34274
1.34343
1.34413
1.34482
1.34552
1.34622
1.34691
1.34761
1.3483
1.349
1.3497
1.35039
1.35109
1.35179
1.35248
1.35318
1.35388
1.35458
1.35527
1.35597
1.35667
1.35736
1.35806
1.35876
1.35946
1.36016
1.36085
1.36155
1.36225
1.36295
1.36364
1.36434
1.36504
1.36574
1.36644
1.36714
1.36783
1.36853
1.36923
1.36993
1.37063
1.37133
1.37203
1.37272
1.37342
1.37412
1.37482
1.37552
1.37622
1.37692
1.37762
1.37832
1.37902
1.37972
1.38042
1.38112
1.38182
1.38252
1.38322
1.38392
1.38462
1.38532
1.38602
1.38672
1.38742
1.38812
1.38882
1.38952
1.39022
1.39092
1.39162
1.39232
1.39302
1.39372
1.39442
1.39512
1.39582
1.39652
1.39722
1.39792
1.39863
1.39933
1.40003
1.40073
1.40143
1.40213
1.40283
1.40353
1.40424
1.40494
1.40564
1.40634
1.40704
1.40774
1.40844
1.40915
1.40985
1.41055
1.41125
1.41195
1.41266
1.41336
1.41406
1.41476
1.41546
1.41617
1.41687
1.41757
1.41827
1.41897
1.41968
1.42038
1.42108
1.42178
1.42249
1.42319
1.42389
1.42459
1.4253
1.426
1.4267
1.4274
1.42811
1.42881
1.42951
1.43022
1.43092
1.43162
1.43232
1.43303
1.43373
1.43443
1.43514
1.43584
1.43654
1.43725
1.43795
1.43865
1.43936
1.44006
1.44076
1.44147
1.44217
1.44287
1.44358
1.44428
1.44498
1.44569
1.44639
1.44709
1.4478
1.4485
1.4492
1.44991
1.45061
1.45131
1.45202
1.45272
1.45342
1.45413
1.45483
1.45554
1.45624
1.45694
1.45765
1.45835
1.45906
1.45976
1.46046
1.46117
1.46187
1.46257
1.46328
1.46398
1.46469
1.46539
1.46609
1.4668
1.4675
1.46821
1.46891
1.46961
1.47032
1.47102
1.47173
1.47243
1.47313
1.47384
1.47454
1.47525
1.47595
1.47666
1.47736
1.47806
1.47877
1.47947
1.48018
1.48088
1.48158
1.48229
1.48299
1.4837
1.4844
1.48511
1.48581
1.48651
1.48722
1.48792
1.48863
1.48933
1.49004
1.49074
1.49144
1.49215
1.49285
1.49356
1.49426
1.49496
1.49567
1.49637
1.49708
1.49778
1.49849
1.49919
1.49989
1.5006
1.5013
1.50201
1.50271
1.50342
1.50412
1.50482
1.50553
1.50623
1.50694
1.50764
1.50834
1.50905
1.50975
1.51046
1.51116
1.51186
1.51257
1.51327
1.51398
1.51468
1.51538
1.51609
1.51679
1.5175
1.5182
1.5189
1.51961
1.52031
1.52102
1.52172
1.52242
1.52313
1.52383
1.52454
1.52524
1.52594
1.52665
1.52735
1.52805
1.52876
1.52946
1.53017
1.53087
1.53157
1.53228
1.53298
1.53368
1.53439
1.53509
1.53579
1.5365
1.5372
1.5379
1.53861
1.53931
1.54001
1.54072
1.54142
1.54212
1.54283
1.54353
1.54423
1.54494
1.54564
1.54634
1.54705
1.54775
1.54845
1.54916
1.54986
1.55056
1.55126
1.55197
1.55267
1.55337
1.55408
1.55478
1.55548
1.55618
1.55689
1.55759
1.55829
1.55899
1.5597
1.5604
1.5611
1.5618
1.56251
1.56321
1.56391
1.56461
1.56532
1.56602
1.56672
1.56742
1.56812
1.56883
1.56953
1.57023
1.57093
1.57163
1.57234
1.57304
1.57374
1.57444
1.57514
1.57584
1.57655
1.57725
1.57795
1.57865
1.57935
1.58005
1.58075
1.58146
1.58216
1.58286
1.58356
1.58426
1.58496
1.58566
1.58636
1.58706
1.58776
1.58847
1.58917
1.58987
1.59057
1.59127
1.59197
1.59267
1.59337
1.59407
1.59477
1.59547
1.59617
1.59687
1.59757
1.59827
1.59897
1.59967
1.60037
1.60107
1.60177
1.60247
1.60317
1.60387
1.60457
1.60527
1.60597
1.60667
1.60737
1.60807
1.60877
1.60947
1.61016
1.61086
1.61156
1.61226
1.61296
1.61366
1.61436
1.61506
1.61576
1.61645
1.61715
1.61785
1.61855
1.61925
1.61995
1.62064
1.62134
1.62204
1.62274
1.62344
1.62413
1.62483
1.62553
1.62623
1.62693
1.62762
1.62832
1.62902
1.62972
1.63041
1.63111
1.63181
1.6325
1.6332
1.6339
1.63459
1.63529
1.63599
1.63668
1.63738
1.63808
1.63877
1.63947
1.64017
1.64086
1.64156
1.64226
1.64295
1.64365
1.64434
1.64504
1.64574
1.64643
1.64713
1.64782
1.64852
1.64921
1.64991
1.6506
1.6513
1.65199
1.65269
1.65338
1.65408
1.65477
1.65547
1.65616
1.65686
1.65755
1.65825
1.65894
1.65963
1.66033
1.66102
1.66172
1.66241
1.6631
1.6638
1.66449
1.66518
1.66588
1.66657
1.66726
1.66796
1.66865
1.66934
1.67004
1.67073
1.67142
1.67211
1.67281
1.6735
1.67419
1.67488
1.67558
1.67627
1.67696
1.67765
1.67835
1.67904
1.67973
1.68042
1.68111
1.6818
1.68249
1.68319
1.68388
1.68457
1.68526
1.68595
1.68664
1.68733
1.68802
1.68871
1.6894
1.69009
1.69078
1.69147
1.69216
1.69285
1.69354
1.69423
1.69492
1.69561
1.6963
1.69699
1.69768
1.69837
1.69906
1.69975
1.70044
1.70113
1.70181
1.7025
1.70319
1.70388
1.70457
1.70526
1.70595
1.70663
1.70732
1.70801
1.7087
1.70938
1.71007
1.71076
1.71145
1.71213
1.71282
1.71351
1.71419
1.71488
1.71557
1.71625
1.71694
1.71763
1.71831
1.719
1.71969
1.72037
1.72106
1.72174
1.72243
1.72311
1.7238
1.72449
1.72517
1.72586
1.72654
1.72723
1.72791
1.7286
1.72928
1.72996
1.73065
1.73133
1.73202
1.7327
1.73339
1.73407
1.73475
1.73544
1.73612
1.7368
1.73749
1.73817
1.73885
1.73954
1.74022
1.7409
1.74158
1.74227
1.74295
1.74363
1.74431
1.74499
1.74568
1.74636
1.74704
1.74772
1.7484
1.74908
1.74977
1.75045
1.75113
1.75181
1.75249
1.75317
1.75385
1.75453
1.75521
1.75589
1.75657
1.75725
1.75793
1.75861
1.75929
1.75997
1.76065
1.76133
1.76201
1.76269
1.76336
1.76404
1.76472
1.7654
1.76608
1.76676
1.76743
1.76811
1.76879
1.76947
1.77015
1.77082
1.7715
1.77218
1.77285
1.77353
1.77421
1.77489
1.77556
1.77624
1.77691
1.77759
1.77827
1.77894
1.77962
1.78029
1.78097
1.78165
1.78232
1.783
1.78367
1.78435
1.78502
1.7857
1.78637
1.78704
1.78772
1.78839
1.78907
1.78974
1.79041
1.79109
1.79176
1.79244
1.79311
1.79378
1.79445
1.79513
1.7958
1.79647
1.79715
1.79782
1.79849
1.79916
1.79983
1.80051
1.80118
1.80185
1.80252
1.80319
1.80386
1.80453
1.8052
1.80587
1.80655
1.80722
1.80789
1.80856
1.80923
1.8099
1.81057
1.81124
1.8119
1.81257
1.81324
1.81391
1.81458
1.81525
1.81592
1.81659
1.81726
1.81792
1.81859
1.81926
1.81993
1.8206
1.82126
1.82193
1.8226
1.82326
1.82393
1.8246
1.82527
1.82593
1.8266
1.82726
1.82793
1.8286
1.82926
1.82993
1.83059
1.83126
1.83192
1.83259
1.83325
1.83392
1.83458
1.83525
1.83591
1.83658
1.83724
1.83791
1.83857
1.83923
1.8399
1.84056
1.84122
1.84189
1.84255
1.84321
1.84387
1.84454
1.8452
1.84586
1.84652
1.84718
1.84785
1.84851
1.84917
1.84983
1.85049
1.85115
1.85181
1.85247
1.85314
1.8538
1.85446
1.85512
1.85578
1.85644
1.8571
1.85776
1.85841
1.85907
1.85973
1.86039
1.86105
1.86171
1.86237
1.86303
1.86368
1.86434
1.865
1.86566
1.86631
1.86697
1.86763
1.86829
1.86894
1.8696
1.87026
1.87091
1.87157
1.87223
1.87288
1.87354
1.87419
1.87485
1.8755
1.87616
1.87681
1.87747
1.87812
1.87878
1.87943
1.88009
1.88074
1.8814
1.88205
1.8827
1.88336
1.88401
1.88466
1.88532
1.88597
1.88662
1.88727
1.88793
1.88858
1.88923
1.88988
1.89053
1.89119
1.89184
1.89249
1.89314
1.89379
1.89444
1.89509
1.89574
1.89639
1.89704
1.89769
1.89834
1.89899
1.89964
1.90029
1.90094
1.90159
1.90224
1.90289
1.90353
1.90418
1.90483
1.90548
1.90613
1.90677
1.90742
1.90807
1.90872
1.90936
1.91001
1.91066
1.9113
1.91195
1.9126
1.91324
1.91389
1.91453
1.91518
1.91583
1.91647
1.91712
1.91776
1.91841
1.91905
1.91969
1.92034
1.92098
1.92163
1.92227
1.92291
1.92356
1.9242
1.92484
1.92549
1.92613
1.92677
1.92741
1.92806
1.9287
1.92934
1.92998
1.93062
1.93127
1.93191
1.93255
1.93319
1.93383
1.93447
1.93511
1.93575
1.93639
1.93703
1.93767
1.93831
1.93895
1.93959
1.94023
1.94087
1.9415
1.94214
1.94278
1.94342
1.94406
1.9447
1.94533
1.94597
1.94661
1.94724
1.94788
1.94852
1.94916
1.94979
1.95043
1.95106
1.9517
1.95234
1.95297
1.95361
1.95424
1.95488
1.95551
1.95615
1.95678
1.95742
1.95805
1.95868
1.95932
1.95995
1.96059
1.96122
1.96185
1.96248
1.96312
1.96375
1.96438
1.96501
1.96565
1.96628
1.96691
1.96754
1.96817
1.9688
1.96944
1.97007
1.9707
1.97133
1.97196
1.97259
1.97322
1.97385
1.97448
1.97511
1.97574
1.97637
1.977
1.97762
1.97825
1.97888
1.97951
1.98014
1.98077
1.98139
1.98202
1.98265
1.98328
1.9839
1.98453
1.98516
1.98578
1.98641
1.98703
1.98766
1.98829
1.98891
1.98954
1.99016
1.99079
1.99141
1.99204
1.99266
1.99329
1.99391
1.99453
1.99516
1.99578
1.9964
1.99703
1.99765
1.99827
1.9989
1.99952
2.00014
2.00076
2.00139
2.00201
2.00263
2.00325
2.00387
2.00449
2.00511
2.00574
2.00636
2.00698
2.0076
2.00822
2.00884
2.00946
2.01008
2.01069
2.01131
2.01193
2.01255
2.01317
2.01379
2.01441
2.01502
2.01564
2.01626
2.01688
2.0175
2.01811
2.01873
2.01935
2.01996
2.02058
2.0212
2.02181
2.02243
2.02304
2.02366
2.02427
2.02489
2.0255
2.02612
2.02673
2.02735
2.02796
2.02858
2.02919
2.0298
2.03042
2.03103
2.03164
2.03226
2.03287
2.03348
2.03409
2.03471
2.03532
2.03593
2.03654
2.03715
2.03776
2.03838
2.03899
2.0396
2.04021
2.04082
2.04143
2.04204
2.04265
2.04326
2.04387
2.04448
2.04509
2.04569
2.0463
2.04691
2.04752
2.04813
2.04874
2.04934
2.04995
2.05056
2.05117
2.05177
2.05238
2.05299
2.05359
2.0542
2.05481
2.05541
2.05602
2.05662
2.05723
2.05783
2.05844
2.05904
2.05965
2.06025
2.06086
2.06146
2.06207
2.06267
2.06327
2.06388
2.06448
2.06508
2.06569
2.06629
2.06689
2.06749
2.0681
2.0687
2.0693
2.0699
2.0705
2.0711
2.0717
2.0723
2.07291
2.07351
2.07411
2.07471
2.07531
2.07591
2.07651
2.0771
2.0777
2.0783
2.0789
2.0795
2.0801
2.0807
2.08129
2.08189
2.08249
2.08309
2.08368
2.08428
2.08488
2.08548
2.08607
2.08667
2.08726
2.08786
2.08846
2.08905
2.08965
2.09024
2.09084
2.09143
2.09203
2.09262
2.09322
2.09381
2.0944
2.095
2.09559
2.09619
2.09678
2.09737
2.09796
2.09856
2.09915
2.09974
2.10033
2.10093
2.10152
2.10211
2.1027
2.10329
2.10388
2.10447
2.10506
2.10566
2.10625
2.10684
2.10743
2.10802
2.1086
2.10919
2.10978
2.11037
2.11096
2.11155
2.11214
2.11273
2.11331
2.1139
2.11449
2.11508
2.11567
2.11625
2.11684
2.11743
2.11801
2.1186
2.11919
2.11977
2.12036
2.12094
2.12153
2.12211
2.1227
2.12328
2.12387
2.12445
2.12504
2.12562
2.12621
2.12679
2.12737
2.12796
2.12854
2.12912
2.12971
2.13029
2.13087
2.13145
2.13204
2.13262
2.1332
2.13378
2.13436
2.13495
2.13553
2.13611
2.13669
2.13727
2.13785
2.13843
2.13901
2.13959
2.14017
2.14075
2.14133
2.14191
2.14249
2.14306
2.14364
2.14422
2.1448
2.14538
2.14596
2.14653
2.14711
2.14769
2.14827
2.14884
2.14942
2.15
2.15057
2.15115
2.15172
2.1523
2.15288
2.15345
2.15403
2.1546
2.15518
2.15575
2.15633
2.1569
2.15748
2.15805
2.15862
2.1592
2.15977
2.16034
2.16092
2.16149
2.16206
2.16264
2.16321
2.16378
2.16435
2.16493
2.1655
2.16607
2.16664
2.16721
2.16778
2.16835
2.16892
2.16949
2.17007
2.17064
2.17121
2.17178
2.17234
2.17291
2.17348
2.17405
2.17462
2.17519
2.17576
2.17633
2.1769
2.17746
2.17803
2.1786
2.17917
2.17974
2.1803
2.18087
2.18144
2.182
2.18257
2.18314
2.1837
2.18427
2.18483
2.1854
2.18597
2.18653
2.1871
2.18766
2.18823
2.18879
2.18935
2.18992
2.19048
2.19105
2.19161
2.19217
2.19274
2.1933
2.19386
2.19443
2.19499
2.19555
2.19612
2.19668
2.19724
2.1978
2.19836
2.19892
2.19949
2.20005
2.20061
2.20117
2.20173
2.20229
2.20285
2.20341
2.20397
2.20453
2.20509
2.20565
2.20621
2.20677
2.20733
2.20789
2.20845
2.20901
2.20956
2.21012
2.21068
2.21124
2.2118
2.21235
2.21291
2.21347
2.21403
2.21458
2.21514
2.2157
2.21625
2.21681
2.21736
2.21792
2.21848
2.21903
2.21959
2.22014
2.2207
2.22125
2.22181
2.22236
2.22292
2.22347
2.22403
2.22458
2.22513
2.22569
2.22624
2.2268
2.22735
2.2279
2.22845
2.22901
2.22956
2.23011
2.23067
2.23122
2.23177
2.23232
2.23287
2.23342
2.23398
2.23453
2.23508
2.23563
2.23618
2.23673
2.23728
2.23783
2.23838
2.23893
2.23948
2.24003
2.24058
2.24113
2.24168
2.24223
2.24278
2.24333
2.24388
2.24443
2.24497
2.24552
2.24607
2.24662
2.24717
2.24771
2.24826
2.24881
2.24936
2.2499
2.25045
2.251
2.25154
2.25209
2.25264
2.25318
2.25373
2.25428
2.25482
2.25537
2.25591
2.25646
2.257
2.25755
2.25809
2.25864
2.25918
2.25973
2.26027
2.26082
2.26136
2.26191
2.26245
2.26299
2.26354
2.26408
2.26462
2.26517
2.26571
2.26625
2.2668
2.26734
2.26788
2.26842
2.26897
2.26951
2.27005
2.27059
2.27113
2.27168
2.27222
2.27276
2.2733
2.27384
2.27438
2.27492
2.27547
2.27601
2.27655
2.27709
2.27763
2.27817
2.27871
2.27925
2.27979
2.28033
2.28087
2.28141
2.28195
2.28249
2.28303
2.28356
2.2841
2.28464
2.28518
2.28572
2.28626
2.2868
2.28733
2.28787
2.28841
2.28895
2.28949
2.29002
2.29056
2.2911
2.29164
2.29217
2.29271
2.29325
2.29379
2.29432
2.29486
2.2954
2.29593
2.29647
2.29701
2.29754
2.29808
2.29862
2.29915
2.29969
2.30022
2.30076
2.30129
2.30183
2.30237
2.3029
2.30344
2.30397
2.30451
2.30504
2.30558
2.30611
2.30665
2.30718
2.30772
2.30825
2.30878
2.30932
2.30985
2.31039
2.30985
2.30932
2.30879
2.30825
2.30772
2.30719
2.30666
2.30613
2.3056
2.30507
2.30454
2.30402
2.30349
2.30296
2.30243
2.30191
2.30138
2.30085
2.30033
2.2998
2.29928
2.29875
2.29823
2.29771
2.29718
2.29666
2.29614
2.29561
2.29509
2.29457
2.29404
2.29352
2.293
2.29248
2.29196
2.29144
2.29091
2.29039
2.28987
2.28935
2.28883
2.28831
2.28779
2.28727
2.28674
2.28622
2.2857
2.28518
2.28466
2.28414
2.28362
2.2831
2.28258
2.28206
2.28154
2.28102
2.2805
2.27997
2.27945
2.27893
2.27841
2.27789
2.27737
2.27685
2.27633
2.27581
2.27528
2.27476
2.27424
2.27372
2.2732
2.27267
2.27215
2.27163
2.27111
2.27058
2.27006
2.26954
2.26901
2.26849
2.26797
2.26744
2.26692
2.26639
2.26587
2.26535
2.26482
2.2643
2.26377
2.26325
2.26272
2.26219
2.26167
2.26114
2.26062
2.26009
2.25956
2.25903
2.25851
2.25798
2.25745
2.25692
2.25639
2.25587
2.25534
2.25481
2.25428
2.25375
2.25322
2.25269
2.25216
2.25163
2.2511
2.25056
2.25003
2.2495
2.24897
2.24844
2.2479
2.24737
2.24684
2.2463
2.24577
2.24523
2.2447
2.24416
2.24363
2.24309
2.24256
2.24202
2.24148
2.24095
2.24041
2.23987
2.23934
2.2388
2.23826
2.23772
2.23718
2.23664
2.2361
2.23556
2.23502
2.23448
2.23394
2.2334
2.23286
2.23231
2.23177
2.23123
2.23069
2.23014
2.2296
2.22906
2.22851
2.22797
2.22742
2.22688
2.22633
2.22578
2.22524
2.22469
2.22414
2.2236
2.22305
2.2225
2.22195
2.2214
2.22085
2.2203
2.21975
2.2192
2.21865
2.2181
2.21755
2.217
2.21645
2.21589
2.21534
2.21479
2.21424
2.21368
2.21313
2.21257
2.21202
2.21146
2.21091
2.21035
2.2098
2.20924
2.20868
2.20813
2.20757
2.20701
2.20645
2.20589
2.20533
2.20477
2.20421
2.20365
2.20309
2.20253
2.20197
2.20141
2.20085
2.20029
2.19972
2.19916
2.1986
2.19803
2.19747
2.19691
2.19634
2.19578
2.19521
2.19465
2.19408
2.19351
2.19295
2.19238
2.19181
2.19124
2.19068
2.19011
2.18954
2.18897
2.1884
2.18783
2.18726
2.18669
2.18612
2.18555
2.18498
2.1844
2.18383
2.18326
2.18269
2.18211
2.18154
2.18097
2.18039
2.17982
2.17924
2.17867
2.17809
2.17751
2.17694
2.17636
2.17578
2.17521
2.17463
2.17405
2.17347
2.17289
2.17232
2.17174
2.17116
2.17058
2.17
2.16942
2.16883
2.16825
2.16767
2.16709
2.16651
2.16592
2.16534
2.16476
2.16417
2.16359
2.16301
2.16242
2.16184
2.16125
2.16067
2.16008
2.15949
2.15891
2.15832
2.15773
2.15715
2.15656
2.15597
2.15538
2.15479
2.1542
2.15361
2.15302
2.15243
2.15184
2.15125
2.15066
2.15007
2.14948
2.14889
2.14829
2.1477
2.14711
2.14651
2.14592
2.14533
2.14473
2.14414
2.14354
2.14295
2.14235
2.14176
2.14116
2.14056
2.13997
2.13937
2.13877
2.13818
2.13758
2.13698
2.13638
2.13578
2.13518
2.13458
2.13398
2.13338
2.13278
2.13218
2.13158
2.13098
2.13038
2.12978
2.12917
2.12857
2.12797
2.12737
2.12676
2.12616
2.12556
2.12495
2.12435
2.12374
2.12314
2.12253
2.12193
2.12132
2.12071
2.12011
2.1195
2.11889
2.11829
2.11768
2.11707
2.11646
2.11585
2.11524
2.11463
2.11402
2.11342
2.11281
2.11219
2.11158
2.11097
2.11036
2.10975
2.10914
2.10853
2.10791
2.1073
2.10669
2.10608
2.10546
2.10485
2.10423
2.10362
2.10301
2.10239
2.10178
2.10116
2.10055
2.09993
2.09931
2.0987
2.09808
2.09746
2.09685
2.09623
2.09561
2.09499
2.09437
2.09376
2.09314
2.09252
2.0919
2.09128
2.09066
2.09004
2.08942
2.0888
2.08818
2.08755
2.08693
2.08631
2.08569
2.08507
2.08444
2.08382
2.0832
2.08257
2.08195
2.08133
2.0807
2.08008
2.07945
2.07883
2.0782
2.07758
2.07695
2.07633
2.0757
2.07507
2.07445
2.07382
2.07319
2.07257
2.07194
2.07131
2.07068
2.07005
2.06942
2.0688
2.06817
2.06754
2.06691
2.06628
2.06565
2.06502
2.06439
2.06375
2.06312
2.06249
2.06186
2.06123
2.0606
2.05996
2.05933
2.0587
2.05806
2.05743
2.0568
2.05616
2.05553
2.0549
2.05426
2.05363
2.05299
2.05236
2.05172
2.05108
2.05045
2.04981
2.04917
2.04854
2.0479
2.04726
2.04663
2.04599
2.04535
2.04471
2.04407
2.04344
2.0428
2.04216
2.04152
2.04088
2.04024
2.0396
2.03896
2.03832
2.03768
2.03704
2.0364
2.03575
2.03511
2.03447
2.03383
2.03319
2.03254
2.0319
2.03126
2.03062
2.02997
2.02933
2.02868
2.02804
2.0274
2.02675
2.02611
2.02546
2.02482
2.02417
2.02353
2.02288
2.02223
2.02159
2.02094
2.02029
2.01965
2.019
2.01835
2.01771
2.01706
2.01641
2.01576
2.01511
2.01446
2.01382
2.01317
2.01252
2.01187
2.01122
2.01057
2.00992
2.00927
2.00862
2.00797
2.00732
2.00667
2.00601
2.00536
2.00471
2.00406
2.00341
2.00275
2.0021
2.00145
2.0008
2.00014
1.99949
1.99884
1.99818
1.99753
1.99687
1.99622
1.99556
1.99491
1.99425
1.9936
1.99294
1.99229
1.99163
1.99098
1.99032
1.98966
1.98901
1.98835
1.98769
1.98704
1.98638
1.98572
1.98506
1.98441
1.98375
1.98309
1.98243
1.98177
1.98111
1.98046
1.9798
1.97914
1.97848
1.97782
1.97716
1.9765
1.97584
1.97518
1.97452
1.97385
1.97319
1.97253
1.97187
1.97121
1.97055
1.96988
1.96922
1.96856
1.9679
1.96723
1.96657
1.96591
1.96525
1.96458
1.96392
1.96325
1.96259
1.96193
1.96126
1.9606
1.95993
1.95927
1.9586
1.95794
1.95727
1.95661
1.95594
1.95527
1.95461
1.95394
1.95327
1.95261
1.95194
1.95127
1.95061
1.94994
1.94927
1.9486
1.94794
1.94727
1.9466
1.94593
1.94526
1.94459
1.94393
1.94326
1.94259
1.94192
1.94125
1.94058
1.93991
1.93924
1.93857
1.9379
1.93723
1.93656
1.93589
1.93521
1.93454
1.93387
1.9332
1.93253
1.93186
1.93119
1.93051
1.92984
1.92917
1.9285
1.92782
1.92715
1.92648
1.9258
1.92513
1.92446
1.92378
1.92311
1.92243
1.92176
1.92109
1.92041
1.91974
1.91906
1.91839
1.91771
1.91704
1.91636
1.91569
1.91501
1.91433
1.91366
1.91298
1.91231
1.91163
1.91095
1.91028
1.9096
1.90892
1.90824
1.90757
1.90689
1.90621
1.90553
1.90486
1.90418
1.9035
1.90282
1.90214
1.90146
1.90079
1.90011
1.89943
1.89875
1.89807
1.89739
1.89671
1.89603
1.89535
1.89467
1.89399
1.89331
1.89263
1.89195
1.89127
1.89059
1.88991
1.88923
1.88854
1.88786
1.88718
1.8865
1.88582
1.88514
1.88445
1.88377
1.88309
1.88241
1.88172
1.88104
1.88036
1.87968
1.87899
1.87831
1.87763
1.87694
1.87626
1.87557
1.87489
1.87421
1.87352
1.87284
1.87215
1.87147
1.87078
1.8701
1.86942
1.86873
1.86804
1.86736
1.86667
1.86599
1.8653
1.86462
1.86393
1.86325
1.86256
1.86187
1.86119
1.8605
1.85981
1.85913
1.85844
1.85775
1.85707
1.85638
1.85569
1.855
1.85432
1.85363
1.85294
1.85225
1.85157
1.85088
1.85019
1.8495
1.84881
1.84812
1.84744
1.84675
1.84606
1.84537
1.84468
1.84399
1.8433
1.84261
1.84192
1.84123
1.84054
1.83985
1.83916
1.83847
1.83778
1.83709
1.8364
1.83571
1.83502
1.83433
1.83364
1.83295
1.83226
1.83157
1.83088
1.83019
1.8295
1.8288
1.82811
1.82742
1.82673
1.82604
1.82534
1.82465
1.82396
1.82327
1.82258
1.82188
1.82119
1.8205
1.81981
1.81911
1.81842
1.81773
1.81703
1.81634
1.81565
1.81495
1.81426
1.81357
1.81287
1.81218
1.81149
1.81079
1.8101
1.8094
1.80871
1.80802
1.80732
1.80663
1.80593
1.80524
1.80454
1.80385
1.80315
1.80246
1.80176
1.80107
1.80037
1.79968
1.79898
1.79829
1.79759
1.7969
1.7962
1.79551
1.79481
1.79411
1.79342
1.79272
1.79203
1.79133
1.79063
1.78994
1.78924
1.78854
1.78785
1.78715
1.78645
1.78576
1.78506
1.78436
1.78367
1.78297
1.78227
1.78157
1.78088
1.78018
1.77948
1.77878
1.77809
1.77739
1.77669
1.77599
1.77529
1.7746
1.7739
1.7732
1.7725
1.7718
1.77111
1.77041
1.76971
1.76901
1.76831
1.76761
1.76691
1.76622
1.76552
1.76482
1.76412
1.76342
1.76272
1.76202
1.76132
1.76062
1.75992
1.75922
1.75853
1.75783
1.75713
1.75643
1.75573
1.75503
1.75433
1.75363
1.75293
1.75223
1.75153
1.75083
1.75013
1.74943
1.74873
1.74803
1.74733
1.74663
1.74593
1.74522
1.74452
1.74382
1.74312
1.74242
1.74172
1.74102
1.74032
1.73962
1.73892
1.73822
1.73752
1.73681
1.73611
1.73541
1.73471
1.73401
1.73331
1.73261
1.73191
1.7312
1.7305
1.7298
1.7291
1.7284
1.7277
1.72699
1.72629
1.72559
1.72489
1.72419
1.72348
1.72278
1.72208
1.72138
1.72068
1.71997
1.71927
1.71857
1.71787
1.71717
1.71646
1.71576
1.71506
1.71436
1.71365
1.71295
1.71225
1.71155
1.71084
1.71014
1.70944
1.70873
1.70803
1.70733
1.70663
1.70592
1.70522
1.70452
1.70382
1.70311
1.70241
1.70171
1.701
1.7003
1.6996
1.69889
1.69819
1.69749
1.69678
1.69608
1.69538
1.69467
1.69397
1.69327
1.69256
1.69186
1.69116
1.69045
1.68975
1.68905
1.68834
1.68764
1.68694
1.68623
1.68553
1.68483
1.68412
1.68342
1.68272
1.68201
1.68131
1.6806
1.6799
1.6792
1.67849
1.67779
1.67709
1.67638
1.67568
1.67497
1.67427
1.67357
1.67286
1.67216
1.67146
1.67075
1.67005
1.66934
1.66864
1.66794
1.66723
1.66653
1.66582
1.66512
1.66442
1.66371
1.66301
1.6623
1.6616
1.6609
1.66019
1.65949
1.65878
1.65808
1.65738
1.65667
1.65597
1.65526
1.65456
1.65386
1.65315
1.65245
1.65174
1.65104
1.65034
1.64963
1.64893
1.64822
1.64752
1.64682
1.64611
1.64541
1.6447
1.644
1.64329
1.64259
1.64189
1.64118
1.64048
1.63977
1.63907
1.63837
1.63766
1.63696
1.63625
1.63555
1.63485
1.63414
1.63344
1.63273
1.63203
1.63133
1.63062
1.62992
1.62921
1.62851
1.62781
1.6271
1.6264
1.6257
1.62499
1.62429
1.62358
1.62288
1.62218
1.62147
1.62077
1.62006
1.61936
1.61866
1.61795
1.61725
1.61655
1.61584
1.61514
1.61444
1.61373
1.61303
1.61232
1.61162
1.61092
1.61021
1.60951
1.60881
1.6081
1.6074
1.6067
1.60599
1.60529
1.60459
1.60388
1.60318
1.60248
1.60177
1.60107
1.60037
1.59966
1.59896
1.59826
1.59755
1.59685
1.59615
1.59545
1.59474
1.59404
1.59334
1.59263
1.59193
1.59123
1.59052
1.58982
1.58912
1.58842
1.58771
1.58701
1.58631
1.58561
1.5849
1.5842
1.5835
1.5828
1.58209
1.58139
1.58069
1.57999
1.57928
1.57858
1.57788
1.57718
1.57647
1.57577
1.57507
1.57437
1.57367
1.57296
1.57226
1.57156
1.57086
1.57016
1.56945
1.56875
1.56805
1.56735
1.56665
1.56595
1.56525
1.56454
1.56384
1.56314
1.56244
1.56174
1.56104
1.56034
1.55963
1.55893
1.55823
1.55753
1.55683
1.55613
1.55543
1.55473
1.55403
1.55333
1.55262
1.55192
1.55122
1.55052
1.54982
1.54912
1.54842
1.54772
1.54702
1.54632
1.54562
1.54492
1.54422
1.54352
1.54282
1.54212
1.54142
1.54072
1.54002
1.53932
1.53862
1.53792
1.53722
1.53652
1.53582
1.53512
1.53442
1.53372
1.53302
1.53233
1.53163
1.53093
1.53023
1.52953
1.52883
1.52813
1.52743
1.52673
1.52604
1.52534
1.52464
1.52394
1.52324
1.52254
1.52184
1.52115
1.52045
1.51975
1.51905
1.51835
1.51766
1.51696
1.51626
1.51556
1.51486
1.51417
1.51347
1.51277
1.51207
1.51138
1.51068
1.50998
1.50929
1.50859
1.50789
1.50719
1.5065
1.5058
1.5051
1.50441
1.50371
1.50301
1.50232
1.50162
1.50092
1.50023
1.49953
1.49884
1.49814
1.49744
1.49675
1.49605
1.49536
1.49466
1.49397
1.49327
1.49257
1.49188
1.49118
1.49049
1.48979
1.4891
1.4884
1.48771
1.48701
1.48632
1.48562
1.48493
1.48424
1.48354
1.48285
1.48215
1.48146
1.48076
1.48007
1.47938
1.47868
1.47799
1.47729
1.4766
1.47591
1.47521
1.47452
1.47383
1.47313
1.47244
1.47175
1.47106
1.47036
1.46967
1.46898
1.46828
1.46759
1.4669
1.46621
1.46551
1.46482
1.46413
1.46344
1.46275
1.46205
1.46136
1.46067
1.45998
1.45929
1.4586
1.45791
1.45721
1.45652
1.45583
1.45514
1.45445
1.45376
1.45307
1.45238
1.45169
1.451
1.45031
1.44962
1.44893
1.44824
1.44755
1.44686
1.44617
1.44548
1.44479
1.4441
1.44341
1.44272
1.44203
1.44134
1.44065
1.43996
1.43928
1.43859
1.4379
1.43721
1.43652
1.43583
1.43514
1.43446
1.43377
1.43308
1.43239
1.43171
1.43102
1.43033
1.42964
1.42896
1.42827
1.42758
1.42689
1.42621
1.42552
1.42483
1.42415
1.42346
1.42277
1.42209
1.4214
1.42072
1.42003
1.41934
1.41866
1.41797
1.41729
1.4166
1.41592
1.41523
1.41455
1.41386
1.41318
1.41249
1.41181
1.41112
1.41044
1.40975
1.40907
1.40839
1.4077
1.40702
1.40633
1.40565
1.40497
1.40428
1.4036
1.40292
1.40223
1.40155
1.40087
1.40018
1.3995
1.39882
1.39814
1.39745
1.39677
1.39609
1.39541
1.39473
1.39404
1.39336
1.39268
1.392
1.39132
1.39064
1.38996
1.38928
1.3886
1.38791
1.38723
1.38655
1.38587
1.38519
1.38451
1.38383
1.38315
1.38247
1.38179
1.38111
1.38043
1.37976
1.37908
1.3784
1.37772
1.37704
1.37636
1.37568
1.375
1.37433
1.37365
1.37297
1.37229
1.37161
1.37094
1.37026
1.36958
1.3689
1.36823
1.36755
1.36687
1.36619
1.36552
1.36484
1.36416
1.36349
1.36281
1.36214
1.36146
1.36078
1.36011
1.35943
1.35876
1.35808
1.35741
1.35673
1.35606
1.35538
1.35471
1.35403
1.35336
1.35268
1.35201
1.35134
1.35066
1.34999
1.34931
1.34864
1.34797
1.34729
1.34662
1.34595
1.34528
1.3446
1.34393
1.34326
1.34259
1.34191
1.34124
1.34057
1.3399
1.33923
1.33855
1.33788
1.33721
1.33654
1.33587
1.3352
1.33453
1.33386
1.33319
1.33252
1.33185
1.33118
1.33051
1.32984
1.32917
1.3285
1.32783
1.32716
1.32649
1.32582
1.32515
1.32448
1.32381
1.32315
1.32248
1.32181
1.32114
1.32047
1.31981
1.31914
1.31847
1.3178
1.31714
1.31647
1.3158
1.31514
1.31447
1.3138
1.31314
1.31247
1.3118
1.31114
1.31047
1.30981
1.30914
1.30848
1.30781
1.30715
1.30648
1.30582
1.30515
1.30449
1.30382
1.30316
1.3025
1.30183
1.30117
1.3005
1.29984
1.29918
1.29851
1.29785
1.29719
1.29653
1.29586
1.2952
1.29454
1.29388
1.29321
1.29255
1.29189
1.29123
1.29057
1.28991
1.28925
1.28858
1.28792
1.28726
1.2866
1.28594
1.28528
1.28462
1.28396
1.2833
1.28264
1.28198
1.28132
1.28067
1.28001
1.27935
1.27869
1.27803
1.27737
1.27671
1.27606
1.2754
1.27474
1.27408
1.27342
1.27277
1.27211
1.27145
1.2708
1.27014
1.26948
1.26883
1.26817
1.26751
1.26686
1.2662
1.26555
1.26489
1.26424
1.26358
1.26293
1.26227
1.26162
1.26096
1.26031
1.25965
1.259
1.25835
1.25769
1.25704
1.25638
1.25573
1.25508
1.25443
1.25377
1.25312
1.25247
1.25182
1.25116
1.25051
1.24986
1.24921
1.24856
1.2479
1.24725
1.2466
1.24595
1.2453
1.24465
1.244
1.24335
1.2427
1.24205
1.2414
1.24075
1.2401
1.23945
1.2388
1.23815
1.2375
1.23686
1.23621
1.23556
1.23491
1.23426
1.23361
1.23297
1.23232
1.23167
1.23102
1.23038
1.22973
1.22908
1.22844
1.22779
1.22715
1.2265
1.22585
1.22521
1.22456
1.22392
1.22327
1.22263
1.22198
1.22134
1.22069
1.22005
1.2194
1.21876
1.21812
1.21747
1.21683
1.21618
1.21554
1.2149
1.21426
1.21361
1.21297
1.21233
1.21169
1.21104
1.2104
1.20976
1.20912
1.20848
1.20784
1.20719
1.20655
1.20591
1.20527
1.20463
1.20399
1.20335
1.20271
1.20207
1.20143
1.20079
1.20015
1.19952
1.19888
1.19824
1.1976
1.19696
1.19632
1.19568
1.19505
1.19441
1.19377
1.19313
1.1925
1.19186
1.19122
1.19059
1.18995
1.18931
1.18868
1.18804
1.18741
1.18677
1.18613
1.1855
1.18486
1.18423
1.18359
1.18296
1.18233
1.18169
1.18106
1.18042
1.17979
1.17916
1.17852
1.17789
1.17726
1.17662
1.17599
1.17536
1.17473
1.17409
1.17346
1.17283
1.1722
1.17157
1.17094
1.1703
1.16967
1.16904
1.16841
1.16778
1.16715
1.16652
1.16589
1.16526
1.16463
1.164
1.16337
1.16274
1.16212
1.16149
1.16086
1.16023
1.1596
1.15897
1.15835
1.15772
1.15709
1.15646
1.15584
1.15521
1.15458
1.15396
1.15333
1.1527
1.15208
1.15145
1.15083
1.1502
1.14957
1.14895
1.14832
1.1477
1.14708
1.14645
1.14583
1.1452
1.14458
1.14395
1.14333
1.14271
1.14208
1.14146
1.14084
1.14022
1.13959
1.13897
1.13835
1.13773
1.13711
1.13648
1.13586
1.13524
1.13462
1.134
1.13338
1.13276
1.13214
1.13152
1.1309
1.13028
1.12966
1.12904
1.12842
1.1278
1.12718
1.12656
1.12594
1.12533
1.12471
1.12409
1.12347
1.12285
1.12224
1.12162
1.121
1.12038
1.11977
1.11915
1.11854
1.11792
1.1173
1.11669
1.11607
1.11546
1.11484
1.11423
1.11361
1.113
1.11238
1.11177
1.11115
1.11054
1.10992
1.10931
1.1087
1.10808
1.10747
1.10686
1.10625
1.10563
1.10502
1.10441
1.1038
1.10318
1.10257
1.10196
1.10135
1.10074
1.10013
1.09952
1.09891
1.0983
1.09769
1.09708
1.09647
1.09586
1.09525
1.09464
1.09403
1.09342
1.09281
1.0922
1.09159
1.09098
1.09038
1.08977
1.08916
1.08855
1.08795
1.08734
1.08673
1.08613
1.08552
1.08491
1.08431
1.0837
1.08309
1.08249
1.08188
1.08128
1.08067
1.08007
1.07946
1.07886
1.07825
1.07765
1.07705
1.07644
1.07584
1.07523
1.07463
1.07403
1.07342
1.07282
1.07222
1.07162
1.07101
1.07041
1.06981
1.06921
1.06861
1.06801
1.06741
1.0668
1.0662
1.0656
1.065
1.0644
1.0638
1.0632
1.0626
1.062
1.0614
1.06081
1.06021
1.05961
1.05901
1.05841
1.05781
1.05721
1.05662
1.05602
1.05542
1.05482
1.05423
1.05363
1.05303
1.05244
1.05184
1.05124
1.05065
1.05005
1.04946
1.04886
1.04827
1.04767
1.04708
1.04648
1.04589
1.04529
1.0447
1.0441
1.04351
1.04292
1.04232
1.04173
1.04114
1.04054
1.03995
1.03936
1.03877
1.03817
1.03758
1.03699
1.0364
1.03581
1.03522
1.03462
1.03403
1.03344
1.03285
1.03226
1.03167
1.03108
1.03049
1.0299
1.02931
1.02872
1.02813
1.02755
1.02696
1.02637
1.02578
1.02519
1.0246
1.02402
1.02343
1.02284
1.02225
1.02167
1.02108
1.02049
1.01991
1.01932
1.01873
1.01815
1.01756
1.01698
1.01639
1.0158
1.01522
1.01463
1.01405
1.01346
1.01288
1.0123
1.01171
1.01113
1.01054
1.00996
1.00938
1.00879
1.00821
1.00763
1.00705
1.00646
1.00588
1.0053
1.00472
1.00414
1.00355
1.00297
1.00239
1.00181
1.00123
1.00065
1.00007
0.999488
0.998908
0.998328
0.997748
0.997168
0.996589
0.99601
0.995431
0.994852
0.994273
0.993695
0.993116
0.992538
0.99196
0.991382
0.990804
0.990227
0.98965
0.989073
0.988496
0.987919
0.987342
0.986766
0.98619
0.985613
0.985038
0.984462
0.983886
0.983311
0.982736
0.982161
0.981586
0.981011
0.980437
0.979862
0.979288
0.978714
0.97814
0.977567
0.976993
0.97642
0.975847
0.975274
0.974701
0.974128
0.973556
0.972984
0.972412
0.97184
0.971268
0.970696
0.970125
0.969554
0.968983
0.968412
0.967841
0.967271
0.9667
0.96613
0.96556
0.96499
0.96442
0.963851
0.963282
0.962712
0.962143
0.961575
0.961006
0.960437
0.959869
0.959301
0.958733
0.958165
0.957597
0.95703
0.956463
0.955895
0.955328
0.954762
0.954195
0.953628
0.953062
0.952496
0.95193
0.951364
0.950799
0.950233
0.949668
0.949103
0.948538
0.947973
0.947408
0.946844
0.946279
0.945715
0.945151
0.944587
0.944024
0.94346
0.942897
0.942333
0.94177
0.941208
0.940645
0.940082
0.93952
0.938958
0.938396
0.937834
0.937272
0.936711
0.936149
0.935588
0.935027
0.934466
0.933905
0.933344
0.932784
0.932224
0.931664
0.931104
0.930544
0.929984
0.929425
0.928865
0.928306
0.927747
0.927188
0.926629
0.926071
0.925513
0.924954
0.924396
0.923838
0.92328
0.922723
0.922165
0.921608
0.921051
0.920494
0.919937
0.91938
0.918824
0.918267
0.917711
0.917155
0.916599
0.916043
0.915488
0.914932
0.914377
0.913821
0.913266
0.912712
