0.223607
0.223073
0.222554
0.222049
0.221559
0.221083
0.22062
0.220171
0.219735
0.219312
0.218902
0.218504
0.218119
0.217745
0.217383
0.217032
0.216693
0.216364
0.216047
0.21574
0.215443
0.215157
0.21488
0.214614
0.214357
0.214109
0.213871
0.213641
0.213421
0.213209
0.213005
0.21281
0.212624
0.212445
0.212274
0.212111
0.211955
0.211807
0.211666
0.211532
0.211406
0.211286
0.211173
0.211066
0.210966
0.210873
0.210785
0.210704
0.210629
0.21056
0.210496
0.210439
0.210386
0.21034
0.210298
0.210262
0.210232
0.210206
0.210185
0.210169
0.210158
0.210152
0.21015
0.210153
0.21016
0.210172
0.210188
0.210209
0.210233
0.210262
0.210294
0.210331
0.210371
0.210416
0.210464
0.210516
0.210571
0.21063
0.210692
0.210758
0.210827
0.2109
0.210976
0.211055
0.211137
0.211222
0.211311
0.211402
0.211497
0.211594
0.211694
0.211797
0.211903
0.212011
0.212123
0.212236
0.212353
0.212472
0.212594
0.212718
0.212844
0.212973
0.213105
0.213238
0.213374
0.213513
0.213653
0.213796
0.213941
0.214088
0.214238
0.214389
0.214543
0.214698
0.214856
0.215015
0.215177
0.21534
0.215506
0.215673
0.215842
0.216013
0.216186
0.216361
0.216537
0.216715
0.216895
0.217077
0.21726
0.217445
0.217632
0.21782
0.21801
0.218202
0.218395
0.21859
0.218786
0.218984
0.219183
0.219384
0.219587
0.219791
0.219996
0.220203
0.220411
0.220621
0.220832
0.221045
0.221259
0.221475
0.221691
0.22191
0.222129
0.22235
0.222572
0.222796
0.223021
0.223247
0.223475
0.223703
0.223934
0.224165
0.224398
0.224632
0.224867
0.225103
0.225341
0.22558
0.22582
0.226062
0.226304
0.226548
0.226793
0.22704
0.227287
0.227536
0.227786
0.228037
0.228289
0.228542
0.228797
0.229053
0.22931
0.229568
0.229827
0.230088
0.230349
0.230612
0.230876
0.231141
0.231407
0.231674
0.231943
0.232213
0.232483
0.232755
0.233028
0.233302
0.233578
0.233854
0.234132
0.23441
0.23469
0.234971
0.235253
0.235536
0.235821
0.236106
0.236393
0.236681
0.236969
0.237259
0.237551
0.237843
0.238136
0.238431
0.238726
0.239023
0.239321
0.23962
0.23992
0.240221
0.240524
0.240827
0.241132
0.241438
0.241745
0.242053
0.242362
0.242673
0.242984
0.243297
0.243611
0.243926
0.244242
0.24456
0.244878
0.245198
0.245519
0.245841
0.246164
0.246489
0.246814
0.247141
0.247469
0.247798
0.248129
0.24846
0.248793
0.249127
0.249462
0.249798
0.250136
0.250475
0.250815
0.251156
0.251499
0.251842
0.252187
0.252534
0.252881
0.25323
0.25358
0.253931
0.254283
0.254637
0.254992
0.255349
0.255706
0.256065
0.256425
0.256787
0.25715
0.257514
0.257879
0.258246
0.258614
0.258983
0.259354
0.259726
0.260099
0.260474
0.26085
0.261228
0.261606
0.261987
0.262368
0.262751
0.263135
0.263521
0.263908
0.264297
0.264687
0.265078
0.265471
0.265865
0.266261
0.266658
0.267056
0.267456
0.267858
0.268261
0.268665
0.269071
0.269479
0.269887
0.270298
0.27071
0.271123
0.271538
0.271955
0.272373
0.272792
0.273213
0.273636
0.27406
0.274486
0.274913
0.275342
0.275773
0.276205
0.276639
0.277074
0.277512
0.27795
0.278391
0.278833
0.279276
0.279722
0.280169
0.280617
0.281068
0.28152
0.281974
0.282429
0.282887
0.283346
0.283806
0.284269
0.284733
0.285199
0.285667
0.286137
0.286608
0.287082
0.287557
0.288034
0.288512
0.288993
0.289476
0.28996
0.290446
0.290934
0.291424
0.291916
0.29241
0.292906
0.293404
0.293903
0.294405
0.294909
0.295414
0.295922
0.296432
0.296943
0.297457
0.297973
0.298491
0.29901
0.299532
0.300056
0.300582
0.301111
0.301641
0.302173
0.302708
0.303245
0.303784
0.304325
0.304868
0.305414
0.305962
0.306512
0.307064
0.307618
0.308175
0.308734
0.309295
0.309859
0.310425
0.310993
0.311564
0.312137
0.312713
0.31329
0.313871
0.314453
0.315038
0.315626
0.316216
0.316808
0.317403
0.318001
0.318601
0.319203
0.319809
0.320416
0.321026
0.321639
0.322255
0.322873
0.323494
0.324117
0.324743
0.325372
0.326004
0.326638
0.327275
0.327915
0.328557
0.329202
0.329851
0.330502
0.331156
0.331812
0.332472
0.333134
0.3338
0.334468
0.33514
0.335814
0.336491
0.337172
0.337855
0.338541
0.339231
0.339924
0.340619
0.341318
0.34202
0.342725
0.343434
0.344145
0.34486
0.345578
0.3463
0.347025
0.347753
0.348484
0.349219
0.349957
0.350698
0.351443
0.352192
0.352944
0.353699
0.354458
0.355221
0.355987
0.356757
0.35753
0.358307
0.359088
0.359872
0.36066
0.361452
0.362248
0.363047
0.36385
0.364657
0.365468
0.366283
0.367102
0.367925
0.368752
0.369583
0.370417
0.371256
0.372099
0.372947
0.373798
0.374654
0.375513
0.376377
0.377246
0.378118
0.378995
0.379877
0.380762
0.381653
0.382547
0.383446
0.38435
0.385258
0.386171
0.387089
0.388011
0.388938
0.38987
0.390806
0.391747
0.392693
0.393644
0.3946
0.395561
0.396527
0.397498
0.398474
0.399455
0.400441
0.401433
0.402429
0.403431
0.404438
0.405451
0.406469
0.407492
0.408521
0.409555
0.410595
0.411641
0.412692
0.413749
0.414812
0.41588
0.416954
0.418034
0.41912
0.420212
0.42131
0.422414
0.423524
0.424641
0.425763
0.426892
0.428027
0.429168
0.430316
0.431471
0.432631
0.433799
0.434973
0.436154
0.437341
0.438535
0.439736
0.440944
0.442159
0.443381
0.44461
0.445847
0.44709
0.448341
0.449599
0.450864
0.452137
0.453417
0.454705
0.456001
0.457304
0.458615
0.459934
0.461261
0.462596
0.463939
0.465289
0.466649
0.468016
0.469392
0.470776
0.472169
0.47357
0.47498
0.476398
0.477826
0.479262
0.480707
0.482162
0.483625
0.482815
0.481991
0.481154
0.480305
0.479444
0.478572
0.477688
0.476793
0.475888
0.474973
0.474048
0.473113
0.47217
0.471218
0.470257
0.469289
0.468313
0.467329
0.466338
0.465341
0.464337
0.463327
0.462311
0.461289
0.460262
0.45923
0.458193
0.457151
0.456105
0.455055
0.454
0.452942
0.451881
0.450817
0.449749
0.448679
0.447605
0.44653
0.445452
0.444372
0.443291
0.442207
0.441123
0.440036
0.438949
0.437861
0.436771
0.435681
0.434591
0.4335
0.432409
0.431317
0.430226
0.429135
0.428044
0.426953
0.425863
0.424774
0.423685
0.422597
0.42151
0.420425
0.41934
0.418256
0.417174
0.416094
0.415015
0.413937
0.412862
0.411788
0.410716
0.409646
0.408578
0.407512
0.406449
0.405387
0.404328
0.403271
0.402217
0.401166
0.400116
0.39907
0.398026
0.396985
0.395947
0.394911
0.393879
0.392849
0.391823
0.390799
0.389779
0.388761
0.387747
0.386736
0.385728
0.384723
0.383722
0.382724
0.381729
0.380738
0.37975
0.378765
0.377784
0.376807
0.375833
0.374862
0.373895
0.372932
0.371972
0.371016
0.370063
0.369114
0.368169
0.367227
0.366289
0.365354
0.364424
0.363497
0.362573
0.361654
0.360738
0.359826
0.358917
0.358013
0.357112
0.356215
0.355321
0.354432
0.353546
0.352663
0.351785
0.35091
0.35004
0.349173
0.348309
0.34745
0.346594
0.345742
0.344893
0.344049
0.343208
0.342371
0.341538
0.340708
0.339882
0.33906
0.338241
0.337426
0.336615
0.335808
0.335004
0.334204
0.333408
0.332615
0.331826
0.33104
0.330258
0.32948
0.328705
0.327934
0.327167
0.326403
0.325643
0.324886
0.324133
0.323383
0.322637
0.321894
0.321155
0.320419
0.319687
0.318958
0.318232
0.31751
0.316792
0.316077
0.315365
0.314657
0.313952
0.31325
0.312552
0.311857
0.311165
0.310476
0.309791
0.309109
0.308431
0.307755
0.307083
0.306414
0.305748
0.305086
0.304426
0.30377
0.303117
0.302467
0.30182
0.301176
0.300535
0.299897
0.299262
0.298631
0.298002
0.297376
0.296754
0.296134
0.295517
0.294904
0.294293
0.293685
0.29308
0.292477
0.291878
0.291282
0.290688
0.290097
0.289509
0.288924
0.288341
0.287762
0.287185
0.286611
0.286039
0.28547
0.284904
0.284341
0.28378
0.283222
0.282666
0.282114
0.281563
0.281016
0.28047
0.279928
0.279388
0.278851
0.278316
0.277783
0.277253
0.276726
0.276201
0.275678
0.275158
0.27464
0.274125
0.273612
0.273102
0.272594
0.272088
0.271584
0.271083
0.270584
0.270088
0.269594
0.269102
0.268612
0.268125
0.267639
0.267157
0.266676
0.266197
0.265721
0.265247
0.264775
0.264305
0.263837
0.263371
0.262908
0.262447
0.261987
0.26153
0.261075
0.260622
0.260171
0.259722
0.259275
0.25883
0.258387
0.257946
0.257506
0.257069
0.256634
0.256201
0.25577
0.25534
0.254913
0.254487
0.254064
0.253642
0.253222
0.252804
0.252387
0.251973
0.25156
0.25115
0.250741
0.250333
0.249928
0.249524
0.249122
0.248722
0.248324
0.247927
0.247532
0.247139
0.246747
0.246357
0.245969
0.245582
0.245198
0.244814
0.244433
0.244053
0.243674
0.243298
0.242923
0.242549
0.242177
0.241807
0.241438
0.241071
0.240705
0.240341
0.239978
0.239617
0.239258
0.2389
0.238543
0.238188
0.237834
0.237482
0.237132
0.236782
0.236435
0.236088
0.235744
0.2354
0.235058
0.234717
0.234378
0.23404
0.233704
0.233369
0.233035
0.232703
0.232372
0.232042
0.231714
0.231387
0.231062
0.230737
0.230414
0.230093
0.229772
0.229453
0.229136
0.228819
0.228504
0.22819
0.227877
0.227566
0.227255
0.226946
0.226639
0.226332
0.226027
0.225723
0.22542
0.225118
0.224818
0.224518
0.22422
0.223923
0.223627
0.223333
0.223039
0.222747
0.222456
0.222166
0.221877
0.221589
0.221302
0.221017
0.220732
0.220449
0.220167
0.219885
0.219605
0.219326
0.219048
0.218771
0.218496
0.218221
0.217947
0.217675
0.217403
0.217132
0.216863
0.216594
0.216327
0.21606
0.215795
0.21553
0.215267
0.215004
0.214743
0.214482
0.214223
0.213964
0.213706
0.21345
0.213194
0.212939
0.212686
0.212433
0.212181
0.21193
0.21168
0.211431
0.211183
0.210936
0.210689
0.210444
0.210199
0.209956
0.209713
0.209471
0.20923
0.20899
0.208751
0.208513
0.208275
0.208039
0.207803
0.207568
0.207334
0.207101
0.206869
0.206637
0.206407
0.206177
0.205948
0.20572
0.205492
0.205266
0.20504
0.204815
0.204591
0.204368
0.204146
0.203924
0.203703
0.203483
0.203264
0.203045
0.202828
0.202611
0.202394
0.202179
0.201964
0.20175
0.201537
0.201325
0.201113
0.200902
0.200692
0.200483
0.200274
0.200066
0.199859
0.199653
0.199447
0.199242
0.199038
0.198834
0.198631
0.198429
0.198227
0.198027
0.197827
0.197627
0.197428
0.19723
0.197033
0.196837
0.196641
0.196445
0.196251
0.196057
0.195864
0.195671
0.195479
0.195288
0.195097
0.194907
0.194718
0.194529
0.194341
0.194154
0.193967
0.193781
0.193596
0.193411
0.193227
0.193043
0.19286
0.192678
0.192496
0.192315
0.192135
0.191955
0.191775
0.191597
0.191419
0.191241
0.191065
0.190888
0.190713
0.190538
0.190363
0.190189
0.190016
0.189843
0.189671
0.1895
0.189329
0.189158
0.188988
0.188819
0.188651
0.188482
0.188315
0.188148
0.187981
0.187816
0.18765
0.187485
0.187321
0.187158
0.186994
0.186832
0.18667
0.186508
0.186347
0.186187
0.186027
0.185868
0.185709
0.18555
0.185393
0.185235
0.185078
0.184922
0.184767
0.184611
0.184457
0.184302
0.184149
0.183996
0.183843
0.183691
0.183539
0.183388
0.183237
0.183087
0.182937
0.182788
0.182639
0.182491
0.182343
0.182196
0.182049
0.181903
0.181757
0.181612
0.181467
0.181323
0.181179
0.181035
0.180893
0.18075
0.180608
0.180466
0.180325
0.180185
0.180044
0.179905
0.179765
0.179627
0.179488
0.17935
0.179213
0.179076
0.178939
0.178803
0.178667
0.178532
0.178397
0.178263
0.178129
0.177996
0.177862
0.17773
0.177598
0.177466
0.177335
0.177204
0.177073
0.176943
0.176813
0.176684
0.176555
0.176427
0.176299
0.176171
0.176044
0.175918
0.175791
0.175665
0.17554
0.175415
0.17529
0.175166
0.175042
0.174918
0.174795
0.174672
0.17455
0.174428
0.174307
0.174186
0.174065
0.173945
0.173825
0.173705
0.173586
0.173467
0.173349
0.173231
0.173113
0.172996
0.172879
0.172762
0.172646
0.172531
0.172415
0.1723
0.172186
0.172071
0.171957
0.171844
0.171731
0.171618
0.171506
0.171394
0.171282
0.171171
0.17106
0.170949
0.170839
0.170729
0.170619
0.17051
0.170401
0.170293
0.170185
0.170077
0.16997
0.169863
0.169756
0.169649
0.169543
0.169438
0.169332
0.169227
0.169123
0.169018
0.168914
0.168811
0.168708
0.168605
0.168502
0.1684
0.168298
0.168196
0.168095
0.167994
0.167893
0.167793
0.167693
0.167593
0.167494
0.167395
0.167296
0.167198
0.1671
0.167002
0.166905
0.166808
0.166711
0.166615
0.166518
0.166423
0.166327
0.166232
0.166137
0.166043
0.165948
0.165854
0.165761
0.165667
0.165574
0.165482
0.165389
0.165297
0.165206
0.165114
0.165023
0.164932
0.164841
0.164751
0.164661
0.164572
0.164482
0.164393
0.164304
0.164216
0.164128
0.16404
0.163952
0.163865
0.163778
0.163691
0.163605
0.163519
0.163433
0.163347
0.163262
0.163177
0.163092
0.163008
0.162924
0.16284
0.162756
0.162673
0.16259
0.162507
0.162425
0.162342
0.162261
0.162179
0.162098
0.162016
0.161936
0.161855
0.161775
0.161695
0.161615
0.161536
0.161457
0.161378
0.161299
0.161221
0.161143
0.161065
0.160987
0.16091
0.160833
0.160756
0.16068
0.160604
0.160528
0.160452
0.160377
0.160301
0.160227
0.160152
0.160078
0.160003
0.15993
0.159856
0.159783
0.159709
0.159637
0.159564
0.159492
0.15942
0.159348
0.159276
0.159205
0.159134
0.159063
0.158993
0.158922
0.158852
0.158782
0.158713
0.158643
0.158574
0.158506
0.158437
0.158369
0.1583
0.158233
0.158165
0.158098
0.158031
0.157964
0.157897
0.157831
0.157764
0.157699
0.157633
0.157567
0.157502
0.157437
0.157373
0.157308
0.157244
0.15718
0.157116
0.157053
0.156989
0.156926
0.156863
0.156801
0.156738
0.156676
0.156614
0.156553
0.156491
0.15643
0.156369
0.156308
0.156248
0.156187
0.156127
0.156067
0.156008
0.155948
0.155889
0.15583
0.155771
0.155713
0.155655
0.155597
0.155539
0.155481
0.155424
0.155367
0.15531
0.155253
0.155196
0.15514
0.155084
0.155028
0.154972
0.154917
0.154862
0.154807
0.154752
0.154698
0.154643
0.154589
0.154535
0.154481
0.154428
0.154375
0.154322
0.154269
0.154216
0.154164
0.154112
0.15406
0.154008
0.153956
0.153905
0.153854
0.153803
0.153752
0.153702
0.153651
0.153601
0.153551
0.153502
0.153452
0.153403
0.153354
0.153305
0.153256
0.153208
0.153159
0.153111
0.153064
0.153016
0.152968
0.152921
0.152874
0.152827
0.152781
0.152734
0.152688
0.152642
0.152596
0.152551
0.152505
0.15246
0.152415
0.15237
0.152325
0.152281
0.152237
0.152193
0.152149
0.152105
0.152062
0.152018
0.151975
0.151932
0.15189
0.151847
0.151805
0.151763
0.151721
0.151679
0.151638
0.151596
0.151555
0.151514
0.151474
0.151433
0.151393
0.151353
0.151313
0.151273
0.151233
0.151194
0.151154
0.151115
0.151077
0.151038
0.150999
0.150961
0.150923
0.150885
0.150847
0.15081
0.150773
0.150735
0.150698
0.150662
0.150625
0.150589
0.150552
0.150516
0.15048
0.150445
0.150409
0.150374
0.150339
0.150304
0.150269
0.150234
0.1502
0.150166
0.150132
0.150098
0.150064
0.150031
0.149997
0.149964
0.149931
0.149898
0.149866
0.149833
0.149801
0.149769
0.149737
0.149706
0.149674
0.149643
0.149611
0.14958
0.14955
0.149519
0.149489
0.149458
0.149428
0.149398
0.149368
0.149339
0.149309
0.14928
0.149251
0.149222
0.149194
0.149165
0.149137
0.149108
0.14908
0.149053
0.149025
0.148997
0.14897
0.148943
0.148916
0.148889
0.148862
0.148836
0.14881
0.148784
0.148758
0.148732
0.148706
0.148681
0.148656
0.14863
0.148606
0.148581
0.148556
0.148532
0.148507
0.148483
0.148459
0.148436
0.148412
0.148389
0.148366
0.148342
0.14832
0.148297
0.148274
0.148252
0.14823
0.148208
0.148186
0.148164
0.148142
0.148121
0.1481
0.148079
0.148058
0.148037
0.148016
0.147996
0.147976
0.147956
0.147936
0.147916
0.147896
0.147877
0.147858
0.147839
0.14782
0.147801
0.147782
0.147764
0.147746
0.147727
0.147709
0.147692
0.147674
0.147657
0.147639
0.147622
0.147605
0.147588
0.147572
0.147555
0.147539
0.147523
0.147507
0.147491
0.147475
0.14746
0.147444
0.147429
0.147414
0.147399
0.147384
0.14737
0.147355
0.147341
0.147327
0.147313
0.147299
0.147286
0.147272
0.147259
0.147246
0.147233
0.14722
0.147207
0.147195
0.147183
0.14717
0.147158
0.147147
0.147135
0.147123
0.147112
0.147101
0.14709
0.147079
0.147068
0.147057
0.147047
0.147037
0.147026
0.147016
0.147007
0.146997
0.146987
0.146978
0.146969
0.14696
0.146951
0.146942
0.146934
0.146925
0.146917
0.146909
0.146901
0.146893
0.146886
0.146878
0.146871
0.146864
0.146857
0.14685
0.146843
0.146836
0.14683
0.146824
0.146818
0.146812
0.146806
0.1468
0.146795
0.146789
0.146784
0.146779
0.146774
0.14677
0.146765
0.146761
0.146757
0.146752
0.146749
0.146745
0.146741
0.146738
0.146734
0.146731
0.146728
0.146725
0.146723
0.14672
0.146718
0.146715
0.146713
0.146711
0.146709
0.146708
0.146706
0.146705
0.146704
0.146703
0.146702
0.146701
0.146701
0.1467
0.1467
0.1467
0.1467
0.1467
0.1467
0.146701
0.146701
0.146702
0.146703
0.146704
0.146706
0.146707
0.146709
0.14671
0.146712
0.146714
0.146716
0.146719
0.146721
0.146724
0.146726
0.146729
0.146732
0.146736
0.146739
0.146742
0.146746
0.14675
0.146754
0.146758
0.146762
0.146767
0.146771
0.146776
0.146781
0.146786
0.146791
0.146796
0.146802
0.146808
0.146813
0.146819
0.146825
0.146832
0.146838
0.146845
0.146851
0.146858
0.146865
0.146872
0.14688
0.146887
0.146895
0.146902
0.14691
0.146918
0.146926
0.146935
0.146943
0.146952
0.146961
0.14697
0.146979
0.146988
0.146998
0.147007
0.147017
0.147027
0.147037
0.147047
0.147057
0.147068
0.147078
0.147089
0.1471
0.147111
0.147122
0.147134
0.147145
0.147157
0.147169
0.147181
0.147193
0.147205
0.147217
0.14723
0.147243
0.147256
0.147269
0.147282
0.147295
0.147309
0.147322
0.147336
0.14735
0.147364
0.147378
0.147393
0.147407
0.147422
0.147437
0.147452
0.147467
0.147482
0.147498
0.147513
0.147529
0.147545
0.147561
0.147577
0.147594
0.14761
0.147627
0.147644
0.147661
0.147678
0.147695
0.147712
0.14773
0.147748
0.147766
0.147784
0.147802
0.14782
0.147839
0.147857
0.147876
0.147895
0.147914
0.147934
0.147953
0.147973
0.147992
0.148012
0.148032
0.148052
0.148073
0.148093
0.148114
0.148135
0.148156
0.148177
0.148198
0.148219
0.148241
0.148263
0.148285
0.148307
0.148329
0.148351
0.148374
0.148396
0.148419
0.148442
0.148465
0.148488
0.148512
0.148535
0.148559
0.148583
0.148607
0.148631
0.148656
0.14868
0.148705
0.14873
0.148755
0.14878
0.148805
0.148831
0.148856
0.148882
0.148908
0.148934
0.14896
0.148986
0.149013
0.14904
0.149067
0.149094
0.149121
0.149148
0.149176
0.149203
0.149231
0.149259
0.149287
0.149315
0.149344
0.149372
0.149401
0.14943
0.149459
0.149488
0.149518
0.149547
0.149577
0.149607
0.149637
0.149667
0.149697
0.149728
0.149758
0.149789
0.14982
0.149851
0.149883
0.149914
0.149946
0.149978
0.150009
0.150042
0.150074
0.150106
0.150139
0.150172
0.150204
0.150237
0.150271
0.150304
0.150338
0.150371
0.150405
0.150439
0.150473
0.150508
0.150542
0.150577
0.150612
0.150647
0.150682
0.150717
0.150753
0.150789
0.150824
0.15086
0.150897
0.150933
0.150969
0.151006
0.151043
0.15108
0.151117
0.151154
0.151192
0.151229
0.151267
0.151305
0.151343
0.151382
0.15142
0.151459
0.151498
0.151537
0.151576
0.151615
0.151654
0.151694
0.151734
0.151774
0.151814
0.151854
0.151895
0.151935
0.151976
0.152017
0.152058
0.1521
0.152141
0.152183
0.152225
0.152267
0.152309
0.152351
0.152394
0.152437
0.152479
0.152522
0.152566
0.152609
0.152653
0.152696
0.15274
0.152784
0.152828
0.152873
0.152917
0.152962
0.153007
0.153052
0.153098
0.153143
0.153189
0.153234
0.15328
0.153327
0.153373
0.153419
0.153466
0.153513
0.15356
0.153607
0.153655
0.153702
0.15375
0.153798
0.153846
0.153894
0.153943
0.153991
0.15404
0.154089
0.154138
0.154187
0.154237
0.154287
0.154337
0.154387
0.154437
0.154487
0.154538
0.154589
0.15464
0.154691
0.154742
0.154794
0.154845
0.154897
0.154949
0.155001
0.155054
0.155106
0.155159
0.155212
0.155265
0.155319
0.155372
0.155426
0.15548
0.155534
0.155588
0.155643
0.155697
0.155752
0.155807
0.155862
0.155918
0.155973
0.156029
0.156085
0.156141
0.156197
0.156254
0.156311
0.156368
0.156425
0.156482
0.156539
0.156597
0.156655
0.156713
0.156771
0.15683
0.156888
0.156947
0.157006
0.157065
0.157125
0.157184
0.157244
0.157304
0.157364
0.157424
0.157485
0.157546
0.157607
0.157668
0.157729
0.157791
0.157852
0.157914
0.157976
0.158039
0.158101
0.158164
0.158227
0.15829
0.158353
0.158417
0.158481
0.158545
0.158609
0.158673
0.158738
0.158802
0.158867
0.158932
0.158998
0.159063
0.159129
0.159195
0.159261
0.159327
0.159394
0.159461
0.159528
0.159595
0.159662
0.15973
0.159798
0.159866
0.159934
0.160002
0.160071
0.16014
0.160209
0.160278
0.160347
0.160417
0.160487
0.160557
0.160627
0.160698
0.160769
0.16084
0.160911
0.160982
0.161054
0.161126
0.161198
0.16127
0.161342
0.161415
0.161488
0.161561
0.161634
0.161708
0.161782
0.161856
0.16193
0.162004
0.162079
0.162154
0.162229
0.162304
0.16238
0.162455
0.162531
0.162607
0.162684
0.16276
0.162837
0.162914
0.162992
0.163069
0.163147
0.163225
0.163303
0.163382
0.16346
0.163539
0.163618
0.163698
0.163777
0.163857
0.163937
0.164017
0.164098
0.164178
0.164259
0.164341
0.164422
0.164504
0.164586
0.164668
0.16475
0.164833
0.164915
0.164998
0.165082
0.165165
0.165249
0.165333
0.165417
0.165502
0.165587
0.165672
0.165757
0.165842
0.165928
0.166014
0.1661
0.166187
0.166273
0.16636
0.166447
0.166535
0.166622
0.16671
0.166798
0.166887
0.166975
0.167064
0.167153
0.167243
0.167332
0.167422
0.167512
0.167603
0.167694
0.167784
0.167876
0.167967
0.168059
0.168151
0.168243
0.168335
0.168428
0.168521
0.168614
0.168707
0.168801
0.168895
0.168989
0.169084
0.169179
0.169274
0.169369
0.169464
0.16956
0.169656
0.169753
0.169849
0.169946
0.170043
0.170141
0.170238
0.170336
0.170435
0.170533
0.170632
0.170731
0.17083
0.17093
0.17103
0.17113
0.17123
0.171331
0.171432
0.171533
0.171634
0.171736
0.171838
0.17194
0.172043
0.172146
0.172249
0.172353
0.172456
0.17256
0.172665
0.172769
0.172874
0.172979
0.173085
0.17319
0.173296
0.173403
0.173509
0.173616
0.173723
0.173831
0.173939
0.174047
0.174155
0.174264
0.174373
0.174482
0.174591
0.174701
0.174811
0.174922
0.175033
0.175144
0.175255
0.175367
0.175478
0.175591
0.175703
0.175816
0.175929
0.176043
0.176156
0.176271
0.176385
0.1765
0.176615
0.17673
0.176846
0.176961
0.177078
0.177194
0.177311
0.177428
0.177546
0.177664
0.177782
0.1779
0.178019
0.178138
0.178258
0.178377
0.178497
0.178618
0.178739
0.17886
0.178981
0.179103
0.179225
0.179347
0.17947
0.179593
0.179716
0.17984
0.179964
0.180088
0.180213
0.180338
0.180463
0.180589
0.180715
0.180841
0.180968
0.181095
0.181223
0.18135
0.181479
0.181607
0.181736
0.181865
0.181994
0.182124
0.182255
0.182385
0.182516
0.182647
0.182779
0.182911
0.183043
0.183176
0.183309
0.183442
0.183576
0.18371
0.183845
0.183979
0.184115
0.18425
0.184386
0.184523
0.184659
0.184796
0.184934
0.185071
0.18521
0.185348
0.185487
0.185626
0.185766
0.185906
0.186047
0.186187
0.186329
0.18647
0.186612
0.186754
0.186897
0.18704
0.187184
0.187328
0.187472
0.187617
0.187762
0.187907
0.188053
0.188199
0.188346
0.188493
0.188641
0.188788
0.188937
0.189085
0.189234
0.189384
0.189534
0.189684
0.189835
0.189986
0.190138
0.190289
0.190442
0.190595
0.190748
0.190901
0.191055
0.19121
0.191365
0.19152
0.191676
0.191832
0.191989
0.192146
0.192303
0.192461
0.192619
0.192778
0.192937
0.193097
0.193257
0.193417
0.193578
0.19374
0.193902
0.194064
0.194227
0.19439
0.194553
0.194717
0.194882
0.195047
0.195212
0.195378
0.195545
0.195711
0.195879
0.196046
0.196215
0.196383
0.196552
0.196722
0.196892
0.197063
0.197234
0.197405
0.197577
0.197749
0.197922
0.198096
0.19827
0.198444
0.198619
0.198794
0.19897
0.199146
0.199323
0.199501
0.199678
0.199857
0.200036
0.200215
0.200395
0.200575
0.200756
0.200937
0.201119
0.201301
0.201484
0.201668
0.201851
0.202036
0.202221
0.202406
0.202592
0.202779
0.202966
0.203153
0.203341
0.20353
0.203719
0.203909
0.204099
0.20429
0.204481
0.204673
0.204865
0.205058
0.205252
0.205446
0.20564
0.205835
0.206031
0.206227
0.206424
0.206622
0.206819
0.207018
0.207217
0.207417
0.207617
0.207818
0.208019
0.208221
0.208424
0.208627
0.20883
0.209035
0.209239
0.209445
0.209651
0.209858
0.210065
0.210273
0.210481
0.21069
0.2109
0.21111
0.211321
0.211532
0.211745
0.211957
0.212171
0.212384
0.212599
0.212814
0.21303
0.213247
0.213464
0.213681
0.2139
0.214119
0.214338
0.214559
0.21478
0.215001
0.215223
0.215446
0.21567
0.215894
0.216119
0.216344
0.216571
0.216797
0.217025
0.217253
0.217482
0.217712
0.217942
0.218173
0.218404
0.218637
0.21887
0.219103
0.219338
0.219573
0.219808
0.220045
0.220282
0.22052
0.220759
0.220998
0.221238
0.221479
0.22172
0.221963
0.222205
0.222449
0.222694
0.222939
0.223185
0.223431
0.223679
0.223927
0.224176
0.224425
0.224676
0.224927
0.225179
0.225432
0.225685
0.225939
0.226194
0.22645
0.226707
0.226964
0.227222
0.227481
0.227741
0.228001
0.228263
0.228525
0.228788
0.229052
0.229316
0.229582
0.229848
0.230115
0.230383
0.230652
0.230921
0.231192
0.231463
0.231735
0.232008
0.232282
0.232556
0.232832
0.233108
0.233385
0.233663
0.233942
0.234222
0.234503
0.234785
0.235067
0.23535
0.235635
0.23592
0.236206
0.236493
0.236781
0.23707
0.23736
0.23765
0.237942
0.238234
0.238528
0.238822
0.239118
0.239414
0.239711
0.240009
0.240308
0.240609
0.24091
0.241212
0.241515
0.241819
0.242124
0.24243
0.242737
0.243045
0.243354
0.243664
0.243975
0.244287
0.2446
0.244914
0.245229
0.245545
0.245862
0.24618
0.2465
0.24682
0.247141
0.247464
0.247787
0.248112
0.248437
0.248764
0.249092
0.249421
0.249751
0.250082
0.250414
0.250747
0.251082
0.251417
0.251754
0.252091
0.25243
0.25277
0.253112
0.253454
0.253797
0.254142
0.254488
0.254835
0.255183
0.255532
0.255883
0.256235
0.256588
0.256942
0.257297
0.257654
0.258012
0.258371
0.258731
0.259092
0.259455
0.259819
0.260184
0.260551
0.260919
0.261288
0.261658
0.26203
0.262402
0.262777
0.263152
0.263529
0.263907
0.264287
0.264667
0.26505
0.265433
0.265818
0.266204
0.266592
0.266981
0.267371
0.267763
0.268156
0.26855
0.268946
0.269343
0.269742
0.270142
0.270544
0.270947
0.271351
0.271757
0.272164
0.272573
0.272984
0.273395
0.273809
0.274223
0.27464
0.275058
0.275477
0.275898
0.27632
0.276744
0.277169
0.277597
0.278025
0.278455
0.278887
0.27932
0.279755
0.280192
0.28063
0.28107
0.281511
0.281955
0.282399
0.282846
0.283294
0.283743
0.284195
0.284648
0.285103
0.285559
0.286018
0.286478
0.286939
0.287403
0.287868
0.288335
0.288804
0.289274
0.289747
0.290221
0.290697
0.291175
0.291654
0.292136
0.292619
0.293104
0.293591
0.29408
0.294571
0.295064
0.295559
0.296055
0.296554
0.297054
0.297557
0.298061
0.298568
0.299076
0.299587
0.300099
0.300613
0.30113
0.301648
0.302169
0.302692
0.303216
0.303743
0.304272
0.304803
0.305336
0.305872
0.306409
0.306949
0.307491
0.308035
0.308581
0.309129
0.30968
0.310233
0.310788
0.311345
0.311905
0.312467
0.313031
0.313598
0.314167
0.314738
0.315312
0.315888
0.316466
0.317047
0.317631
0.318216
0.318804
0.319395
0.319988
0.320584
0.321182
0.321782
0.322385
0.322991
0.323599
0.32421
0.324824
0.32544
0.326058
0.32668
0.327304
0.32793
0.32856
0.329192
0.329827
0.330464
0.331104
0.331747
0.332393
0.333042
0.333694
0.334348
0.335005
0.335665
0.336328
0.336994
0.337663
0.338335
0.33901
0.339688
0.340368
0.341052
0.341739
0.342429
0.343122
0.343818
0.344518
0.34522
0.345926
0.346635
0.347347
0.348062
0.348781
0.349502
0.350228
0.350956
0.351688
0.352423
0.353161
0.353903
0.354649
0.355398
0.35615
0.356906
0.357665
0.358428
0.359194
0.359964
0.360738
0.361515
0.362296
0.363081
0.363869
0.364662
0.365458
0.366257
0.367061
0.367868
0.368679
0.369495
0.370314
0.371137
0.371964
0.372795
0.37363
0.374469
0.375312
0.37616
0.377011
0.377867
0.378727
0.379591
0.380459
0.381332
0.382209
0.383091
0.383976
0.384867
0.385761
0.386661
0.387564
0.388473
0.389386
0.390303
0.391225
0.392152
0.393084
0.39402
0.394961
0.395907
0.396858
0.397814
0.398775
0.399741
0.400711
0.401687
0.402668
0.403654
0.404645
0.405642
0.406643
0.40765
0.408662
0.40968
0.410703
0.411732
0.412766
0.413805
0.41485
0.415901
0.416958
0.41802
0.419088
0.420161
0.421241
0.422326
0.423418
0.424515
0.425619
0.426728
0.427844
0.428966
0.430094
0.431228
0.432369
0.433516
0.43467
0.43583
0.436996
0.438169
0.439349
0.440536
0.441729
0.442929
0.444136
0.44535
0.446571
0.447799
0.449034
0.450276
0.451526
0.452783
0.454047
0.455318
0.456597
0.457884
0.459178
0.46048
0.46179
0.463107
0.464432
0.465766
0.467107
0.468456
0.469814
0.471179
0.472553
0.473936
0.475327
0.476726
0.478134
0.47955
0.480976
0.48241
0.483853
0.483054
0.482243
0.481418
0.480581
0.479732
0.478872
0.478001
0.477119
0.476227
0.475325
0.474413
0.473492
0.472562
0.471624
0.470677
0.469722
0.46876
0.46779
0.466814
0.465831
0.464841
0.463845
0.462843
0.461836
0.460823
0.459806
0.458783
0.457756
0.456724
0.455689
0.454649
0.453606
0.452559
0.45151
0.450457
0.449401
0.448343
0.447282
0.446219
0.445154
0.444087
0.443019
0.441948
0.440877
0.439804
0.438731
0.437656
0.436581
0.435505
0.434428
0.433352
0.432275
0.431198
0.430121
0.429045
0.427968
0.426893
0.425817
0.424743
0.423669
0.422596
0.421525
0.420454
0.419385
0.418316
0.41725
0.416184
0.415121
0.414059
0.412999
0.41194
0.410884
0.409829
0.408776
0.407726
0.406678
0.405632
0.404588
0.403547
0.402508
0.401472
0.400438
0.399407
0.398379
0.397353
0.39633
0.39531
0.394293
0.393278
0.392267
0.391258
0.390253
0.389251
0.388251
0.387255
0.386262
0.385273
0.384286
0.383303
0.382323
0.381346
0.380373
0.379403
0.378437
0.377474
0.376514
0.375558
0.374605
0.373656
0.37271
0.371768
0.37083
0.369895
0.368963
0.368035
0.367111
0.366191
0.365274
0.36436
0.36345
0.362544
0.361642
0.360743
0.359848
0.358956
0.358069
0.357185
0.356304
0.355427
0.354554
0.353685
0.352819
0.351957
0.351099
0.350244
0.349393
0.348546
0.347703
0.346863
0.346027
0.345194
0.344365
0.34354
0.342718
0.341901
0.341086
0.340276
0.339469
0.338665
0.337866
0.337069
0.336277
0.335488
0.334703
0.333921
0.333143
0.332368
0.331597
0.330829
0.330065
0.329305
0.328548
0.327795
0.327045
0.326298
0.325555
0.324815
0.324079
0.323347
0.322617
0.321891
0.321169
0.32045
0.319734
0.319022
0.318313
0.317607
0.316905
0.316206
0.31551
0.314817
0.314128
0.313442
0.312759
0.31208
0.311404
0.31073
0.310061
0.309394
0.30873
0.30807
0.307413
0.306758
0.306107
0.305459
0.304814
0.304172
0.303534
0.302898
0.302265
0.301635
0.301008
0.300384
0.299764
0.299146
0.298531
0.297919
0.297309
0.296703
0.2961
0.295499
0.294901
0.294306
0.293714
0.293125
0.292538
0.291955
0.291374
0.290795
0.29022
0.289647
0.289077
0.288509
0.287945
0.287382
0.286823
0.286266
0.285712
0.28516
0.284611
0.284065
0.283521
0.282979
0.28244
0.281904
0.28137
0.280839
0.28031
0.279783
0.27926
0.278738
0.278219
0.277702
0.277188
0.276676
0.276166
0.275659
0.275154
0.274652
0.274151
0.273653
0.273158
0.272664
0.272173
0.271684
0.271198
0.270713
0.270231
0.269751
0.269273
0.268798
0.268324
0.267853
0.267384
0.266917
0.266452
0.265989
0.265528
0.26507
0.264613
0.264159
0.263706
0.263256
0.262807
0.262361
0.261916
0.261474
0.261034
0.260595
0.260158
0.259724
0.259291
0.25886
0.258432
0.258005
0.25758
0.257156
0.256735
0.256316
0.255898
0.255482
0.255068
0.254656
0.254246
0.253837
0.25343
0.253025
0.252622
0.252221
0.251821
0.251423
0.251027
0.250632
0.250239
0.249848
0.249459
0.249071
0.248685
0.2483
0.247917
0.247536
0.247157
0.246779
0.246402
0.246027
0.245654
0.245283
0.244913
0.244544
0.244177
0.243812
0.243448
0.243086
0.242725
0.242366
0.242008
0.241652
0.241297
0.240944
0.240592
0.240242
0.239893
0.239546
0.2392
0.238855
0.238512
0.23817
0.23783
0.237491
0.237154
0.236818
0.236483
0.23615
0.235818
0.235487
0.235158
0.23483
0.234503
0.234178
0.233854
0.233531
0.23321
0.23289
0.232571
0.232253
0.231937
0.231622
0.231309
0.230996
0.230685
0.230375
0.230066
0.229759
0.229453
0.229148
0.228844
0.228541
0.22824
0.22794
0.227641
0.227343
0.227046
0.226751
0.226456
0.226163
0.225871
0.22558
0.22529
0.225002
0.224714
0.224428
0.224143
0.223858
0.223575
0.223293
0.223012
0.222733
0.222454
0.222176
0.2219
0.221624
0.22135
0.221076
0.220804
0.220533
0.220262
0.219993
0.219725
0.219458
0.219192
0.218926
0.218662
0.218399
0.218137
0.217876
0.217616
0.217356
0.217098
0.216841
0.216585
0.216329
0.216075
0.215822
0.215569
0.215318
0.215067
0.214817
0.214569
0.214321
0.214074
0.213828
0.213583
0.213339
0.213095
0.212853
0.212612
0.212371
0.212131
0.211893
0.211655
0.211418
0.211181
0.210946
0.210712
0.210478
0.210245
0.210013
0.209782
0.209552
0.209323
0.209094
0.208866
0.20864
0.208413
0.208188
0.207964
0.20774
0.207517
0.207295
0.207074
0.206854
0.206634
0.206415
0.206197
0.20598
0.205763
0.205548
0.205333
0.205118
0.204905
0.204692
0.20448
0.204269
0.204059
0.203849
0.20364
0.203432
0.203225
0.203018
0.202812
0.202607
0.202402
0.202198
0.201995
0.201793
0.201591
0.20139
0.20119
0.20099
0.200791
0.200593
0.200396
0.200199
0.200003
0.199807
0.199613
0.199419
0.199225
0.199032
0.19884
0.198649
0.198458
0.198268
0.198079
0.19789
0.197702
0.197515
0.197328
0.197142
0.196956
0.196771
0.196587
0.196403
0.19622
0.196038
0.195856
0.195675
0.195495
0.195315
0.195136
0.194957
0.194779
0.194602
0.194425
0.194249
0.194073
0.193898
0.193724
0.19355
0.193377
0.193204
0.193032
0.19286
0.19269
0.192519
0.19235
0.19218
0.192012
0.191844
0.191676
0.191509
0.191343
0.191177
0.191012
0.190848
0.190683
0.19052
0.190357
0.190195
0.190033
0.189871
0.18971
0.18955
0.189391
0.189231
0.189073
0.188915
0.188757
0.1886
0.188443
0.188287
0.188132
0.187977
0.187822
0.187668
0.187515
0.187362
0.18721
0.187058
0.186906
0.186756
0.186605
0.186455
0.186306
0.186157
0.186009
0.185861
0.185713
0.185566
0.18542
0.185274
0.185129
0.184984
0.184839
0.184695
0.184551
0.184408
0.184266
0.184124
0.183982
0.183841
0.1837
0.18356
0.18342
0.183281
0.183142
0.183004
0.182866
0.182728
0.182591
0.182455
0.182318
0.182183
0.182047
0.181913
0.181778
0.181644
0.181511
0.181378
0.181245
0.181113
0.180982
0.18085
0.180719
0.180589
0.180459
0.18033
0.1802
0.180072
0.179943
0.179816
0.179688
0.179561
0.179435
0.179308
0.179183
0.179057
0.178932
0.178808
0.178684
0.17856
0.178437
0.178314
0.178191
0.178069
0.177948
0.177826
0.177706
0.177585
0.177465
0.177345
0.177226
0.177107
0.176989
0.17687
0.176753
0.176635
0.176518
0.176402
0.176286
0.17617
0.176055
0.17594
0.175825
0.175711
0.175597
0.175483
0.17537
0.175257
0.175145
0.175033
0.174921
0.17481
0.174699
0.174588
0.174478
0.174368
0.174259
0.17415
0.174041
0.173933
0.173825
0.173717
0.17361
0.173503
0.173396
0.17329
0.173184
0.173079
0.172973
0.172869
0.172764
0.17266
0.172556
0.172453
0.17235
0.172247
0.172145
0.172042
0.171941
0.171839
0.171738
0.171638
0.171537
0.171437
0.171338
0.171238
0.171139
0.17104
0.170942
0.170844
0.170746
0.170649
0.170552
0.170455
0.170359
0.170263
0.170167
0.170071
0.169976
0.169881
0.169787
0.169693
0.169599
0.169505
0.169412
0.169319
0.169227
0.169134
0.169043
0.168951
0.16886
0.168769
0.168678
0.168587
0.168497
0.168408
0.168318
0.168229
0.16814
0.168051
0.167963
0.167875
0.167788
0.1677
0.167613
0.167526
0.16744
0.167354
0.167268
0.167182
0.167097
0.167012
0.166927
0.166843
0.166759
0.166675
0.166592
0.166508
0.166425
0.166343
0.16626
0.166178
0.166096
0.166015
0.165934
0.165853
0.165772
0.165692
0.165612
0.165532
0.165452
0.165373
0.165294
0.165215
0.165137
0.165059
0.164981
0.164903
0.164826
0.164749
0.164672
0.164596
0.16452
0.164444
0.164368
0.164292
0.164217
0.164142
0.164068
0.163994
0.163919
0.163846
0.163772
0.163699
0.163626
0.163553
0.163481
0.163408
0.163336
0.163265
0.163193
0.163122
0.163051
0.162981
0.16291
0.16284
0.16277
0.1627
0.162631
0.162562
0.162493
0.162425
0.162356
0.162288
0.16222
0.162153
0.162085
0.162018
0.161951
0.161885
0.161818
0.161752
0.161687
0.161621
0.161556
0.16149
0.161426
0.161361
0.161297
0.161233
0.161169
0.161105
0.161042
0.160978
0.160916
0.160853
0.16079
0.160728
0.160666
0.160605
0.160543
0.160482
0.160421
0.16036
0.1603
0.160239
0.160179
0.16012
0.16006
0.160001
0.159941
0.159883
0.159824
0.159766
0.159707
0.159649
0.159592
0.159534
0.159477
0.15942
0.159363
0.159307
0.15925
0.159194
0.159138
0.159083
0.159027
0.158972
0.158917
0.158862
0.158808
0.158753
0.158699
0.158645
0.158592
0.158538
0.158485
0.158432
0.15838
0.158327
0.158275
0.158223
0.158171
0.158119
0.158068
0.158017
0.157966
0.157915
0.157864
0.157814
0.157764
0.157714
0.157664
0.157615
0.157565
0.157516
0.157468
0.157419
0.157371
0.157322
0.157274
0.157227
0.157179
0.157132
0.157085
0.157038
0.156991
0.156944
0.156898
0.156852
0.156806
0.156761
0.156715
0.15667
0.156625
0.15658
0.156535
0.156491
0.156447
0.156403
0.156359
0.156315
0.156272
0.156229
0.156186
0.156143
0.1561
0.156058
0.156016
0.155974
0.155932
0.155891
0.155849
0.155808
0.155767
0.155726
0.155686
0.155645
0.155605
0.155565
0.155526
0.155486
0.155447
0.155407
0.155368
0.15533
0.155291
0.155253
0.155215
0.155177
0.155139
0.155101
0.155064
0.155027
0.15499
0.154953
0.154916
0.15488
0.154844
0.154808
0.154772
0.154736
0.154701
0.154665
0.15463
0.154595
0.154561
0.154526
0.154492
0.154458
0.154424
0.15439
0.154357
0.154323
0.15429
0.154257
0.154224
0.154192
0.154159
0.154127
0.154095
0.154063
0.154032
0.154
0.153969
0.153938
0.153907
0.153876
0.153845
0.153815
0.153785
0.153755
0.153725
0.153696
0.153666
0.153637
0.153608
0.153579
0.15355
0.153522
0.153493
0.153465
0.153437
0.15341
0.153382
0.153355
0.153327
0.1533
0.153273
0.153247
0.15322
0.153194
0.153168
0.153142
0.153116
0.15309
0.153065
0.15304
0.153015
0.15299
0.152965
0.15294
0.152916
0.152892
0.152868
0.152844
0.15282
0.152797
0.152774
0.152751
0.152728
0.152705
0.152682
0.15266
0.152638
0.152616
0.152594
0.152572
0.152551
0.152529
0.152508
0.152487
0.152466
0.152446
0.152425
0.152405
0.152385
0.152365
0.152345
0.152325
0.152306
0.152287
0.152268
0.152249
0.15223
0.152212
0.152193
0.152175
0.152157
0.152139
0.152121
0.152104
0.152086
0.152069
0.152052
0.152035
0.152019
0.152002
0.151986
0.15197
0.151954
0.151938
0.151922
0.151907
0.151891
0.151876
0.151861
0.151847
0.151832
0.151818
0.151803
0.151789
0.151775
0.151761
0.151748
0.151734
0.151721
0.151708
0.151695
0.151682
0.15167
0.151657
0.151645
0.151633
0.151621
0.151609
0.151597
0.151586
0.151575
0.151564
0.151553
0.151542
0.151531
0.151521
0.151511
0.151501
0.151491
0.151481
0.151471
0.151462
0.151453
0.151444
0.151435
0.151426
0.151417
0.151409
0.1514
0.151392
0.151384
0.151377
0.151369
0.151362
0.151354
0.151347
0.15134
0.151333
0.151327
0.15132
0.151314
0.151308
0.151302
0.151296
0.15129
0.151285
0.15128
0.151274
0.151269
0.151265
0.15126
0.151255
0.151251
0.151247
0.151243
0.151239
0.151235
0.151232
0.151228
0.151225
0.151222
0.151219
0.151217
0.151214
0.151212
0.151209
0.151207
0.151206
0.151204
0.151202
0.151201
0.1512
0.151198
0.151198
0.151197
0.151196
0.151196
0.151195
0.151195
0.151195
0.151196
0.151196
0.151196
0.151197
0.151198
0.151199
0.1512
0.151201
0.151203
0.151205
0.151206
0.151208
0.151211
0.151213
0.151215
0.151218
0.151221
0.151224
0.151227
0.15123
0.151233
0.151237
0.151241
0.151245
0.151249
0.151253
0.151257
0.151262
0.151267
0.151271
0.151276
0.151282
0.151287
0.151293
0.151298
0.151304
0.15131
0.151316
0.151322
0.151329
0.151336
0.151342
0.151349
0.151356
0.151364
0.151371
0.151379
0.151387
0.151394
0.151402
0.151411
0.151419
0.151428
0.151436
0.151445
0.151454
0.151464
0.151473
0.151482
0.151492
0.151502
0.151512
0.151522
0.151532
0.151543
0.151554
0.151564
0.151575
0.151586
0.151598
0.151609
0.151621
0.151633
0.151644
0.151657
0.151669
0.151681
0.151694
0.151706
0.151719
0.151732
0.151746
0.151759
0.151773
0.151786
0.1518
0.151814
0.151828
0.151843
0.151857
0.151872
0.151887
0.151902
0.151917
0.151932
0.151947
0.151963
0.151979
0.151995
0.152011
0.152027
0.152044
0.15206
0.152077
0.152094
0.152111
0.152128
0.152146
0.152163
0.152181
0.152199
0.152217
0.152235
0.152253
0.152272
0.152291
0.15231
0.152329
0.152348
0.152367
0.152387
0.152406
0.152426
0.152446
0.152466
0.152487
0.152507
0.152528
0.152548
0.152569
0.152591
0.152612
0.152633
0.152655
0.152677
0.152699
0.152721
0.152743
0.152766
0.152788
0.152811
0.152834
0.152857
0.15288
0.152904
0.152927
0.152951
0.152975
0.152999
0.153023
0.153048
0.153072
0.153097
0.153122
0.153147
0.153172
0.153198
0.153223
0.153249
0.153275
0.153301
0.153327
0.153354
0.15338
0.153407
0.153434
0.153461
0.153488
0.153515
0.153543
0.153571
0.153599
0.153627
0.153655
0.153683
0.153712
0.153741
0.153769
0.153798
0.153828
0.153857
0.153887
0.153916
0.153946
0.153976
0.154007
0.154037
0.154068
0.154098
0.154129
0.15416
0.154192
0.154223
0.154255
0.154286
0.154318
0.15435
0.154383
0.154415
0.154448
0.154481
0.154513
0.154547
0.15458
0.154613
0.154647
0.154681
0.154715
0.154749
0.154783
0.154818
0.154852
0.154887
0.154922
0.154957
0.154993
0.155028
0.155064
0.1551
0.155136
0.155172
0.155208
0.155245
0.155282
0.155319
0.155356
0.155393
0.15543
0.155468
0.155506
0.155544
0.155582
0.15562
0.155659
0.155697
0.155736
0.155775
0.155814
0.155854
0.155893
0.155933
0.155973
0.156013
0.156053
0.156094
0.156134
0.156175
0.156216
0.156257
0.156298
0.15634
0.156382
0.156423
0.156465
0.156508
0.15655
0.156593
0.156635
0.156678
0.156721
0.156765
0.156808
0.156852
0.156896
0.15694
0.156984
0.157028
0.157073
0.157117
0.157162
0.157207
0.157253
0.157298
0.157344
0.15739
0.157436
0.157482
0.157528
0.157575
0.157622
0.157668
0.157716
0.157763
0.15781
0.157858
0.157906
0.157954
0.158002
0.158051
0.158099
0.158148
0.158197
0.158246
0.158295
0.158345
0.158395
0.158445
0.158495
0.158545
0.158596
0.158646
0.158697
0.158748
0.158799
0.158851
0.158902
0.158954
0.159006
0.159058
0.159111
0.159163
0.159216
0.159269
0.159322
0.159376
0.159429
0.159483
0.159537
0.159591
0.159645
0.1597
0.159754
0.159809
0.159864
0.15992
0.159975
0.160031
0.160087
0.160143
0.160199
0.160256
0.160312
0.160369
0.160426
0.160483
0.160541
0.160599
0.160656
0.160715
0.160773
0.160831
0.16089
0.160949
0.161008
0.161067
0.161127
0.161186
0.161246
0.161306
0.161366
0.161427
0.161488
0.161548
0.16161
0.161671
0.161732
0.161794
0.161856
0.161918
0.16198
0.162043
0.162106
0.162169
0.162232
0.162295
0.162359
0.162422
0.162486
0.162551
0.162615
0.16268
0.162744
0.162809
0.162875
0.16294
0.163006
0.163072
0.163138
0.163204
0.163271
0.163337
0.163404
0.163471
0.163539
0.163606
0.163674
0.163742
0.16381
0.163879
0.163948
0.164016
0.164086
0.164155
0.164224
0.164294
0.164364
0.164434
0.164505
0.164575
0.164646
0.164717
0.164789
0.16486
0.164932
0.165004
0.165076
0.165148
0.165221
0.165294
0.165367
0.16544
0.165514
0.165588
0.165662
0.165736
0.16581
0.165885
0.16596
0.166035
0.16611
0.166186
0.166262
0.166338
0.166414
0.16649
0.166567
0.166644
0.166721
0.166799
0.166876
0.166954
0.167032
0.167111
0.167189
0.167268
0.167347
0.167427
0.167506
0.167586
0.167666
0.167746
0.167827
0.167907
0.167988
0.16807
0.168151
0.168233
0.168315
0.168397
0.168479
0.168562
0.168645
0.168728
0.168811
0.168895
0.168979
0.169063
0.169147
0.169232
0.169317
0.169402
0.169487
0.169573
0.169659
0.169745
0.169831
0.169918
0.170005
0.170092
0.170179
0.170267
0.170355
0.170443
0.170531
0.17062
0.170709
0.170798
0.170888
0.170977
0.171067
0.171157
0.171248
0.171338
0.171429
0.171521
0.171612
0.171704
0.171796
0.171888
0.171981
0.172074
0.172167
0.17226
0.172354
0.172447
0.172542
0.172636
0.172731
0.172826
0.172921
0.173016
0.173112
0.173208
0.173304
0.173401
0.173498
0.173595
0.173692
0.17379
0.173888
0.173986
0.174085
0.174183
0.174282
0.174382
0.174481
0.174581
0.174681
0.174782
0.174883
0.174984
0.175085
0.175187
0.175288
0.175391
0.175493
0.175596
0.175699
0.175802
0.175906
0.17601
0.176114
0.176218
0.176323
0.176428
0.176533
0.176639
0.176745
0.176851
0.176958
0.177064
0.177172
0.177279
0.177387
0.177495
0.177603
0.177712
0.177821
0.17793
0.178039
0.178149
0.178259
0.17837
0.17848
0.178592
0.178703
0.178815
0.178927
0.179039
0.179151
0.179264
0.179378
0.179491
0.179605
0.179719
0.179834
0.179948
0.180063
0.180179
0.180295
0.180411
0.180527
0.180644
0.180761
0.180878
0.180996
0.181114
0.181232
0.181351
0.18147
0.181589
0.181709
0.181829
0.181949
0.18207
0.182191
0.182312
0.182434
0.182556
0.182678
0.1828
0.182923
0.183047
0.18317
0.183294
0.183419
0.183543
0.183668
0.183794
0.18392
0.184046
0.184172
0.184299
0.184426
0.184553
0.184681
0.184809
0.184938
0.185067
0.185196
0.185325
0.185455
0.185586
0.185716
0.185847
0.185979
0.18611
0.186242
0.186375
0.186508
0.186641
0.186774
0.186908
0.187042
0.187177
0.187312
0.187448
0.187583
0.187719
0.187856
0.187993
0.18813
0.188268
0.188406
0.188544
0.188683
0.188822
0.188962
0.189102
0.189242
0.189383
0.189524
0.189665
0.189807
0.189949
0.190092
0.190235
0.190378
0.190522
0.190666
0.190811
0.190956
0.191102
0.191247
0.191394
0.19154
0.191687
0.191835
0.191983
0.192131
0.192279
0.192429
0.192578
0.192728
0.192878
0.193029
0.19318
0.193332
0.193484
0.193636
0.193789
0.193942
0.194096
0.19425
0.194405
0.19456
0.194715
0.194871
0.195027
0.195184
0.195341
0.195499
0.195657
0.195815
0.195974
0.196133
0.196293
0.196453
0.196614
0.196775
0.196937
0.197099
0.197261
0.197424
0.197587
0.197751
0.197915
0.19808
0.198245
0.198411
0.198577
0.198744
0.198911
0.199078
0.199246
0.199415
0.199584
0.199753
0.199923
0.200093
0.200264
0.200436
0.200607
0.20078
0.200952
0.201126
0.201299
0.201474
0.201648
0.201824
0.201999
0.202176
0.202352
0.202529
0.202707
0.202885
0.203064
0.203243
0.203423
0.203603
0.203784
0.203965
0.204147
0.204329
0.204512
0.204695
0.204879
0.205064
0.205249
0.205434
0.20562
0.205806
0.205993
0.206181
0.206369
0.206558
0.206747
0.206936
0.207127
0.207317
0.207509
0.207701
0.207893
0.208086
0.20828
0.208474
0.208668
0.208863
0.209059
0.209256
0.209452
0.20965
0.209848
0.210046
0.210246
0.210445
0.210646
0.210847
0.211048
0.21125
0.211453
0.211656
0.21186
0.212064
0.212269
0.212475
0.212681
0.212888
0.213095
0.213303
0.213512
0.213721
0.213931
0.214141
0.214352
0.214564
0.214776
0.214989
0.215203
0.215417
0.215632
0.215847
0.216063
0.21628
0.216497
0.216715
0.216934
0.217153
0.217373
0.217594
0.217815
0.218037
0.218259
0.218482
0.218706
0.218931
0.219156
0.219382
0.219608
0.219836
0.220063
0.220292
0.220521
0.220751
0.220982
0.221213
0.221445
0.221678
0.221911
0.222145
0.22238
0.222615
0.222851
0.223088
0.223326
0.223564
0.223803
0.224043
0.224284
0.224525
0.224767
0.225009
0.225253
0.225497
0.225742
0.225987
0.226234
0.226481
0.226729
0.226977
0.227227
0.227477
0.227728
0.22798
0.228232
0.228485
0.228739
0.228994
0.22925
0.229506
0.229763
0.230021
0.23028
0.230539
0.2308
0.231061
0.231323
0.231586
0.231849
0.232114
0.232379
0.232645
0.232912
0.233179
0.233448
0.233717
0.233988
0.234259
0.23453
0.234803
0.235077
0.235351
0.235627
0.235903
0.23618
0.236458
0.236737
0.237016
0.237297
0.237578
0.237861
0.238144
0.238428
0.238713
0.238999
0.239286
0.239574
0.239863
0.240152
0.240443
0.240734
0.241027
0.24132
0.241614
0.24191
0.242206
0.242503
0.242801
0.2431
0.2434
0.243701
0.244003
0.244306
0.24461
0.244915
0.245221
0.245528
0.245836
0.246145
0.246455
0.246766
0.247077
0.24739
0.247704
0.24802
0.248336
0.248653
0.248971
0.24929
0.24961
0.249932
0.250254
0.250577
0.250902
0.251228
0.251554
0.251882
0.252211
0.252541
0.252872
0.253204
0.253537
0.253872
0.254207
0.254544
0.254882
0.25522
0.25556
0.255902
0.256244
0.256588
0.256932
0.257278
0.257625
0.257973
0.258323
0.258673
0.259025
0.259378
0.259732
0.260087
0.260444
0.260802
0.261161
0.261521
0.261883
0.262246
0.26261
0.262975
0.263341
0.263709
0.264078
0.264449
0.26482
0.265193
0.265568
0.265943
0.26632
0.266698
0.267078
0.267459
0.267841
0.268225
0.268609
0.268996
0.269383
0.269772
0.270163
0.270554
0.270948
0.271342
0.271738
0.272136
0.272534
0.272935
0.273336
0.273739
0.274144
0.27455
0.274957
0.275366
0.275777
0.276189
0.276602
0.277017
0.277433
0.277851
0.278271
0.278692
0.279114
0.279538
0.279964
0.280391
0.28082
0.28125
0.281682
0.282115
0.28255
0.282987
0.283425
0.283865
0.284307
0.28475
0.285195
0.285642
0.28609
0.28654
0.286991
0.287444
0.287899
0.288356
0.288814
0.289275
0.289736
0.2902
0.290665
0.291133
0.291602
0.292072
0.292545
0.293019
0.293495
0.293973
0.294453
0.294935
0.295418
0.295903
0.296391
0.29688
0.297371
0.297864
0.298358
0.298855
0.299354
0.299855
0.300357
0.300862
0.301368
0.301877
0.302387
0.3029
0.303415
0.303931
0.30445
0.304971
0.305493
0.306018
0.306545
0.307074
0.307605
0.308139
0.308674
0.309212
0.309752
0.310294
0.310838
0.311384
0.311933
0.312483
0.313036
0.313592
0.314149
0.314709
0.315271
0.315836
0.316402
0.316972
0.317543
0.318117
0.318693
0.319272
0.319852
0.320436
0.321022
0.32161
0.322201
0.322794
0.32339
0.323988
0.324588
0.325192
0.325797
0.326406
0.327017
0.32763
0.328246
0.328865
0.329487
0.330111
0.330737
0.331367
0.331999
0.332634
0.333271
0.333912
0.334555
0.335201
0.33585
0.336501
0.337155
0.337813
0.338473
0.339136
0.339802
0.340471
0.341143
0.341818
0.342495
0.343176
0.34386
0.344547
0.345237
0.34593
0.346626
0.347325
0.348028
0.348734
0.349442
0.350154
0.35087
0.351588
0.35231
0.353035
0.353763
0.354495
0.35523
0.355968
0.35671
0.357456
0.358204
0.358957
0.359712
0.360471
0.361234
0.362
0.36277
0.363544
0.364321
0.365102
0.365886
0.366674
0.367466
0.368262
0.369062
0.369865
0.370672
0.371483
0.372298
0.373117
0.37394
0.374766
0.375597
0.376432
0.377271
0.378114
0.378961
0.379812
0.380667
0.381527
0.38239
0.383258
0.384131
0.385007
0.385888
0.386774
0.387664
0.388558
0.389457
0.39036
0.391268
0.39218
0.393097
0.394019
0.394945
0.395876
0.396812
0.397752
0.398698
0.399648
0.400603
0.401563
0.402528
0.403498
0.404473
0.405454
0.406439
0.407429
0.408425
0.409426
0.410432
0.411443
0.41246
0.413482
0.41451
0.415543
0.416582
0.417626
0.418676
0.419731
0.420792
0.421859
0.422932
0.42401
0.425094
0.426185
0.427281
0.428383
0.429492
0.430606
0.431727
0.432853
0.433986
0.435126
0.436271
0.437424
0.438582
0.439747
0.440919
0.442097
0.443282
0.444474
0.445673
0.446878
0.44809
0.449309
0.450536
0.451769
0.453009
0.454257
0.455512
0.456774
0.458044
0.459321
0.460605
0.461898
0.463197
0.464505
0.46582
0.467143
0.468474
0.469813
0.47116
0.472515
0.473878
0.47525
0.47663
0.478018
0.479415
0.48082
0.482234
0.483657
0.482885
0.482099
0.481301
0.480491
0.479668
0.478834
0.477988
0.477132
0.476265
0.475388
0.474502
0.473606
0.472701
0.471787
0.470865
0.469934
0.468996
0.46805
0.467098
0.466138
0.465172
0.464199
0.463221
0.462236
0.461246
0.460251
0.459251
0.458246
0.457237
0.456223
0.455206
0.454184
0.453159
0.45213
0.451098
0.450064
0.449026
0.447986
0.446943
0.445899
0.444852
0.443803
0.442753
0.441701
0.440648
0.439593
0.438538
0.437481
0.436424
0.435366
0.434308
0.433249
0.432191
0.431132
0.430073
0.429014
0.427956
0.426898
0.425841
0.424784
0.423728
0.422673
0.421619
0.420566
0.419514
0.418463
0.417414
0.416366
0.41532
0.414275
0.413232
0.412191
0.411151
0.410114
0.409078
0.408044
0.407013
0.405984
0.404957
0.403932
0.402909
0.40189
0.400872
0.399857
0.398845
0.397835
0.396828
0.395824
0.394822
0.393824
0.392828
0.391835
0.390845
0.389858
0.388874
0.387893
0.386915
0.38594
0.384969
0.384
0.383035
0.382073
0.381114
0.380159
0.379207
0.378258
0.377313
0.376371
0.375432
0.374497
0.373565
0.372636
0.371711
0.37079
0.369872
0.368957
0.368046
0.367139
0.366235
0.365334
0.364438
0.363544
0.362655
0.361768
0.360886
0.360007
0.359131
0.358259
0.357391
0.356527
0.355666
0.354808
0.353954
0.353104
0.352257
0.351414
0.350575
0.349739
0.348907
0.348078
0.347253
0.346431
0.345614
0.344799
0.343988
0.343181
0.342378
0.341578
0.340781
0.339988
0.339199
0.338413
0.33763
0.336852
0.336076
0.335304
0.334536
0.333771
0.33301
0.332252
0.331497
0.330746
0.329999
0.329255
0.328514
0.327777
0.327043
0.326312
0.325585
0.324861
0.32414
0.323423
0.32271
0.321999
0.321292
0.320588
0.319887
0.31919
0.318496
0.317805
0.317117
0.316433
0.315752
0.315074
0.314399
0.313727
0.313058
0.312393
0.311731
0.311071
0.310415
0.309762
0.309112
0.308466
0.307822
0.307181
0.306543
0.305908
0.305276
0.304648
0.304022
0.303399
0.302779
0.302162
0.301547
0.300936
0.300328
0.299722
0.299119
0.29852
0.297922
0.297328
0.296737
0.296148
0.295562
0.294979
0.294398
0.293821
0.293246
0.292673
0.292104
0.291537
0.290972
0.290411
0.289852
0.289295
0.288741
0.28819
0.287641
0.287095
0.286551
0.28601
0.285472
0.284936
0.284402
0.283871
0.283342
0.282816
0.282292
0.281771
0.281252
0.280735
0.280221
0.279709
0.2792
0.278693
0.278188
0.277686
0.277185
0.276688
0.276192
0.275699
0.275208
0.274719
0.274232
0.273748
0.273266
0.272786
0.272308
0.271832
0.271359
0.270887
0.270418
0.269951
0.269486
0.269023
0.268563
0.268104
0.267647
0.267193
0.26674
0.266289
0.265841
0.265394
0.26495
0.264507
0.264067
0.263628
0.263192
0.262757
0.262324
0.261893
0.261464
0.261037
0.260612
0.260188
0.259767
0.259347
0.25893
0.258514
0.2581
0.257687
0.257277
0.256868
0.256461
0.256056
0.255652
0.255251
0.254851
0.254453
0.254056
0.253661
0.253268
0.252877
0.252487
0.252099
0.251713
0.251328
0.250945
0.250564
0.250184
0.249806
0.249429
0.249054
0.248681
0.248309
0.247939
0.24757
0.247203
0.246838
0.246474
0.246111
0.24575
0.245391
0.245033
0.244677
0.244322
0.243968
0.243616
0.243266
0.242917
0.242569
0.242223
0.241878
0.241535
0.241193
0.240853
0.240514
0.240176
0.23984
0.239505
0.239171
0.238839
0.238508
0.238179
0.23785
0.237524
0.237198
0.236874
0.236551
0.23623
0.235909
0.23559
0.235273
0.234956
0.234641
0.234328
0.234015
0.233704
0.233394
0.233085
0.232777
0.232471
0.232166
0.231862
0.231559
0.231257
0.230957
0.230658
0.23036
0.230063
0.229767
0.229473
0.22918
0.228888
0.228597
0.228307
0.228018
0.22773
0.227444
0.227158
0.226874
0.226591
0.226309
0.226028
0.225748
0.225469
0.225192
0.224915
0.224639
0.224365
0.224091
0.223819
0.223548
0.223277
0.223008
0.22274
0.222473
0.222206
0.221941
0.221677
0.221414
0.221152
0.22089
0.22063
0.220371
0.220113
0.219855
0.219599
0.219344
0.219089
0.218836
0.218583
0.218332
0.218081
0.217832
0.217583
0.217335
0.217088
0.216842
0.216597
0.216353
0.21611
0.215868
0.215626
0.215386
0.215146
0.214907
0.21467
0.214433
0.214196
0.213961
0.213727
0.213493
0.213261
0.213029
0.212798
0.212568
0.212338
0.21211
0.211882
0.211656
0.21143
0.211205
0.21098
0.210757
0.210534
0.210312
0.210091
0.209871
0.209651
0.209433
0.209215
0.208998
0.208781
0.208566
0.208351
0.208137
0.207923
0.207711
0.207499
0.207288
0.207078
0.206869
0.20666
0.206452
0.206245
0.206038
0.205832
0.205627
0.205423
0.205219
0.205016
0.204814
0.204613
0.204412
0.204212
0.204013
0.203814
0.203616
0.203419
0.203223
0.203027
0.202832
0.202637
0.202443
0.20225
0.202058
0.201866
0.201675
0.201485
0.201295
0.201106
0.200917
0.200729
0.200542
0.200356
0.20017
0.199985
0.1998
0.199616
0.199433
0.199251
0.199069
0.198887
0.198707
0.198526
0.198347
0.198168
0.19799
0.197812
0.197635
0.197459
0.197283
0.197108
0.196933
0.196759
0.196586
0.196413
0.196241
0.196069
0.195898
0.195728
0.195558
0.195388
0.19522
0.195052
0.194884
0.194717
0.194551
0.194385
0.194219
0.194055
0.193891
0.193727
0.193564
0.193401
0.19324
0.193078
0.192917
0.192757
0.192597
0.192438
0.192279
0.192121
0.191964
0.191807
0.19165
0.191494
0.191339
0.191184
0.191029
0.190875
0.190722
0.190569
0.190417
0.190265
0.190114
0.189963
0.189812
0.189663
0.189513
0.189365
0.189216
0.189068
0.188921
0.188774
0.188628
0.188482
0.188337
0.188192
0.188048
0.187904
0.187761
0.187618
0.187475
0.187333
0.187192
0.187051
0.18691
0.18677
0.186631
0.186492
0.186353
0.186215
0.186077
0.18594
0.185803
0.185667
0.185531
0.185395
0.18526
0.185126
0.184992
0.184858
0.184725
0.184592
0.18446
0.184328
0.184197
0.184066
0.183935
0.183805
0.183676
0.183547
0.183418
0.183289
0.183161
0.183034
0.182907
0.18278
0.182654
0.182528
0.182403
0.182278
0.182153
0.182029
0.181906
0.181782
0.18166
0.181537
0.181415
0.181293
0.181172
0.181051
0.180931
0.180811
0.180691
0.180572
0.180453
0.180335
0.180217
0.180099
0.179982
0.179865
0.179749
0.179633
0.179517
0.179402
0.179287
0.179172
0.179058
0.178945
0.178831
0.178718
0.178606
0.178494
0.178382
0.17827
0.178159
0.178049
0.177938
0.177828
0.177719
0.17761
0.177501
0.177392
0.177284
0.177176
0.177069
0.176962
0.176855
0.176749
0.176643
0.176538
0.176432
0.176328
0.176223
0.176119
0.176015
0.175912
0.175809
0.175706
0.175603
0.175501
0.1754
0.175298
0.175197
0.175097
0.174996
0.174897
0.174797
0.174698
0.174599
0.1745
0.174402
0.174304
0.174206
0.174109
0.174012
0.173916
0.173819
0.173723
0.173628
0.173533
0.173438
0.173343
0.173249
0.173155
0.173061
0.172968
0.172875
0.172782
0.17269
0.172598
0.172506
0.172415
0.172324
0.172233
0.172143
0.172052
0.171963
0.171873
0.171784
0.171695
0.171607
0.171518
0.17143
0.171343
0.171255
0.171168
0.171082
0.170995
0.170909
0.170823
0.170738
0.170653
0.170568
0.170483
0.170399
0.170315
0.170231
0.170148
0.170065
0.169982
0.1699
0.169818
0.169736
0.169654
0.169573
0.169492
0.169411
0.169331
0.16925
0.16917
0.169091
0.169012
0.168933
0.168854
0.168775
0.168697
0.168619
0.168542
0.168465
0.168388
0.168311
0.168234
0.168158
0.168082
0.168007
0.167931
0.167856
0.167782
0.167707
0.167633
0.167559
0.167485
0.167412
0.167339
0.167266
0.167193
0.167121
0.167049
0.166977
0.166906
0.166834
0.166763
0.166693
0.166622
0.166552
0.166482
0.166412
0.166343
0.166274
0.166205
0.166137
0.166068
0.166
0.165932
0.165865
0.165797
0.16573
0.165664
0.165597
0.165531
0.165465
0.165399
0.165334
0.165268
0.165203
0.165139
0.165074
0.16501
0.164946
0.164882
0.164819
0.164756
0.164693
0.16463
0.164568
0.164505
0.164443
0.164382
0.16432
0.164259
0.164198
0.164137
0.164077
0.164016
0.163956
0.163897
0.163837
0.163778
0.163719
0.16366
0.163602
0.163543
0.163485
0.163427
0.16337
0.163312
0.163255
0.163198
0.163142
0.163085
0.163029
0.162973
0.162918
0.162862
0.162807
0.162752
0.162697
0.162643
0.162588
0.162534
0.16248
0.162427
0.162374
0.16232
0.162267
0.162215
0.162162
0.16211
0.162058
0.162006
0.161955
0.161904
0.161852
0.161802
0.161751
0.161701
0.16165
0.1616
0.161551
0.161501
0.161452
0.161403
0.161354
0.161305
0.161257
0.161209
0.161161
0.161113
0.161066
0.161018
0.160971
0.160925
0.160878
0.160831
0.160785
0.160739
0.160694
0.160648
0.160603
0.160558
0.160513
0.160468
0.160424
0.160379
0.160335
0.160291
0.160248
0.160204
0.160161
0.160118
0.160076
0.160033
0.159991
0.159949
0.159907
0.159865
0.159823
0.159782
0.159741
0.1597
0.15966
0.159619
0.159579
0.159539
0.159499
0.15946
0.15942
0.159381
0.159342
0.159303
0.159265
0.159226
0.159188
0.15915
0.159112
0.159075
0.159037
0.159
0.158963
0.158927
0.15889
0.158854
0.158818
0.158782
0.158746
0.15871
0.158675
0.15864
0.158605
0.15857
0.158536
0.158502
0.158467
0.158434
0.1584
0.158366
0.158333
0.1583
0.158267
0.158234
0.158202
0.158169
0.158137
0.158105
0.158073
0.158042
0.158011
0.157979
0.157948
0.157918
0.157887
0.157857
0.157827
0.157797
0.157767
0.157737
0.157708
0.157678
0.157649
0.157621
0.157592
0.157564
0.157535
0.157507
0.157479
0.157452
0.157424
0.157397
0.15737
0.157343
0.157316
0.15729
0.157263
0.157237
0.157211
0.157185
0.15716
0.157134
0.157109
0.157084
0.157059
0.157035
0.15701
0.156986
0.156962
0.156938
0.156914
0.156891
0.156867
0.156844
0.156821
0.156798
0.156776
0.156753
0.156731
0.156709
0.156687
0.156666
0.156644
0.156623
0.156602
0.156581
0.15656
0.156539
0.156519
0.156499
0.156479
0.156459
0.156439
0.15642
0.156401
0.156381
0.156363
0.156344
0.156325
0.156307
0.156289
0.156271
0.156253
0.156235
0.156218
0.1562
0.156183
0.156166
0.15615
0.156133
0.156117
0.1561
0.156084
0.156069
0.156053
0.156037
0.156022
0.156007
0.155992
0.155977
0.155963
0.155948
0.155934
0.15592
0.155906
0.155892
0.155879
0.155865
0.155852
0.155839
0.155826
0.155814
0.155801
0.155789
0.155777
0.155765
0.155753
0.155742
0.15573
0.155719
0.155708
0.155697
0.155686
0.155676
0.155665
0.155655
0.155645
0.155635
0.155626
0.155616
0.155607
0.155598
0.155589
0.15558
0.155571
0.155563
0.155555
0.155547
0.155539
0.155531
0.155523
0.155516
0.155509
0.155502
0.155495
0.155488
0.155482
0.155475
0.155469
0.155463
0.155457
0.155452
0.155446
0.155441
0.155436
0.155431
0.155426
0.155421
0.155417
0.155413
0.155408
0.155405
0.155401
0.155397
0.155394
0.15539
0.155387
0.155384
0.155382
0.155379
0.155377
0.155375
0.155373
0.155371
0.155369
0.155367
0.155366
0.155365
0.155364
0.155363
0.155362
0.155362
0.155361
0.155361
0.155361
0.155361
0.155362
0.155362
0.155363
0.155364
0.155365
0.155366
0.155367
0.155369
0.155371
0.155373
0.155375
0.155377
0.155379
0.155382
0.155385
0.155387
0.15539
0.155394
0.155397
0.155401
0.155404
0.155408
0.155412
0.155417
0.155421
0.155426
0.15543
0.155435
0.15544
0.155446
0.155451
0.155457
0.155463
0.155469
0.155475
0.155481
0.155487
0.155494
0.155501
0.155508
0.155515
0.155522
0.15553
0.155537
0.155545
0.155553
0.155561
0.15557
0.155578
0.155587
0.155596
0.155605
0.155614
0.155623
0.155633
0.155642
0.155652
0.155662
0.155672
0.155683
0.155693
0.155704
0.155715
0.155726
0.155737
0.155748
0.15576
0.155772
0.155783
0.155796
0.155808
0.15582
0.155833
0.155845
0.155858
0.155871
0.155885
0.155898
0.155912
0.155925
0.155939
0.155953
0.155968
0.155982
0.155997
0.156011
0.156026
0.156041
0.156057
0.156072
0.156088
0.156104
0.156119
0.156136
0.156152
0.156168
0.156185
0.156202
0.156219
0.156236
0.156253
0.156271
0.156288
0.156306
0.156324
0.156342
0.156361
0.156379
0.156398
0.156417
0.156436
0.156455
0.156474
0.156494
0.156514
0.156534
0.156554
0.156574
0.156594
0.156615
0.156635
0.156656
0.156677
0.156699
0.15672
0.156742
0.156764
0.156785
0.156808
0.15683
0.156852
0.156875
0.156898
0.156921
0.156944
0.156967
0.156991
0.157014
0.157038
0.157062
0.157086
0.157111
0.157135
0.15716
0.157185
0.15721
0.157235
0.157261
0.157286
0.157312
0.157338
0.157364
0.15739
0.157417
0.157443
0.15747
0.157497
0.157524
0.157552
0.157579
0.157607
0.157635
0.157663
0.157691
0.157719
0.157748
0.157777
0.157806
0.157835
0.157864
0.157893
0.157923
0.157953
0.157983
0.158013
0.158043
0.158074
0.158104
0.158135
0.158166
0.158197
0.158229
0.15826
0.158292
0.158324
0.158356
0.158388
0.158421
0.158454
0.158486
0.158519
0.158553
0.158586
0.158619
0.158653
0.158687
0.158721
0.158755
0.15879
0.158824
0.158859
0.158894
0.158929
0.158965
0.159
0.159036
0.159072
0.159108
0.159144
0.15918
0.159217
0.159254
0.159291
0.159328
0.159365
0.159403
0.159441
0.159478
0.159516
0.159555
0.159593
0.159632
0.159671
0.15971
0.159749
0.159788
0.159828
0.159867
0.159907
0.159947
0.159988
0.160028
0.160069
0.16011
0.160151
0.160192
0.160233
0.160275
0.160317
0.160359
0.160401
0.160443
0.160486
0.160528
0.160571
0.160614
0.160658
0.160701
0.160745
0.160789
0.160833
0.160877
0.160921
0.160966
0.161011
0.161056
0.161101
0.161146
0.161192
0.161237
0.161283
0.161329
0.161376
0.161422
0.161469
0.161516
0.161563
0.16161
0.161658
0.161705
0.161753
0.161801
0.16185
0.161898
0.161947
0.161996
0.162045
0.162094
0.162143
0.162193
0.162243
0.162293
0.162343
0.162393
0.162444
0.162495
0.162546
0.162597
0.162648
0.1627
0.162752
0.162804
0.162856
0.162908
0.162961
0.163014
0.163067
0.16312
0.163173
0.163227
0.163281
0.163335
0.163389
0.163443
0.163498
0.163553
0.163608
0.163663
0.163719
0.163774
0.16383
0.163886
0.163942
0.163999
0.164055
0.164112
0.164169
0.164227
0.164284
0.164342
0.1644
0.164458
0.164516
0.164575
0.164633
0.164692
0.164751
0.164811
0.16487
0.16493
0.16499
0.16505
0.165111
0.165171
0.165232
0.165293
0.165354
0.165416
0.165477
0.165539
0.165601
0.165664
0.165726
0.165789
0.165852
0.165915
0.165979
0.166042
0.166106
0.16617
0.166234
0.166299
0.166363
0.166428
0.166493
0.166559
0.166624
0.16669
0.166756
0.166822
0.166889
0.166955
0.167022
0.167089
0.167157
0.167224
0.167292
0.16736
0.167428
0.167497
0.167565
0.167634
0.167704
0.167773
0.167842
0.167912
0.167982
0.168053
0.168123
0.168194
0.168265
0.168336
0.168407
0.168479
0.168551
0.168623
0.168695
0.168768
0.16884
0.168913
0.168987
0.16906
0.169134
0.169208
0.169282
0.169356
0.169431
0.169506
0.169581
0.169656
0.169732
0.169808
0.169884
0.16996
0.170037
0.170113
0.17019
0.170268
0.170345
0.170423
0.170501
0.170579
0.170658
0.170736
0.170815
0.170894
0.170974
0.171054
0.171134
0.171214
0.171294
0.171375
0.171456
0.171537
0.171618
0.1717
0.171782
0.171864
0.171946
0.172029
0.172112
0.172195
0.172278
0.172362
0.172446
0.17253
0.172615
0.172699
0.172784
0.172869
0.172955
0.17304
0.173126
0.173213
0.173299
0.173386
0.173473
0.17356
0.173648
0.173735
0.173823
0.173912
0.174
0.174089
0.174178
0.174267
0.174357
0.174447
0.174537
0.174627
0.174718
0.174809
0.1749
0.174992
0.175083
0.175175
0.175268
0.17536
0.175453
0.175546
0.175639
0.175733
0.175827
0.175921
0.176016
0.17611
0.176205
0.176301
0.176396
0.176492
0.176588
0.176685
0.176781
0.176878
0.176975
0.177073
0.177171
0.177269
0.177367
0.177466
0.177565
0.177664
0.177763
0.177863
0.177963
0.178064
0.178164
0.178265
0.178367
0.178468
0.17857
0.178672
0.178774
0.178877
0.17898
0.179083
0.179187
0.179291
0.179395
0.1795
0.179604
0.179709
0.179815
0.17992
0.180026
0.180133
0.180239
0.180346
0.180453
0.180561
0.180669
0.180777
0.180885
0.180994
0.181103
0.181212
0.181322
0.181432
0.181542
0.181653
0.181764
0.181875
0.181986
0.182098
0.18221
0.182323
0.182436
0.182549
0.182662
0.182776
0.18289
0.183004
0.183119
0.183234
0.183349
0.183465
0.183581
0.183697
0.183814
0.183931
0.184048
0.184166
0.184284
0.184402
0.184521
0.18464
0.184759
0.184879
0.184999
0.185119
0.18524
0.185361
0.185482
0.185604
0.185726
0.185848
0.185971
0.186094
0.186218
0.186341
0.186465
0.18659
0.186715
0.18684
0.186965
0.187091
0.187217
0.187344
0.187471
0.187598
0.187726
0.187854
0.187982
0.188111
0.18824
0.188369
0.188499
0.188629
0.188759
0.18889
0.189021
0.189153
0.189285
0.189417
0.18955
0.189683
0.189817
0.18995
0.190085
0.190219
0.190354
0.190489
0.190625
0.190761
0.190898
0.191034
0.191172
0.191309
0.191447
0.191586
0.191724
0.191863
0.192003
0.192143
0.192283
0.192424
0.192565
0.192707
0.192848
0.192991
0.193133
0.193277
0.19342
0.193564
0.193708
0.193853
0.193998
0.194144
0.194289
0.194436
0.194582
0.19473
0.194877
0.195025
0.195174
0.195322
0.195472
0.195621
0.195771
0.195922
0.196073
0.196224
0.196376
0.196528
0.19668
0.196833
0.196987
0.197141
0.197295
0.19745
0.197605
0.197761
0.197917
0.198073
0.19823
0.198388
0.198545
0.198704
0.198862
0.199022
0.199181
0.199341
0.199502
0.199663
0.199824
0.199986
0.200148
0.200311
0.200474
0.200638
0.200802
0.200967
0.201132
0.201298
0.201464
0.20163
0.201797
0.201965
0.202132
0.202301
0.20247
0.202639
0.202809
0.202979
0.20315
0.203321
0.203493
0.203665
0.203838
0.204011
0.204185
0.204359
0.204534
0.204709
0.204885
0.205061
0.205238
0.205415
0.205593
0.205771
0.20595
0.206129
0.206309
0.206489
0.20667
0.206851
0.207033
0.207216
0.207398
0.207582
0.207766
0.20795
0.208135
0.208321
0.208507
0.208693
0.208881
0.209068
0.209256
0.209445
0.209634
0.209824
0.210015
0.210206
0.210397
0.210589
0.210782
0.210975
0.211169
0.211363
0.211558
0.211753
0.211949
0.212146
0.212343
0.21254
0.212739
0.212937
0.213137
0.213337
0.213537
0.213739
0.21394
0.214143
0.214346
0.214549
0.214753
0.214958
0.215163
0.215369
0.215576
0.215783
0.21599
0.216199
0.216408
0.216617
0.216827
0.217038
0.21725
0.217462
0.217674
0.217888
0.218102
0.218316
0.218531
0.218747
0.218964
0.219181
0.219398
0.219617
0.219836
0.220056
0.220276
0.220497
0.220719
0.220941
0.221164
0.221387
0.221612
0.221837
0.222062
0.222289
0.222516
0.222743
0.222972
0.223201
0.223431
0.223661
0.223892
0.224124
0.224357
0.22459
0.224824
0.225058
0.225294
0.22553
0.225766
0.226004
0.226242
0.226481
0.226721
0.226961
0.227202
0.227444
0.227687
0.22793
0.228174
0.228419
0.228664
0.228911
0.229158
0.229405
0.229654
0.229903
0.230153
0.230404
0.230656
0.230908
0.231161
0.231415
0.23167
0.231926
0.232182
0.232439
0.232697
0.232956
0.233215
0.233476
0.233737
0.233999
0.234261
0.234525
0.234789
0.235055
0.235321
0.235588
0.235855
0.236124
0.236393
0.236663
0.236935
0.237206
0.237479
0.237753
0.238027
0.238303
0.238579
0.238856
0.239134
0.239413
0.239693
0.239973
0.240255
0.240537
0.240821
0.241105
0.24139
0.241676
0.241963
0.242251
0.24254
0.24283
0.24312
0.243412
0.243704
0.243998
0.244292
0.244588
0.244884
0.245181
0.245479
0.245779
0.246079
0.24638
0.246682
0.246985
0.247289
0.247594
0.2479
0.248208
0.248516
0.248825
0.249135
0.249446
0.249758
0.250071
0.250385
0.250701
0.251017
0.251334
0.251653
0.251972
0.252292
0.252614
0.252937
0.25326
0.253585
0.253911
0.254238
0.254566
0.254895
0.255225
0.255556
0.255889
0.256222
0.256557
0.256893
0.25723
0.257568
0.257907
0.258247
0.258589
0.258931
0.259275
0.25962
0.259966
0.260313
0.260662
0.261012
0.261362
0.261715
0.262068
0.262422
0.262778
0.263135
0.263493
0.263852
0.264213
0.264575
0.264938
0.265302
0.265668
0.266035
0.266403
0.266773
0.267143
0.267515
0.267889
0.268263
0.268639
0.269017
0.269395
0.269775
0.270156
0.270539
0.270923
0.271308
0.271695
0.272083
0.272472
0.272863
0.273255
0.273649
0.274044
0.27444
0.274838
0.275238
0.275638
0.27604
0.276444
0.276849
0.277255
0.277663
0.278073
0.278483
0.278896
0.27931
0.279725
0.280142
0.28056
0.28098
0.281402
0.281825
0.282249
0.282675
0.283103
0.283532
0.283963
0.284396
0.28483
0.285265
0.285702
0.286141
0.286582
0.287024
0.287468
0.287913
0.28836
0.288809
0.289259
0.289711
0.290165
0.290621
0.291078
0.291537
0.291998
0.29246
0.292924
0.29339
0.293858
0.294327
0.294799
0.295272
0.295747
0.296223
0.296702
0.297182
0.297665
0.298149
0.298635
0.299123
0.299612
0.300104
0.300597
0.301093
0.30159
0.30209
0.302591
0.303094
0.303599
0.304107
0.304616
0.305127
0.30564
0.306155
0.306673
0.307192
0.307713
0.308237
0.308762
0.30929
0.30982
0.310352
0.310886
0.311422
0.31196
0.312501
0.313043
0.313588
0.314135
0.314685
0.315236
0.31579
0.316346
0.316904
0.317465
0.318027
0.318593
0.31916
0.31973
0.320302
0.320877
0.321454
0.322033
0.322615
0.323199
0.323785
0.324374
0.324966
0.32556
0.326156
0.326755
0.327356
0.32796
0.328567
0.329176
0.329788
0.330402
0.331019
0.331639
0.332261
0.332886
0.333513
0.334143
0.334776
0.335412
0.33605
0.336691
0.337335
0.337982
0.338632
0.339284
0.339939
0.340597
0.341258
0.341922
0.342589
0.343259
0.343931
0.344607
0.345286
0.345967
0.346652
0.34734
0.34803
0.348724
0.349421
0.350121
0.350825
0.351531
0.352241
0.352954
0.35367
0.354389
0.355111
0.355837
0.356567
0.357299
0.358035
0.358774
0.359517
0.360263
0.361013
0.361766
0.362522
0.363282
0.364046
0.364813
0.365584
0.366358
0.367136
0.367917
0.368703
0.369492
0.370285
0.371081
0.371881
0.372686
0.373494
0.374305
0.375121
0.375941
0.376764
0.377592
0.378423
0.379259
0.380099
0.380942
0.38179
0.382642
0.383498
0.384359
0.385223
0.386092
0.386965
0.387843
0.388724
0.389611
0.390501
0.391396
0.392296
0.3932
0.394108
0.395022
0.395939
0.396862
0.397789
0.398721
0.399657
0.400599
0.401545
0.402496
0.403452
0.404412
0.405378
0.406349
0.407325
0.408306
0.409292
0.410283
0.411279
0.41228
0.413287
0.414299
0.415317
0.41634
0.417368
0.418402
0.419441
0.420486
0.421536
0.422592
0.423654
0.424721
0.425795
0.426874
0.427959
0.42905
0.430146
0.431249
0.432358
0.433473
0.434594
0.435721
0.436855
0.437995
0.439141
0.440294
0.441453
0.442618
0.443791
0.444969
0.446155
0.447347
0.448546
0.449752
0.450964
0.452184
0.45341
0.454644
0.455885
0.457133
0.458388
0.45965
0.46092
0.462198
0.463482
0.464775
0.466075
0.467382
0.468698
0.470021
0.471352
0.472691
0.474038
0.475393
0.476757
0.478128
0.479508
0.480896
0.482293
0.483698
0.482942
0.482172
0.481389
0.480594
0.479787
0.478968
0.478138
0.477298
0.476446
0.475585
0.474714
0.473834
0.472944
0.472046
0.471139
0.470224
0.469302
0.468372
0.467435
0.466491
0.46554
0.464583
0.46362
0.462651
0.461676
0.460696
0.459711
0.458722
0.457728
0.456729
0.455727
0.45472
0.45371
0.452696
0.45168
0.45066
0.449637
0.448612
0.447584
0.446554
0.445521
0.444487
0.443451
0.442414
0.441375
0.440335
0.439293
0.438251
0.437208
0.436164
0.43512
0.434075
0.43303
0.431985
0.430939
0.429894
0.428849
0.427805
0.426761
0.425717
0.424675
0.423633
0.422591
0.421551
0.420512
0.419474
0.418438
0.417402
0.416368
0.415336
0.414305
0.413276
0.412249
0.411223
0.4102
0.409178
0.408158
0.407141
0.406125
0.405112
0.404101
0.403093
0.402087
0.401083
0.400082
0.399083
0.398087
0.397094
0.396103
0.395115
0.39413
0.393147
0.392168
0.391191
0.390218
0.389247
0.388279
0.387315
0.386353
0.385395
0.384439
0.383487
0.382538
0.381592
0.38065
0.37971
0.378774
0.377841
0.376912
0.375986
0.375063
0.374143
0.373227
0.372315
0.371405
0.3705
0.369597
0.368698
0.367803
0.366911
0.366022
0.365137
0.364256
0.363377
0.362503
0.361632
0.360764
0.3599
0.35904
0.358183
0.357329
0.35648
0.355633
0.35479
0.353951
0.353115
0.352283
0.351454
0.350629
0.349808
0.348989
0.348175
0.347364
0.346556
0.345752
0.344952
0.344155
0.343361
0.342571
0.341785
0.341002
0.340222
0.339446
0.338673
0.337904
0.337138
0.336376
0.335617
0.334861
0.334109
0.333361
0.332615
0.331874
0.331135
0.3304
0.329668
0.32894
0.328215
0.327493
0.326774
0.326059
0.325347
0.324639
0.323933
0.323231
0.322532
0.321837
0.321144
0.320455
0.319769
0.319086
0.318406
0.31773
0.317057
0.316386
0.315719
0.315055
0.314394
0.313737
0.313082
0.31243
0.311782
0.311136
0.310493
0.309854
0.309217
0.308583
0.307953
0.307325
0.3067
0.306078
0.305459
0.304843
0.30423
0.30362
0.303012
0.302408
0.301806
0.301207
0.300611
0.300017
0.299427
0.298839
0.298254
0.297671
0.297092
0.296515
0.29594
0.295369
0.2948
0.294233
0.29367
0.293109
0.29255
0.291994
0.291441
0.29089
0.290342
0.289797
0.289254
0.288713
0.288175
0.287639
0.287106
0.286576
0.286048
0.285522
0.284999
0.284478
0.283959
0.283443
0.282929
0.282418
0.281909
0.281402
0.280898
0.280396
0.279896
0.279398
0.278903
0.27841
0.277919
0.277431
0.276944
0.27646
0.275978
0.275499
0.275021
0.274546
0.274073
0.273602
0.273133
0.272666
0.272201
0.271738
0.271278
0.270819
0.270363
0.269908
0.269456
0.269006
0.268557
0.268111
0.267667
0.267224
0.266784
0.266345
0.265909
0.265474
0.265042
0.264611
0.264182
0.263755
0.26333
0.262907
0.262485
0.262066
0.261648
0.261232
0.260818
0.260406
0.259996
0.259587
0.25918
0.258775
0.258372
0.25797
0.25757
0.257172
0.256776
0.256381
0.255988
0.255597
0.255207
0.254819
0.254433
0.254048
0.253665
0.253284
0.252904
0.252526
0.25215
0.251775
0.251402
0.25103
0.25066
0.250291
0.249924
0.249559
0.249195
0.248832
0.248471
0.248112
0.247754
0.247398
0.247043
0.246689
0.246338
0.245987
0.245638
0.24529
0.244944
0.2446
0.244256
0.243915
0.243574
0.243235
0.242897
0.242561
0.242226
0.241893
0.241561
0.24123
0.2409
0.240572
0.240246
0.23992
0.239596
0.239273
0.238952
0.238632
0.238313
0.237995
0.237679
0.237364
0.23705
0.236738
0.236426
0.236116
0.235807
0.2355
0.235194
0.234889
0.234585
0.234282
0.233981
0.23368
0.233381
0.233083
0.232787
0.232491
0.232197
0.231903
0.231611
0.23132
0.231031
0.230742
0.230454
0.230168
0.229883
0.229599
0.229316
0.229034
0.228753
0.228473
0.228194
0.227917
0.22764
0.227365
0.22709
0.226817
0.226545
0.226273
0.226003
0.225734
0.225466
0.225199
0.224933
0.224668
0.224404
0.224141
0.223879
0.223617
0.223357
0.223098
0.22284
0.222583
0.222327
0.222072
0.221818
0.221564
0.221312
0.221061
0.22081
0.220561
0.220312
0.220065
0.219818
0.219572
0.219327
0.219083
0.21884
0.218598
0.218357
0.218117
0.217877
0.217639
0.217401
0.217164
0.216929
0.216694
0.216459
0.216226
0.215994
0.215762
0.215531
0.215302
0.215072
0.214844
0.214617
0.21439
0.214165
0.21394
0.213716
0.213493
0.21327
0.213048
0.212828
0.212608
0.212388
0.21217
0.211952
0.211736
0.211519
0.211304
0.21109
0.210876
0.210663
0.210451
0.210239
0.210029
0.209819
0.20961
0.209401
0.209194
0.208987
0.208781
0.208575
0.20837
0.208166
0.207963
0.207761
0.207559
0.207358
0.207157
0.206958
0.206759
0.206561
0.206363
0.206166
0.20597
0.205775
0.20558
0.205386
0.205192
0.205
0.204808
0.204616
0.204426
0.204236
0.204046
0.203858
0.20367
0.203482
0.203296
0.203109
0.202924
0.202739
0.202555
0.202372
0.202189
0.202007
0.201825
0.201644
0.201464
0.201284
0.201105
0.200927
0.200749
0.200572
0.200396
0.20022
0.200044
0.19987
0.199696
0.199522
0.199349
0.199177
0.199005
0.198834
0.198663
0.198494
0.198324
0.198155
0.197987
0.19782
0.197653
0.197486
0.19732
0.197155
0.19699
0.196826
0.196663
0.196499
0.196337
0.196175
0.196014
0.195853
0.195693
0.195533
0.195374
0.195215
0.195057
0.1949
0.194743
0.194586
0.19443
0.194275
0.19412
0.193966
0.193812
0.193659
0.193506
0.193354
0.193202
0.193051
0.1929
0.19275
0.1926
0.192451
0.192302
0.192154
0.192007
0.19186
0.191713
0.191567
0.191421
0.191276
0.191131
0.190987
0.190844
0.1907
0.190558
0.190416
0.190274
0.190133
0.189992
0.189852
0.189712
0.189573
0.189434
0.189295
0.189157
0.18902
0.188883
0.188747
0.18861
0.188475
0.18834
0.188205
0.188071
0.187937
0.187804
0.187671
0.187539
0.187407
0.187275
0.187144
0.187014
0.186884
0.186754
0.186625
0.186496
0.186367
0.186239
0.186112
0.185985
0.185858
0.185732
0.185606
0.185481
0.185356
0.185231
0.185107
0.184984
0.18486
0.184737
0.184615
0.184493
0.184371
0.18425
0.18413
0.184009
0.183889
0.18377
0.183651
0.183532
0.183414
0.183296
0.183178
0.183061
0.182944
0.182828
0.182712
0.182597
0.182482
0.182367
0.182253
0.182139
0.182025
0.181912
0.181799
0.181687
0.181575
0.181463
0.181352
0.181241
0.181131
0.181021
0.180911
0.180802
0.180693
0.180584
0.180476
0.180368
0.180261
0.180154
0.180047
0.17994
0.179834
0.179729
0.179624
0.179519
0.179414
0.17931
0.179206
0.179103
0.179
0.178897
0.178795
0.178693
0.178591
0.17849
0.178389
0.178288
0.178188
0.178088
0.177988
0.177889
0.17779
0.177692
0.177594
0.177496
0.177398
0.177301
0.177204
0.177108
0.177012
0.176916
0.176821
0.176725
0.176631
0.176536
0.176442
0.176348
0.176255
0.176162
0.176069
0.175977
0.175884
0.175793
0.175701
0.17561
0.175519
0.175429
0.175339
0.175249
0.175159
0.17507
0.174981
0.174892
0.174804
0.174716
0.174629
0.174541
0.174454
0.174368
0.174281
0.174195
0.17411
0.174024
0.173939
0.173854
0.17377
0.173685
0.173602
0.173518
0.173435
0.173352
0.173269
0.173187
0.173105
0.173023
0.172941
0.17286
0.172779
0.172699
0.172618
0.172538
0.172459
0.172379
0.1723
0.172222
0.172143
0.172065
0.171987
0.171909
0.171832
0.171755
0.171678
0.171602
0.171525
0.17145
0.171374
0.171299
0.171224
0.171149
0.171074
0.171
0.170926
0.170853
0.170779
0.170706
0.170633
0.170561
0.170489
0.170417
0.170345
0.170274
0.170202
0.170132
0.170061
0.169991
0.169921
0.169851
0.169781
0.169712
0.169643
0.169575
0.169506
0.169438
0.16937
0.169303
0.169235
0.169168
0.169101
0.169035
0.168969
0.168903
0.168837
0.168771
0.168706
0.168641
0.168577
0.168512
0.168448
0.168384
0.16832
0.168257
0.168194
0.168131
0.168068
0.168006
0.167944
0.167882
0.16782
0.167759
0.167698
0.167637
0.167577
0.167516
0.167456
0.167396
0.167337
0.167277
0.167218
0.16716
0.167101
0.167043
0.166985
0.166927
0.166869
0.166812
0.166755
0.166698
0.166641
0.166585
0.166529
0.166473
0.166417
0.166362
0.166307
0.166252
0.166197
0.166143
0.166089
0.166035
0.165981
0.165927
0.165874
0.165821
0.165769
0.165716
0.165664
0.165612
0.16556
0.165508
0.165457
0.165406
0.165355
0.165304
0.165254
0.165204
0.165154
0.165104
0.165055
0.165006
0.164957
0.164908
0.164859
0.164811
0.164763
0.164715
0.164667
0.16462
0.164573
0.164526
0.164479
0.164433
0.164386
0.16434
0.164295
0.164249
0.164204
0.164159
0.164114
0.164069
0.164024
0.16398
0.163936
0.163892
0.163849
0.163805
0.163762
0.163719
0.163677
0.163634
0.163592
0.16355
0.163508
0.163467
0.163425
0.163384
0.163343
0.163302
0.163262
0.163222
0.163181
0.163142
0.163102
0.163063
0.163023
0.162984
0.162946
0.162907
0.162869
0.16283
0.162793
0.162755
0.162717
0.16268
0.162643
0.162606
0.162569
0.162533
0.162497
0.162461
0.162425
0.162389
0.162354
0.162319
0.162284
0.162249
0.162214
0.16218
0.162146
0.162112
0.162078
0.162045
0.162011
0.161978
0.161945
0.161913
0.16188
0.161848
0.161816
0.161784
0.161752
0.161721
0.16169
0.161658
0.161628
0.161597
0.161567
0.161536
0.161506
0.161476
0.161447
0.161417
0.161388
0.161359
0.16133
0.161302
0.161273
0.161245
0.161217
0.161189
0.161161
0.161134
0.161107
0.16108
0.161053
0.161026
0.161
0.160973
0.160947
0.160922
0.160896
0.16087
0.160845
0.16082
0.160795
0.160771
0.160746
0.160722
0.160698
0.160674
0.16065
0.160627
0.160603
0.16058
0.160557
0.160535
0.160512
0.16049
0.160468
0.160446
0.160424
0.160402
0.160381
0.16036
0.160339
0.160318
0.160297
0.160277
0.160257
0.160237
0.160217
0.160197
0.160178
0.160159
0.16014
0.160121
0.160102
0.160084
0.160065
0.160047
0.160029
0.160011
0.159994
0.159977
0.159959
0.159942
0.159926
0.159909
0.159893
0.159876
0.15986
0.159844
0.159829
0.159813
0.159798
0.159783
0.159768
0.159753
0.159739
0.159724
0.15971
0.159696
0.159682
0.159669
0.159655
0.159642
0.159629
0.159616
0.159604
0.159591
0.159579
0.159567
0.159555
0.159543
0.159531
0.15952
0.159509
0.159498
0.159487
0.159476
0.159466
0.159456
0.159445
0.159435
0.159426
0.159416
0.159407
0.159398
0.159389
0.15938
0.159371
0.159363
0.159355
0.159346
0.159339
0.159331
0.159323
0.159316
0.159309
0.159302
0.159295
0.159288
0.159282
0.159276
0.15927
0.159264
0.159258
0.159252
0.159247
0.159242
0.159237
0.159232
0.159227
0.159223
0.159219
0.159215
0.159211
0.159207
0.159203
0.1592
0.159197
0.159194
0.159191
0.159188
0.159186
0.159184
0.159181
0.15918
0.159178
0.159176
0.159175
0.159174
0.159173
0.159172
0.159171
0.159171
0.15917
0.15917
0.15917
0.15917
0.159171
0.159171
0.159172
0.159173
0.159174
0.159176
0.159177
0.159179
0.15918
0.159182
0.159185
0.159187
0.15919
0.159192
0.159195
0.159198
0.159202
0.159205
0.159209
0.159212
0.159216
0.159221
0.159225
0.159229
0.159234
0.159239
0.159244
0.159249
0.159255
0.15926
0.159266
0.159272
0.159278
0.159284
0.159291
0.159297
0.159304
0.159311
0.159318
0.159326
0.159333
0.159341
0.159349
0.159357
0.159365
0.159374
0.159382
0.159391
0.1594
0.159409
0.159418
0.159428
0.159437
0.159447
0.159457
0.159468
0.159478
0.159488
0.159499
0.15951
0.159521
0.159532
0.159544
0.159556
0.159567
0.159579
0.159591
0.159604
0.159616
0.159629
0.159642
0.159655
0.159668
0.159682
0.159695
0.159709
0.159723
0.159737
0.159751
0.159766
0.15978
0.159795
0.15981
0.159825
0.159841
0.159856
0.159872
0.159888
0.159904
0.15992
0.159937
0.159953
0.15997
0.159987
0.160004
0.160021
0.160039
0.160057
0.160075
0.160093
0.160111
0.160129
0.160148
0.160167
0.160186
0.160205
0.160224
0.160243
0.160263
0.160283
0.160303
0.160323
0.160344
0.160364
0.160385
0.160406
0.160427
0.160448
0.16047
0.160491
0.160513
0.160535
0.160557
0.16058
0.160602
0.160625
0.160648
0.160671
0.160694
0.160718
0.160741
0.160765
0.160789
0.160813
0.160838
0.160862
0.160887
0.160912
0.160937
0.160962
0.160988
0.161013
0.161039
0.161065
0.161091
0.161118
0.161144
0.161171
0.161198
0.161225
0.161252
0.16128
0.161307
0.161335
0.161363
0.161391
0.16142
0.161448
0.161477
0.161506
0.161535
0.161564
0.161594
0.161623
0.161653
0.161683
0.161714
0.161744
0.161775
0.161805
0.161836
0.161867
0.161899
0.16193
0.161962
0.161994
0.162026
0.162058
0.162091
0.162123
0.162156
0.162189
0.162222
0.162256
0.162289
0.162323
0.162357
0.162391
0.162426
0.16246
0.162495
0.16253
0.162565
0.1626
0.162636
0.162671
0.162707
0.162743
0.162779
0.162816
0.162852
0.162889
0.162926
0.162963
0.163001
0.163038
0.163076
0.163114
0.163152
0.16319
0.163229
0.163268
0.163307
0.163346
0.163385
0.163424
0.163464
0.163504
0.163544
0.163584
0.163625
0.163665
0.163706
0.163747
0.163788
0.16383
0.163871
0.163913
0.163955
0.163997
0.16404
0.164082
0.164125
0.164168
0.164211
0.164255
0.164298
0.164342
0.164386
0.16443
0.164475
0.164519
0.164564
0.164609
0.164654
0.164699
0.164745
0.164791
0.164837
0.164883
0.164929
0.164976
0.165022
0.165069
0.165116
0.165164
0.165211
0.165259
0.165307
0.165355
0.165403
0.165452
0.165501
0.16555
0.165599
0.165648
0.165698
0.165748
0.165798
0.165848
0.165898
0.165949
0.166
0.166051
0.166102
0.166153
0.166205
0.166257
0.166309
0.166361
0.166413
0.166466
0.166519
0.166572
0.166625
0.166679
0.166733
0.166787
0.166841
0.166895
0.16695
0.167004
0.167059
0.167114
0.16717
0.167225
0.167281
0.167337
0.167393
0.16745
0.167507
0.167563
0.167621
0.167678
0.167735
0.167793
0.167851
0.167909
0.167968
0.168026
0.168085
0.168144
0.168203
0.168263
0.168322
0.168382
0.168442
0.168503
0.168563
0.168624
0.168685
0.168746
0.168808
0.168869
0.168931
0.168993
0.169056
0.169118
0.169181
0.169244
0.169307
0.16937
0.169434
0.169498
0.169562
0.169626
0.169691
0.169756
0.169821
0.169886
0.169951
0.170017
0.170083
0.170149
0.170215
0.170282
0.170349
0.170416
0.170483
0.17055
0.170618
0.170686
0.170754
0.170823
0.170891
0.17096
0.171029
0.171099
0.171168
0.171238
0.171308
0.171378
0.171449
0.17152
0.171591
0.171662
0.171733
0.171805
0.171877
0.171949
0.172022
0.172094
0.172167
0.17224
0.172314
0.172387
0.172461
0.172535
0.172609
0.172684
0.172759
0.172834
0.172909
0.172985
0.173061
0.173137
0.173213
0.173289
0.173366
0.173443
0.17352
0.173598
0.173676
0.173754
0.173832
0.17391
0.173989
0.174068
0.174147
0.174227
0.174307
0.174387
0.174467
0.174547
0.174628
0.174709
0.17479
0.174872
0.174954
0.175036
0.175118
0.175201
0.175283
0.175367
0.17545
0.175533
0.175617
0.175701
0.175786
0.17587
0.175955
0.17604
0.176126
0.176211
0.176297
0.176384
0.17647
0.176557
0.176644
0.176731
0.176819
0.176906
0.176994
0.177083
0.177171
0.17726
0.177349
0.177439
0.177528
0.177618
0.177709
0.177799
0.17789
0.177981
0.178072
0.178164
0.178256
0.178348
0.17844
0.178533
0.178626
0.178719
0.178813
0.178907
0.179001
0.179095
0.17919
0.179285
0.17938
0.179475
0.179571
0.179667
0.179764
0.17986
0.179957
0.180054
0.180152
0.18025
0.180348
0.180446
0.180545
0.180644
0.180743
0.180843
0.180942
0.181043
0.181143
0.181244
0.181345
0.181446
0.181548
0.18165
0.181752
0.181854
0.181957
0.18206
0.182164
0.182267
0.182371
0.182476
0.18258
0.182685
0.182791
0.182896
0.183002
0.183108
0.183215
0.183321
0.183428
0.183536
0.183644
0.183752
0.18386
0.183969
0.184078
0.184187
0.184296
0.184406
0.184517
0.184627
0.184738
0.184849
0.184961
0.185072
0.185185
0.185297
0.18541
0.185523
0.185636
0.18575
0.185864
0.185979
0.186094
0.186209
0.186324
0.18644
0.186556
0.186672
0.186789
0.186906
0.187024
0.187141
0.187259
0.187378
0.187497
0.187616
0.187735
0.187855
0.187975
0.188096
0.188216
0.188338
0.188459
0.188581
0.188703
0.188826
0.188949
0.189072
0.189196
0.189319
0.189444
0.189568
0.189693
0.189819
0.189945
0.190071
0.190197
0.190324
0.190451
0.190579
0.190707
0.190835
0.190963
0.191092
0.191222
0.191352
0.191482
0.191612
0.191743
0.191874
0.192006
0.192138
0.19227
0.192403
0.192536
0.192669
0.192803
0.192937
0.193072
0.193207
0.193342
0.193478
0.193614
0.193751
0.193888
0.194025
0.194162
0.194301
0.194439
0.194578
0.194717
0.194857
0.194997
0.195137
0.195278
0.195419
0.195561
0.195703
0.195845
0.195988
0.196132
0.196275
0.196419
0.196564
0.196709
0.196854
0.197
0.197146
0.197292
0.197439
0.197587
0.197734
0.197883
0.198031
0.19818
0.19833
0.19848
0.19863
0.198781
0.198932
0.199083
0.199236
0.199388
0.199541
0.199694
0.199848
0.200002
0.200157
0.200312
0.200467
0.200623
0.20078
0.200937
0.201094
0.201252
0.20141
0.201569
0.201728
0.201887
0.202047
0.202208
0.202369
0.20253
0.202692
0.202854
0.203017
0.20318
0.203344
0.203508
0.203673
0.203838
0.204003
0.20417
0.204336
0.204503
0.204671
0.204839
0.205007
0.205176
0.205345
0.205515
0.205686
0.205856
0.206028
0.2062
0.206372
0.206545
0.206718
0.206892
0.207066
0.207241
0.207417
0.207592
0.207769
0.207946
0.208123
0.208301
0.208479
0.208658
0.208838
0.209018
0.209198
0.209379
0.20956
0.209743
0.209925
0.210108
0.210292
0.210476
0.210661
0.210846
0.211032
0.211218
0.211405
0.211592
0.21178
0.211968
0.212157
0.212347
0.212537
0.212728
0.212919
0.213111
0.213303
0.213496
0.213689
0.213883
0.214078
0.214273
0.214469
0.214665
0.214862
0.21506
0.215258
0.215456
0.215655
0.215855
0.216055
0.216256
0.216458
0.21666
0.216863
0.217066
0.21727
0.217475
0.21768
0.217885
0.218092
0.218299
0.218506
0.218714
0.218923
0.219133
0.219343
0.219553
0.219765
0.219977
0.220189
0.220402
0.220616
0.22083
0.221045
0.221261
0.221478
0.221695
0.221912
0.22213
0.222349
0.222569
0.222789
0.22301
0.223232
0.223454
0.223677
0.2239
0.224125
0.22435
0.224575
0.224801
0.225028
0.225256
0.225484
0.225713
0.225943
0.226174
0.226405
0.226636
0.226869
0.227102
0.227336
0.227571
0.227806
0.228042
0.228279
0.228516
0.228755
0.228993
0.229233
0.229474
0.229715
0.229957
0.230199
0.230442
0.230687
0.230931
0.231177
0.231423
0.23167
0.231918
0.232167
0.232416
0.232667
0.232917
0.233169
0.233422
0.233675
0.233929
0.234184
0.234439
0.234696
0.234953
0.235211
0.23547
0.23573
0.23599
0.236251
0.236513
0.236776
0.23704
0.237305
0.23757
0.237836
0.238103
0.238371
0.23864
0.238909
0.23918
0.239451
0.239723
0.239996
0.24027
0.240545
0.24082
0.241097
0.241374
0.241652
0.241931
0.242211
0.242492
0.242774
0.243057
0.24334
0.243625
0.24391
0.244196
0.244484
0.244772
0.245061
0.245351
0.245642
0.245934
0.246226
0.24652
0.246815
0.247111
0.247407
0.247705
0.248003
0.248303
0.248603
0.248905
0.249207
0.249511
0.249815
0.25012
0.250427
0.250734
0.251043
0.251352
0.251663
0.251974
0.252287
0.2526
0.252915
0.25323
0.253547
0.253865
0.254183
0.254503
0.254824
0.255146
0.255469
0.255793
0.256118
0.256444
0.256772
0.2571
0.25743
0.25776
0.258092
0.258425
0.258759
0.259094
0.25943
0.259768
0.260106
0.260446
0.260787
0.261129
0.261472
0.261816
0.262161
0.262508
0.262856
0.263205
0.263555
0.263907
0.264259
0.264613
0.264968
0.265324
0.265682
0.26604
0.2664
0.266761
0.267124
0.267488
0.267853
0.268219
0.268586
0.268955
0.269325
0.269696
0.270069
0.270443
0.270818
0.271195
0.271573
0.271952
0.272333
0.272714
0.273098
0.273482
0.273868
0.274256
0.274644
0.275034
0.275426
0.275819
0.276213
0.276609
0.277006
0.277404
0.277804
0.278205
0.278608
0.279013
0.279418
0.279825
0.280234
0.280644
0.281056
0.281469
0.281884
0.2823
0.282717
0.283136
0.283557
0.283979
0.284403
0.284828
0.285255
0.285684
0.286114
0.286545
0.286979
0.287413
0.28785
0.288288
0.288728
0.289169
0.289612
0.290056
0.290503
0.290951
0.2914
0.291851
0.292304
0.292759
0.293215
0.293674
0.294133
0.294595
0.295058
0.295523
0.29599
0.296459
0.296929
0.297402
0.297876
0.298351
0.298829
0.299309
0.29979
0.300273
0.300758
0.301245
0.301734
0.302225
0.302717
0.303212
0.303708
0.304207
0.304707
0.305209
0.305713
0.30622
0.306728
0.307238
0.30775
0.308265
0.308781
0.309299
0.30982
0.310342
0.310867
0.311393
0.311922
0.312453
0.312986
0.313521
0.314058
0.314597
0.315139
0.315683
0.316229
0.316777
0.317327
0.31788
0.318435
0.318992
0.319551
0.320113
0.320677
0.321243
0.321812
0.322383
0.322956
0.323532
0.32411
0.324691
0.325274
0.325859
0.326447
0.327037
0.32763
0.328225
0.328823
0.329423
0.330025
0.330631
0.331238
0.331849
0.332462
0.333077
0.333696
0.334316
0.33494
0.335566
0.336195
0.336826
0.337461
0.338098
0.338737
0.33938
0.340025
0.340673
0.341324
0.341978
0.342634
0.343294
0.343956
0.344621
0.345289
0.345961
0.346635
0.347312
0.347992
0.348675
0.349361
0.35005
0.350742
0.351437
0.352136
0.352837
0.353542
0.35425
0.354961
