1.10715
1.10668
1.10622
1.10575
1.10527
1.1048
1.10432
1.10384
1.10336
1.10288
1.1024
1.10191
1.10142
1.10093
1.10044
1.09994
1.09945
1.09895
1.09845
1.09795
1.09744
1.09694
1.09643
1.09592
1.09541
1.0949
1.09439
1.09387
1.09336
1.09284
1.09232
1.0918
1.09128
1.09076
1.09023
1.0897
1.08918
1.08865
1.08812
1.08759
1.08706
1.08652
1.08599
1.08545
1.08492
1.08438
1.08384
1.0833
1.08276
1.08222
1.08167
1.08113
1.08059
1.08004
1.07949
1.07895
1.0784
1.07785
1.0773
1.07675
1.0762
1.07564
1.07509
1.07454
1.07398
1.07343
1.07287
1.07232
1.07176
1.0712
1.07064
1.07008
1.06952
1.06896
1.0684
1.06784
1.06728
1.06672
1.06616
1.06559
1.06503
1.06446
1.0639
1.06334
1.06277
1.0622
1.06164
1.06107
1.06051
1.05994
1.05937
1.0588
1.05823
1.05767
1.0571
1.05653
1.05596
1.05539
1.05482
1.05425
1.05368
1.05311
1.05254
1.05197
1.05139
1.05082
1.05025
1.04968
1.04911
1.04854
1.04796
1.04739
1.04682
1.04624
1.04567
1.0451
1.04453
1.04395
1.04338
1.04281
1.04223
1.04166
1.04108
1.04051
1.03994
1.03936
1.03879
1.03821
1.03764
1.03707
1.03649
1.03592
1.03534
1.03477
1.0342
1.03362
1.03305
1.03247
1.0319
1.03132
1.03075
1.03018
1.0296
1.02903
1.02845
1.02788
1.0273
1.02673
1.02616
1.02558
1.02501
1.02443
1.02386
1.02329
1.02271
1.02214
1.02157
1.02099
1.02042
1.01985
1.01927
1.0187
1.01813
1.01755
1.01698
1.01641
1.01583
1.01526
1.01469
1.01412
1.01354
1.01297
1.0124
1.01183
1.01125
1.01068
1.01011
1.00954
1.00897
1.0084
1.00783
1.00725
1.00668
1.00611
1.00554
1.00497
1.0044
1.00383
1.00326
1.00269
1.00212
1.00155
1.00098
1.00041
0.99984
0.999271
0.998702
0.998133
0.997564
0.996995
0.996427
0.995858
0.99529
0.994722
0.994154
0.993586
0.993018
0.992451
0.991883
0.991316
0.990749
0.990182
0.989615
0.989049
0.988482
0.987916
0.98735
0.986784
0.986218
0.985652
0.985087
0.984522
0.983957
0.983392
0.982827
0.982262
0.981698
0.981134
0.980569
0.980005
0.979442
0.978878
0.978315
0.977751
0.977188
0.976625
0.976063
0.9755
0.974938
0.974376
0.973814
0.973252
0.97269
0.972129
0.971567
0.971006
0.970445
0.969884
0.969324
0.968763
0.968203
0.967643
0.967083
0.966523
0.965964
0.965404
0.964845
0.964286
0.963728
0.963169
0.96261
0.962052
0.961494
0.960936
0.960379
0.959821
0.959264
0.958707
0.95815
0.957593
0.957036
0.95648
0.955924
0.955368
0.954812
0.954256
0.9537
0.953145
0.95259
0.952035
0.95148
0.950926
0.950371
0.949817
0.949263
0.948709
0.948156
0.947602
0.947049
0.946496
0.945943
0.945391
0.944838
0.944286
0.943734
0.943182
0.94263
0.942078
0.941527
0.940976
0.940425
0.939874
0.939323
0.938773
0.938223
0.937673
0.937123
0.936573
0.936023
0.935474
0.934925
0.934376
0.933827
0.933279
0.93273
0.932182
0.931634
0.931086
0.930539
0.929991
0.929444
0.928897
0.92835
0.927804
0.927257
0.926711
0.926165
0.925619
0.925073
0.924527
0.923982
0.923437
0.922892
0.922347
0.921802
0.921258
0.920714
0.92017
0.919626
0.919082
0.918539
0.917995
0.917452
0.916909
0.916367
0.915824
0.915282
0.914739
0.914197
0.913656
0.913114
0.912573
0.912031
0.91149
0.910949
0.910409
0.909868
0.909328
0.908788
0.908248
0.907708
0.907168
0.906629
0.90609
0.905551
0.905012
0.904473
0.903935
0.903396
0.902858
0.90232
0.901783
0.901245
0.900708
0.900171
0.899634
0.899097
0.89856
0.898024
0.897487
0.896951
0.896416
0.89588
0.895344
0.894809
0.894274
0.893739
0.893204
0.892669
0.892135
0.891601
0.891067
0.890533
0.889999
0.889466
0.888932
0.888399
0.887866
0.887333
0.886801
0.886268
0.885736
0.885204
0.884672
0.88414
0.883609
0.883077
0.882546
0.882015
0.881484
0.880954
0.880423
0.879893
0.879363
0.878833
0.878303
0.877774
0.877244
0.876715
0.876186
0.875657
0.875128
0.8746
0.874072
0.873543
0.873015
0.872488
0.87196
0.871433
0.870905
0.870378
0.869851
0.869325
0.868798
0.868272
0.867745
0.867219
0.866693
0.866168
0.865642
0.865117
0.864592
0.864067
0.863542
0.863017
0.862493
0.861968
0.861444
0.86092
0.860397
0.859873
0.859349
0.858826
0.858303
0.85778
0.857257
0.856735
0.856212
0.85569
0.855168
0.854646
0.854124
0.853603
0.853081
0.85256
0.852039
0.851518
0.850997
0.850477
0.849956
0.849436
0.848916
0.848396
0.847876
0.847357
0.846837
0.846318
0.845799
0.84528
0.844761
0.844243
0.843724
0.843206
0.842688
0.84217
0.841652
0.841135
0.840617
0.8401
0.839583
0.839066
0.838549
0.838032
0.837516
0.837
0.836484
0.835968
0.835452
0.834936
0.83442
0.833905
0.83339
0.832875
0.83236
0.831845
0.831331
0.830816
0.830302
0.829788
0.829274
0.82876
0.828247
0.827733
0.82722
0.826707
0.826194
0.825681
0.825168
0.824655
0.824143
0.823631
0.823119
0.822607
0.822095
0.821583
0.821072
0.82056
0.820049
0.819538
0.819027
0.818516
0.818006
0.817495
0.816985
0.816475
0.815965
0.815455
0.814945
0.814436
0.813926
0.813417
0.812908
0.812399
0.81189
0.811381
0.810873
0.810364
0.809856
0.809348
0.80884
0.808332
0.807824
0.807317
0.806809
0.806302
0.805795
0.805288
0.804781
0.804274
0.803767
0.803261
0.802754
0.802248
0.801742
0.801236
0.80073
0.800225
0.799719
0.799214
0.798709
0.798203
0.797698
0.797193
0.796689
0.796184
0.79568
0.795175
0.794671
0.794167
0.793663
0.793159
0.792655
0.792152
0.791648
0.791145
0.790642
0.790138
0.789635
0.789133
0.78863
0.788127
0.787625
0.787122
0.78662
0.786118
0.785616
0.785114
0.784612
0.78411
0.783609
0.783107
0.782606
0.782105
0.781604
0.781103
0.780602
0.780101
0.7796
0.7791
0.778599
0.778099
0.777599
0.777099
0.776599
0.776099
0.775599
0.775099
0.7746
0.7741
0.773601
0.773102
0.772603
0.772103
0.771604
0.771106
0.770607
0.771108
0.771608
0.772108
0.772608
0.773108
0.773607
0.774105
0.774604
0.775102
0.7756
0.776097
0.776595
0.777092
0.777589
0.778085
0.778582
0.779078
0.779574
0.78007
0.780565
0.781061
0.781556
0.782051
0.782546
0.783041
0.783536
0.784031
0.784526
0.78502
0.785515
0.786009
0.786504
0.786998
0.787492
0.787986
0.788481
0.788975
0.789469
0.789963
0.790458
0.790952
0.791446
0.79194
0.792435
0.792929
0.793423
0.793918
0.794412
0.794907
0.795402
0.795896
0.796391
0.796886
0.797381
0.797876
0.798372
0.798867
0.799363
0.799858
0.800354
0.80085
0.801346
0.801842
0.802338
0.802835
0.803332
0.803828
0.804325
0.804823
0.80532
0.805817
0.806315
0.806813
0.807311
0.807809
0.808308
0.808807
0.809305
0.809805
0.810304
0.810803
0.811303
0.811803
0.812303
0.812804
0.813305
0.813806
0.814307
0.814808
0.81531
0.815812
0.816314
0.816817
0.817319
0.817822
0.818325
0.818829
0.819333
0.819837
0.820341
0.820846
0.821351
0.821856
0.822361
0.822867
0.823373
0.823879
0.824386
0.824893
0.8254
0.825908
0.826415
0.826923
0.827432
0.827941
0.82845
0.828959
0.829468
0.829978
0.830489
0.830999
0.83151
0.832021
0.832533
0.833045
0.833557
0.834069
0.834582
0.835095
0.835609
0.836123
0.836637
0.837151
0.837666
0.838181
0.838696
0.839212
0.839728
0.840245
0.840762
0.841279
0.841796
0.842314
0.842832
0.843351
0.843869
0.844389
0.844908
0.845428
0.845948
0.846469
0.846989
0.847511
0.848032
0.848554
0.849076
0.849599
0.850122
0.850645
0.851169
0.851693
0.852217
0.852742
0.853267
0.853793
0.854318
0.854844
0.855371
0.855898
0.856425
0.856952
0.85748
0.858008
0.858537
0.859066
0.859595
0.860125
0.860655
0.861185
0.861716
0.862247
0.862779
0.86331
0.863842
0.864375
0.864908
0.865441
0.865974
0.866508
0.867043
0.867577
0.868112
0.868648
0.869183
0.869719
0.870256
0.870792
0.87133
0.871867
0.872405
0.872943
0.873481
0.87402
0.87456
0.875099
0.875639
0.876179
0.87672
0.877261
0.877802
0.878344
0.878886
0.879429
0.879971
0.880514
0.881058
0.881602
0.882146
0.88269
0.883235
0.883781
0.884326
0.884872
0.885418
0.885965
0.886512
0.887059
0.887607
0.888155
0.888703
0.889252
0.889801
0.890351
0.8909
0.89145
0.892001
0.892552
0.893103
0.893654
0.894206
0.894758
0.895311
0.895864
0.896417
0.896971
0.897524
0.898079
0.898633
0.899188
0.899744
0.900299
0.900855
0.901411
0.901968
0.902525
0.903082
0.90364
0.904198
0.904756
0.905315
0.905874
0.906434
0.906993
0.907553
0.908114
0.908674
0.909235
0.909797
0.910358
0.910921
0.911483
0.912046
0.912609
0.913172
0.913736
0.9143
0.914864
0.915429
0.915994
0.916559
0.917125
0.917691
0.918257
0.918824
0.919391
0.919958
0.920526
0.921094
0.921662
0.922231
0.9228
0.923369
0.923939
0.924509
0.925079
0.92565
0.926221
0.926792
0.927364
0.927935
0.928508
0.92908
0.929653
0.930226
0.9308
0.931374
0.931948
0.932522
0.933097
0.933672
0.934247
0.934823
0.935399
0.935975
0.936552
0.937129
0.937706
0.938284
0.938862
0.93944
0.940019
0.940598
0.941177
0.941756
0.942336
0.942916
0.943497
0.944077
0.944658
0.94524
0.945821
0.946403
0.946986
0.947568
0.948151
0.948734
0.949318
0.949902
0.950486
0.95107
0.951655
0.95224
0.952825
0.953411
0.953997
0.954583
0.955169
0.955756
0.956343
0.956931
0.957519
0.958107
0.958695
0.959284
0.959872
0.960462
0.961051
0.961641
0.962231
0.962822
0.963412
0.964003
0.964595
0.965186
0.965778
0.96637
0.966963
0.967555
0.968149
0.968742
0.969336
0.969929
0.970524
0.971118
0.971713
0.972308
0.972903
0.973499
0.974095
0.974691
0.975288
0.975885
0.976482
0.977079
0.977677
0.978275
0.978873
0.979472
0.98007
0.98067
0.981269
0.981869
0.982469
0.983069
0.983669
0.98427
0.984871
0.985472
0.986074
0.986676
0.987278
0.987881
0.988483
0.989086
0.98969
0.990293
0.990897
0.991501
0.992106
0.99271
0.993315
0.993921
0.994526
0.995132
0.995738
0.996344
0.996951
0.997558
0.998165
0.998772
0.99938
0.999988
1.0006
1.0012
1.00181
1.00242
1.00303
1.00364
1.00425
1.00486
1.00547
1.00608
1.00669
1.0073
1.00792
1.00853
1.00914
1.00975
1.01036
1.01098
1.01159
1.0122
1.01282
1.01343
1.01404
1.01466
1.01527
1.01589
1.0165
1.01712
1.01773
1.01835
1.01897
1.01958
1.0202
1.02082
1.02143
1.02205
1.02267
1.02329
1.02391
1.02452
1.02514
1.02576
1.02638
1.027
1.02762
1.02824
1.02886
1.02948
1.0301
1.03072
1.03134
1.03196
1.03259
1.03321
1.03383
1.03445
1.03508
1.0357
1.03632
1.03695
1.03757
1.03819
1.03882
1.03944
1.04007
1.04069
1.04132
1.04194
1.04257
1.04319
1.04382
1.04445
1.04507
1.0457
1.04633
1.04695
1.04758
1.04821
1.04884
1.04947
1.0501
1.05072
1.05135
1.05198
1.05261
1.05324
1.05387
1.0545
1.05513
1.05576
1.05639
1.05703
1.05766
1.05829
1.05892
1.05955
1.06018
1.06082
1.06145
1.06208
1.06272
1.06335
1.06398
1.06462
1.06525
1.06589
1.06652
1.06716
1.06779
1.06843
1.06906
1.0697
1.07033
1.07097
1.07161
1.07224
1.07288
1.07352
1.07415
1.07479
1.07543
1.07607
1.07671
1.07735
1.07798
1.07862
1.07926
1.0799
1.08054
1.08118
1.08182
1.08246
1.0831
1.08374
1.08438
1.08502
1.08567
1.08631
1.08695
1.08759
1.08823
1.08888
1.08952
1.09016
1.09081
1.09145
1.09209
1.09274
1.09338
1.09402
1.09467
1.09531
1.09596
1.0966
1.09725
1.09789
1.09854
1.09919
1.09983
1.10048
1.10112
1.10177
1.10242
1.10307
1.10371
1.10436
1.10501
1.10566
1.1063
1.10695
1.1076
1.10825
1.1089
1.10955
1.1102
1.11085
1.1115
1.11215
1.1128
1.11345
1.1141
1.11475
1.1154
1.11605
1.1167
1.11736
1.11801
1.11866
1.11931
1.11996
1.12062
1.12127
1.12192
1.12258
1.12323
1.12388
1.12454
1.12519
1.12584
1.1265
1.12715
1.12781
1.12846
1.12912
1.12977
1.13043
1.13109
1.13174
1.1324
1.13305
1.13371
1.13437
1.13502
1.13568
1.13634
1.137
1.13765
1.13831
1.13897
1.13963
1.14029
1.14095
1.1416
1.14226
1.14292
1.14358
1.14424
1.1449
1.14556
1.14622
1.14688
1.14754
1.1482
1.14886
1.14953
1.15019
1.15085
1.15151
1.15217
1.15283
1.1535
1.15416
1.15482
1.15548
1.15615
1.15681
1.15747
1.15814
1.1588
1.15946
1.16013
1.16079
1.16145
1.16212
1.16278
1.16345
1.16411
1.16478
1.16544
1.16611
1.16678
1.16744
1.16811
1.16877
1.16944
1.17011
1.17077
1.17144
1.17211
1.17277
1.17344
1.17411
1.17478
1.17544
1.17611
1.17678
1.17745
1.17812
1.17879
1.17946
1.18012
1.18079
1.18146
1.18213
1.1828
1.18347
1.18414
1.18481
1.18548
1.18615
1.18682
1.18749
1.18817
1.18884
1.18951
1.19018
1.19085
1.19152
1.1922
1.19287
1.19354
1.19421
1.19488
1.19556
1.19623
1.1969
1.19758
1.19825
1.19892
1.1996
1.20027
1.20095
1.20162
1.20229
1.20297
1.20364
1.20432
1.20499
1.20567
1.20634
1.20702
1.20769
1.20837
1.20904
1.20972
1.2104
1.21107
1.21175
1.21243
1.2131
1.21378
1.21446
1.21513
1.21581
1.21649
1.21717
1.21784
1.21852
1.2192
1.21988
1.22056
1.22123
1.22191
1.22259
1.22327
1.22395
1.22463
1.22531
1.22599
1.22667
1.22735
1.22803
1.22871
1.22939
1.23007
1.23075
1.23143
1.23211
1.23279
1.23347
1.23415
1.23483
1.23551
1.2362
1.23688
1.23756
1.23824
1.23892
1.23961
1.24029
1.24097
1.24165
1.24234
1.24302
1.2437
1.24438
1.24507
1.24575
1.24643
1.24712
1.2478
1.24849
1.24917
1.24985
1.25054
1.25122
1.25191
1.25259
1.25328
1.25396
1.25465
1.25533
1.25602
1.2567
1.25739
1.25807
1.25876
1.25944
1.26013
1.26082
1.2615
1.26219
1.26287
1.26356
1.26425
1.26493
1.26562
1.26631
1.267
1.26768
1.26837
1.26906
1.26975
1.27043
1.27112
1.27181
1.2725
1.27318
1.27387
1.27456
1.27525
1.27594
1.27663
1.27732
1.27801
1.27869
1.27938
1.28007
1.28076
1.28145
1.28214
1.28283
1.28352
1.28421
1.2849
1.28559
1.28628
1.28697
1.28766
1.28835
1.28904
1.28973
1.29042
1.29112
1.29181
1.2925
1.29319
1.29388
1.29457
1.29526
1.29596
1.29665
1.29734
1.29803
1.29872
1.29942
1.30011
1.3008
1.30149
1.30219
1.30288
1.30357
1.30426
1.30496
1.30565
1.30634
1.30704
1.30773
1.30842
1.30912
1.30981
1.3105
1.3112
1.31189
1.31259
1.31328
1.31397
1.31467
1.31536
1.31606
1.31675
1.31745
1.31814
1.31884
1.31953
1.32023
1.32092
1.32162
1.32231
1.32301
1.3237
1.3244
1.32509
1.32579
1.32648
1.32718
1.32788
1.32857
1.32927
1.32996
1.33066
1.33136
1.33205
1.33275
1.33345
1.33414
1.33484
1.33554
1.33623
1.33693
1.33763
1.33833
1.33902
1.33972
1.34042
1.34111
1.34181
1.34251
1.34321
1.3439
1.3446
1.3453
1.346
1.3467
1.34739
1.34809
1.34879
1.34949
1.35019
1.35089
1.35158
1.35228
1.35298
1.35368
1.35438
1.35508
1.35578
1.35648
1.35718
1.35787
1.35857
1.35927
1.35997
1.36067
1.36137
1.36207
1.36277
1.36347
1.36417
1.36487
1.36557
1.36627
1.36697
1.36767
1.36837
1.36907
1.36977
1.37047
1.37117
1.37187
1.37257
1.37327
1.37397
1.37467
1.37537
1.37607
1.37678
1.37748
1.37818
1.37888
1.37958
1.38028
1.38098
1.38168
1.38238
1.38309
1.38379
1.38449
1.38519
1.38589
1.38659
1.38729
1.388
1.3887
1.3894
1.3901
1.3908
1.3915
1.39221
1.39291
1.39361
1.39431
1.39502
1.39572
1.39642
1.39712
1.39782
1.39853
1.39923
1.39993
1.40063
1.40134
1.40204
1.40274
1.40344
1.40415
1.40485
1.40555
1.40626
1.40696
1.40766
1.40836
1.40907
1.40977
1.41047
1.41118
1.41188
1.41258
1.41329
1.41399
1.41469
1.4154
1.4161
1.4168
1.41751
1.41821
1.41891
1.41962
1.42032
1.42102
1.42173
1.42243
1.42313
1.42384
1.42454
1.42525
1.42595
1.42665
1.42736
1.42806
1.42876
1.42947
1.43017
1.43088
1.43158
1.43228
1.43299
1.43369
1.4344
1.4351
1.43581
1.43651
1.43721
1.43792
1.43862
1.43933
1.44003
1.44074
1.44144
1.44214
1.44285
1.44355
1.44426
1.44496
1.44567
1.44637
1.44708
1.44778
1.44848
1.44919
1.44989
1.4506
1.4513
1.45201
1.45271
1.45342
1.45412
1.45483
1.45553
1.45624
1.45694
1.45764
1.45835
1.45905
1.45976
1.46046
1.46117
1.46187
1.46258
1.46328
1.46399
1.46469
1.4654
1.4661
1.46681
1.46751
1.46822
1.46892
1.46963
1.47033
1.47104
1.47174
1.47245
1.47315
1.47386
1.47456
1.47527
1.47597
1.47668
1.47738
1.47809
1.47879
1.4795
1.4802
1.48091
1.48161
1.48232
1.48302
1.48373
1.48443
1.48514
1.48584
1.48655
1.48725
1.48796
1.48866
1.48937
1.49007
1.49078
1.49148
1.49219
1.49289
1.4936
1.4943
1.49501
1.49571
1.49642
1.49712
1.49782
1.49853
1.49923
1.49994
1.50064
1.50135
1.50205
1.50276
1.50346
1.50417
1.50487
1.50558
1.50628
1.50699
1.50769
1.5084
1.5091
1.50981
1.51051
1.51122
1.51192
1.51262
1.51333
1.51403
1.51474
1.51544
1.51615
1.51685
1.51756
1.51826
1.51897
1.51967
1.52037
1.52108
1.52178
1.52249
1.52319
1.5239
1.5246
1.5253
1.52601
1.52671
1.52742
1.52812
1.52883
1.52953
1.53023
1.53094
1.53164
1.53235
1.53305
1.53375
1.53446
1.53516
1.53587
1.53657
1.53727
1.53798
1.53868
1.53939
1.54009
1.54079
1.5415
1.5422
1.5429
1.54361
1.54431
1.54501
1.54572
1.54642
1.54713
1.54783
1.54853
1.54924
1.54994
1.55064
1.55134
1.55205
1.55275
1.55345
1.55416
1.55486
1.55556
1.55627
1.55697
1.55767
1.55838
1.55908
1.55978
1.56048
1.56119
1.56189
1.56259
1.56329
1.564
1.5647
1.5654
1.5661
1.56681
1.56751
1.56821
1.56891
1.56962
1.57032
1.57102
1.57172
1.57242
1.57313
1.57383
1.57453
1.57523
1.57593
1.57664
1.57734
1.57804
1.57874
1.57944
1.58014
1.58084
1.58155
1.58225
1.58295
1.58365
1.58435
1.58505
1.58575
1.58645
1.58716
1.58786
1.58856
1.58926
1.58996
1.59066
1.59136
1.59206
1.59276
1.59346
1.59416
1.59486
1.59556
1.59626
1.59696
1.59766
1.59836
1.59906
1.59976
1.60046
1.60116
1.60186
1.60256
1.60326
1.60396
1.60466
1.60536
1.60606
1.60676
1.60746
1.60816
1.60886
1.60956
1.61026
1.61096
1.61166
1.61235
1.61305
1.61375
1.61445
1.61515
1.61585
1.61655
1.61724
1.61794
1.61864
1.61934
1.62004
1.62074
1.62143
1.62213
1.62283
1.62353
1.62423
1.62492
1.62562
1.62632
1.62702
1.62771
1.62841
1.62911
1.62981
1.6305
1.6312
1.6319
1.63259
1.63329
1.63399
1.63468
1.63538
1.63608
1.63677
1.63747
1.63817
1.63886
1.63956
1.64025
1.64095
1.64165
1.64234
1.64304
1.64373
1.64443
1.64513
1.64582
1.64652
1.64721
1.64791
1.6486
1.6493
1.64999
1.65069
1.65138
1.65208
1.65277
1.65347
1.65416
1.65486
1.65555
1.65624
1.65694
1.65763
1.65833
1.65902
1.65971
1.66041
1.6611
1.66179
1.66249
1.66318
1.66388
1.66457
1.66526
1.66595
1.66665
1.66734
1.66803
1.66873
1.66942
1.67011
1.6708
1.6715
1.67219
1.67288
1.67357
1.67426
1.67496
1.67565
1.67634
1.67703
1.67772
1.67841
1.67911
1.6798
1.68049
1.68118
1.68187
1.68256
1.68325
1.68394
1.68463
1.68532
1.68601
1.6867
1.6874
1.68809
1.68878
1.68947
1.69015
1.69084
1.69153
1.69222
1.69291
1.6936
1.69429
1.69498
1.69567
1.69636
1.69705
1.69774
1.69843
1.69911
1.6998
1.70049
1.70118
1.70187
1.70256
1.70324
1.70393
1.70462
1.70531
1.70599
1.70668
1.70737
1.70806
1.70874
1.70943
1.71012
1.7108
1.71149
1.71218
1.71286
1.71355
1.71424
1.71492
1.71561
1.71629
1.71698
1.71767
1.71835
1.71904
1.71972
1.72041
1.72109
1.72178
1.72246
1.72315
1.72383
1.72452
1.7252
1.72589
1.72657
1.72725
1.72794
1.72862
1.72931
1.72999
1.73067
1.73136
1.73204
1.73272
1.73341
1.73409
1.73477
1.73546
1.73614
1.73682
1.7375
1.73819
1.73887
1.73955
1.74023
1.74091
1.7416
1.74228
1.74296
1.74364
1.74432
1.745
1.74568
1.74636
1.74704
1.74773
1.74841
1.74909
1.74977
1.75045
1.75113
1.75181
1.75249
1.75317
1.75385
1.75453
1.75521
1.75588
1.75656
1.75724
1.75792
1.7586
1.75928
1.75996
1.76064
1.76131
1.76199
1.76267
1.76335
1.76403
1.7647
1.76538
1.76606
1.76674
1.76741
1.76809
1.76877
1.76944
1.77012
1.7708
1.77147
1.77215
1.77282
1.7735
1.77418
1.77485
1.77553
1.7762
1.77688
1.77755
1.77823
1.7789
1.77958
1.78025
1.78093
1.7816
1.78228
1.78295
1.78362
1.7843
1.78497
1.78565
1.78632
1.78699
1.78767
1.78834
1.78901
1.78968
1.79036
1.79103
1.7917
1.79237
1.79305
1.79372
1.79439
1.79506
1.79573
1.7964
1.79708
1.79775
1.79842
1.79909
1.79976
1.80043
1.8011
1.80177
1.80244
1.80311
1.80378
1.80445
1.80512
1.80579
1.80646
1.80713
1.8078
1.80847
1.80914
1.8098
1.81047
1.81114
1.81181
1.81248
1.81315
1.81381
1.81448
1.81515
1.81582
1.81648
1.81715
1.81782
1.81848
1.81915
1.81982
1.82048
1.82115
1.82182
1.82248
1.82315
1.82381
1.82448
1.82514
1.82581
1.82647
1.82714
1.8278
1.82847
1.82913
1.8298
1.83046
1.83113
1.83179
1.83245
1.83312
1.83378
1.83444
1.83511
1.83577
1.83643
1.83709
1.83776
1.83842
1.83908
1.83974
1.84041
1.84107
1.84173
1.84239
1.84305
1.84371
1.84437
1.84504
1.8457
1.84636
1.84702
1.84768
1.84834
1.849
1.84966
1.85032
1.85098
1.85164
1.85229
1.85295
1.85361
1.85427
1.85493
1.85559
1.85625
1.8569
1.85756
1.85822
1.85888
1.85954
1.86019
1.86085
1.86151
1.86216
1.86282
1.86348
1.86413
1.86479
1.86545
1.8661
1.86676
1.86741
1.86807
1.86872
1.86938
1.87003
1.87069
1.87134
1.872
1.87265
1.87331
1.87396
1.87461
1.87527
1.87592
1.87657
1.87723
1.87788
1.87853
1.87919
1.87984
1.88049
1.88114
1.8818
1.88245
1.8831
1.88375
1.8844
1.88505
1.8857
1.88636
1.88701
1.88766
1.88831
1.88896
1.88961
1.89026
1.89091
1.89156
1.89221
1.89286
1.89351
1.89415
1.8948
1.89545
1.8961
1.89675
1.8974
1.89804
1.89869
1.89934
1.89999
1.90063
1.90128
1.90193
1.90258
1.90322
1.90387
1.90452
1.90516
1.90581
1.90645
1.9071
1.90774
1.90839
1.90903
1.90968
1.91032
1.91097
1.91161
1.91226
1.9129
1.91355
1.91419
1.91483
1.91548
1.91612
1.91676
1.91741
1.91805
1.91869
1.91933
1.91998
1.92062
1.92126
1.9219
1.92254
1.92318
1.92383
1.92447
1.92511
1.92575
1.92639
1.92703
1.92767
1.92831
1.92895
1.92959
1.93023
1.93087
1.93151
1.93215
1.93278
1.93342
1.93406
1.9347
1.93534
1.93598
1.93661
1.93725
1.93789
1.93853
1.93916
1.9398
1.94044
1.94107
1.94171
1.94235
1.94298
1.94362
1.94425
1.94489
1.94552
1.94616
1.94679
1.94743
1.94806
1.9487
1.94933
1.94997
1.9506
1.95123
1.95187
1.9525
1.95313
1.95377
1.9544
1.95503
1.95566
1.9563
1.95693
1.95756
1.95819
1.95882
1.95945
1.96009
1.96072
1.96135
1.96198
1.96261
1.96324
1.96387
1.9645
1.96513
1.96576
1.96639
1.96702
1.96765
1.96827
1.9689
1.96953
1.97016
1.97079
1.97142
1.97204
1.97267
1.9733
1.97393
1.97455
1.97518
1.97581
1.97643
1.97706
1.97769
1.97831
1.97894
1.97956
1.98019
1.98081
1.98144
1.98206
1.98269
1.98331
1.98394
1.98456
1.98518
1.98581
1.98643
1.98706
1.98768
1.9883
1.98892
1.98955
1.99017
1.99079
1.99141
1.99204
1.99266
1.99328
1.9939
1.99452
1.99514
1.99576
1.99638
1.997
1.99762
1.99824
1.99886
1.99948
2.0001
2.00072
2.00134
2.00196
2.00258
2.0032
2.00382
2.00443
2.00505
2.00567
2.00629
2.00691
2.00752
2.00814
2.00876
2.00937
2.00999
2.01061
2.01122
2.01184
2.01245
2.01307
2.01369
2.0143
2.01492
2.01553
2.01614
2.01676
2.01737
2.01799
2.0186
2.01922
2.01983
2.02044
2.02106
2.02167
2.02228
2.02289
2.02351
2.02412
2.02473
2.02534
2.02595
2.02656
2.02718
2.02779
2.0284
2.02901
2.02962
2.03023
2.03084
2.03145
2.03206
2.03267
2.03328
2.03389
2.0345
2.0351
2.03571
2.03632
2.03693
2.03754
2.03815
2.03875
2.03936
2.03997
2.04057
2.04118
2.04179
2.04239
2.043
2.04361
2.04421
2.04482
2.04542
2.04603
2.04663
2.04724
2.04784
2.04845
2.04905
2.04966
2.05026
2.05087
2.05147
2.05207
2.05268
2.05328
2.05388
2.05448
2.05509
2.05569
2.05629
2.05689
2.05749
2.0581
2.0587
2.0593
2.0599
2.0605
2.0611
2.0617
2.0623
2.0629
2.0635
2.0641
2.0647
2.0653
2.0659
2.0665
2.0671
2.06769
2.06829
2.06889
2.06949
2.07009
2.07068
2.07128
2.07188
2.07247
2.07307
2.07367
2.07426
2.07486
2.07546
2.07605
2.07665
2.07724
2.07784
2.07843
2.07903
2.07962
2.08022
2.08081
2.0814
2.082
2.08259
2.08318
2.08378
2.08437
2.08496
2.08556
2.08615
2.08674
2.08733
2.08792
2.08852
2.08911
2.0897
2.09029
2.09088
2.09147
2.09206
2.09265
2.09324
2.09383
2.09442
2.09501
2.0956
2.09619
2.09678
2.09737
2.09796
2.09854
2.09913
2.09972
2.10031
2.1009
2.10148
2.10207
2.10266
2.10324
2.10383
2.10442
2.105
2.10559
2.10618
2.10676
2.10735
2.10793
2.10852
2.1091
2.10969
2.11027
2.11085
2.11144
2.11202
2.11261
2.11319
2.11377
2.11436
2.11494
2.11552
2.1161
2.11669
2.11727
2.11785
2.11843
2.11901
2.1196
2.12018
2.12076
2.12134
2.12192
2.1225
2.12308
2.12366
2.12424
2.12482
2.1254
2.12598
2.12656
2.12714
2.12771
2.12829
2.12887
2.12945
2.13003
2.1306
2.13118
2.13176
2.13234
2.13291
2.13349
2.13407
2.13464
2.13522
2.13579
2.13637
2.13695
2.13752
2.1381
2.13867
2.13925
2.13982
2.1404
2.14097
2.14154
2.14212
2.14269
2.14326
2.14384
2.14441
2.14498
2.14556
2.14613
2.1467
2.14727
2.14784
2.14842
2.14899
2.14956
2.15013
2.1507
2.15127
2.15184
2.15241
2.15298
2.15355
2.15412
2.15469
2.15526
2.15583
2.1564
2.15697
2.15754
2.1581
2.15867
2.15924
2.15981
2.16038
2.16094
2.16151
2.16208
2.16265
2.16321
2.16378
2.16434
2.16491
2.16548
2.16604
2.16661
2.16717
2.16774
2.1683
2.16887
2.16943
2.17
2.17056
2.17112
2.17169
2.17225
2.17282
2.17338
2.17394
2.1745
2.17507
2.17563
2.17619
2.17675
2.17732
2.17788
2.17844
2.179
2.17956
2.18012
2.18068
2.18124
2.1818
2.18236
2.18292
2.18348
2.18404
2.1846
2.18516
2.18572
2.18628
2.18684
2.1874
2.18796
2.18851
2.18907
2.18963
2.19019
2.19074
2.1913
2.19186
2.19242
2.19297
2.19353
2.19408
2.19464
2.1952
2.19575
2.19631
2.19686
2.19742
2.19797
2.19853
2.19908
2.19964
2.20019
2.20074
2.2013
2.20185
2.2024
2.20296
2.20351
2.20406
2.20462
2.20517
2.20572
2.20627
2.20683
2.20738
2.20793
2.20848
2.20903
2.20958
2.21013
2.21068
2.21123
2.21178
2.21233
2.21288
2.21343
2.21398
2.21453
2.21508
2.21563
2.21618
2.21673
2.21728
2.21782
2.21837
2.21892
2.21947
2.22002
2.22056
2.22111
2.22166
2.2222
2.22275
2.2233
2.22384
2.22439
2.22493
2.22548
2.22603
2.22657
2.22712
2.22766
2.22821
2.22875
2.2293
2.22984
2.23038
2.23093
2.23147
2.23201
2.23256
2.2331
2.23364
2.23419
2.23473
2.23527
2.23581
2.23636
2.2369
2.23744
2.23798
2.23852
2.23906
2.2396
2.24015
2.24069
2.24123
2.24177
2.24231
2.24285
2.24339
2.24393
2.24447
2.24501
2.24554
2.24608
2.24662
2.24716
2.2477
2.24824
2.24878
2.24931
2.24985
2.25039
2.25093
2.25146
2.252
2.25254
2.25307
2.25361
2.25415
2.25468
2.25522
2.25575
2.25629
2.25682
2.25736
2.2579
2.25843
2.25896
2.2595
2.26003
2.26057
2.2611
2.26164
2.26217
2.2627
2.26324
2.26377
2.2643
2.26484
2.26537
2.2659
2.26643
2.26697
2.2675
2.26803
2.26856
2.26909
2.26962
2.27016
2.27069
2.27122
2.27175
2.27228
2.27281
2.27334
2.27387
2.2744
2.27493
2.27546
2.27599
2.27652
2.27705
2.27758
2.2781
2.27863
2.27916
2.27969
2.28022
2.28075
2.28127
2.2818
2.28233
2.28286
2.28338
2.28391
2.28444
2.28496
2.28549
2.28602
2.28654
2.28707
2.2876
2.28812
2.28865
2.28917
2.2897
2.29022
2.29075
2.29127
2.2918
2.29232
2.29285
2.29337
2.29389
2.29442
2.29494
2.29547
2.29599
2.29651
2.29704
2.29756
2.29808
2.2986
2.29913
2.29965
2.30017
2.30069
2.30122
2.30174
2.30226
2.30278
2.3033
2.30382
2.30435
2.30487
2.30539
2.30591
2.30643
2.30695
2.30747
2.30799
2.30851
2.30903
2.30955
2.31007
2.31059
2.31111
2.31163
2.31215
2.31266
2.31318
2.3137
2.31422
2.31474
2.31526
2.31577
2.31629
2.31681
2.31733
2.31785
2.31836
2.31888
2.3194
2.31991
2.32043
2.32095
2.32146
2.32198
2.3225
2.32301
2.32353
2.32405
2.32456
2.32508
2.32559
2.32611
2.32662
2.32714
2.32765
2.32817
2.32868
2.3292
2.32971
2.33023
2.33074
2.33126
2.33177
2.33228
2.3328
2.33331
2.33382
2.33434
2.33485
2.33536
2.33588
2.33639
2.3369
2.33742
2.33793
2.33844
2.33895
2.33947
2.33998
2.34049
2.341
2.34151
2.34203
2.34254
2.34305
2.34356
2.34407
2.34458
2.3451
2.34561
2.34612
2.34663
2.34714
2.34663
2.34611
2.3456
2.34509
2.34458
2.34407
2.34356
2.34305
2.34254
2.34203
2.34152
2.34101
2.3405
2.33999
2.33948
2.33897
2.33847
2.33796
2.33745
2.33694
2.33644
2.33593
2.33542
2.33492
2.33441
2.3339
2.3334
2.33289
2.33238
2.33188
2.33137
2.33086
2.33036
2.32985
2.32935
2.32884
2.32833
2.32783
2.32732
2.32682
2.32631
2.3258
2.3253
2.32479
2.32429
2.32378
2.32327
2.32277
2.32226
2.32175
2.32125
2.32074
2.32023
2.31973
2.31922
2.31871
2.31821
2.3177
2.31719
2.31668
2.31618
2.31567
2.31516
2.31465
2.31415
2.31364
2.31313
2.31262
2.31211
2.3116
2.31109
2.31058
2.31007
2.30956
2.30905
2.30854
2.30803
2.30752
2.30701
2.3065
2.30599
2.30548
2.30497
2.30445
2.30394
2.30343
2.30292
2.3024
2.30189
2.30138
2.30087
2.30035
2.29984
2.29932
2.29881
2.29829
2.29778
2.29726
2.29675
2.29623
2.29572
2.2952
2.29468
2.29416
2.29365
2.29313
2.29261
2.29209
2.29158
2.29106
2.29054
2.29002
2.2895
2.28898
2.28846
2.28794
2.28742
2.2869
2.28637
2.28585
2.28533
2.28481
2.28429
2.28376
2.28324
2.28272
2.28219
2.28167
2.28114
2.28062
2.28009
2.27957
2.27904
2.27851
2.27799
2.27746
2.27693
2.27641
2.27588
2.27535
2.27482
2.27429
2.27376
2.27323
2.2727
2.27217
2.27164
2.27111
2.27058
2.27005
2.26952
2.26899
2.26845
2.26792
2.26739
2.26685
2.26632
2.26579
2.26525
2.26472
2.26418
2.26365
2.26311
2.26257
2.26204
2.2615
2.26096
2.26042
2.25989
2.25935
2.25881
2.25827
2.25773
2.25719
2.25665
2.25611
2.25557
2.25503
2.25449
2.25394
2.2534
2.25286
2.25232
2.25177
2.25123
2.25069
2.25014
2.2496
2.24905
2.24851
2.24796
2.24741
2.24687
2.24632
2.24577
2.24523
2.24468
2.24413
2.24358
2.24303
2.24248
2.24193
2.24138
2.24083
2.24028
2.23973
2.23918
2.23863
2.23808
2.23752
2.23697
2.23642
2.23587
2.23531
2.23476
2.2342
2.23365
2.23309
2.23254
2.23198
2.23143
2.23087
2.23031
2.22975
2.2292
2.22864
2.22808
2.22752
2.22696
2.2264
2.22584
2.22528
2.22472
2.22416
2.2236
2.22304
2.22248
2.22192
2.22136
2.22079
2.22023
2.21967
2.2191
2.21854
2.21797
2.21741
2.21684
2.21628
2.21571
2.21515
2.21458
2.21401
2.21345
2.21288
2.21231
2.21174
2.21118
2.21061
2.21004
2.20947
2.2089
2.20833
2.20776
2.20719
2.20662
2.20605
2.20547
2.2049
2.20433
2.20376
2.20318
2.20261
2.20204
2.20146
2.20089
2.20031
2.19974
2.19916
2.19859
2.19801
2.19744
2.19686
2.19628
2.19571
2.19513
2.19455
2.19397
2.19339
2.19282
2.19224
2.19166
2.19108
2.1905
2.18992
2.18934
2.18875
2.18817
2.18759
2.18701
2.18643
2.18584
2.18526
2.18468
2.1841
2.18351
2.18293
2.18234
2.18176
2.18117
2.18059
2.18
2.17942
2.17883
2.17824
2.17766
2.17707
2.17648
2.17589
2.17531
2.17472
2.17413
2.17354
2.17295
2.17236
2.17177
2.17118
2.17059
2.17
2.16941
2.16882
2.16822
2.16763
2.16704
2.16645
2.16585
2.16526
2.16467
2.16407
2.16348
2.16288
2.16229
2.16169
2.1611
2.1605
2.15991
2.15931
2.15871
2.15812
2.15752
2.15692
2.15633
2.15573
2.15513
2.15453
2.15393
2.15333
2.15273
2.15213
2.15153
2.15093
2.15033
2.14973
2.14913
2.14853
2.14793
2.14733
2.14672
2.14612
2.14552
2.14491
2.14431
2.14371
2.1431
2.1425
2.14189
2.14129
2.14068
2.14008
2.13947
2.13887
2.13826
2.13765
2.13705
2.13644
2.13583
2.13523
2.13462
2.13401
2.1334
2.13279
2.13218
2.13157
2.13096
2.13035
2.12974
2.12913
2.12852
2.12791
2.1273
2.12669
2.12608
2.12547
2.12485
2.12424
2.12363
2.12302
2.1224
2.12179
2.12117
2.12056
2.11995
2.11933
2.11872
2.1181
2.11749
2.11687
2.11625
2.11564
2.11502
2.11441
2.11379
2.11317
2.11255
2.11194
2.11132
2.1107
2.11008
2.10946
2.10884
2.10822
2.1076
2.10698
2.10636
2.10574
2.10512
2.1045
2.10388
2.10326
2.10264
2.10202
2.10139
2.10077
2.10015
2.09953
2.0989
2.09828
2.09766
2.09703
2.09641
2.09578
2.09516
2.09453
2.09391
2.09328
2.09266
2.09203
2.0914
2.09078
2.09015
2.08953
2.0889
2.08827
2.08764
2.08702
2.08639
2.08576
2.08513
2.0845
2.08387
2.08324
2.08261
2.08198
2.08135
2.08072
2.08009
2.07946
2.07883
2.0782
2.07757
2.07694
2.0763
2.07567
2.07504
2.07441
2.07377
2.07314
2.07251
2.07187
2.07124
2.07061
2.06997
2.06934
2.0687
2.06807
2.06743
2.0668
2.06616
2.06553
2.06489
2.06425
2.06362
2.06298
2.06234
2.06171
2.06107
2.06043
2.05979
2.05915
2.05852
2.05788
2.05724
2.0566
2.05596
2.05532
2.05468
2.05404
2.0534
2.05276
2.05212
2.05148
2.05084
2.0502
2.04955
2.04891
2.04827
2.04763
2.04699
2.04634
2.0457
2.04506
2.04441
2.04377
2.04313
2.04248
2.04184
2.04119
2.04055
2.0399
2.03926
2.03861
2.03797
2.03732
2.03668
2.03603
2.03538
2.03474
2.03409
2.03344
2.0328
2.03215
2.0315
2.03085
2.03021
2.02956
2.02891
2.02826
2.02761
2.02696
2.02631
2.02567
2.02502
2.02437
2.02372
2.02307
2.02242
2.02176
2.02111
2.02046
2.01981
2.01916
2.01851
2.01786
2.0172
2.01655
2.0159
2.01525
2.01459
2.01394
2.01329
2.01263
2.01198
2.01133
2.01067
2.01002
2.00936
2.00871
2.00805
2.0074
2.00674
2.00609
2.00543
2.00478
2.00412
2.00346
2.00281
2.00215
2.00149
2.00084
2.00018
1.99952
1.99887
1.99821
1.99755
1.99689
1.99623
1.99557
1.99492
1.99426
1.9936
1.99294
1.99228
1.99162
1.99096
1.9903
1.98964
1.98898
1.98832
1.98766
1.987
1.98634
1.98567
1.98501
1.98435
1.98369
1.98303
1.98237
1.9817
1.98104
1.98038
1.97971
1.97905
1.97839
1.97773
1.97706
1.9764
1.97573
1.97507
1.97441
1.97374
1.97308
1.97241
1.97175
1.97108
1.97042
1.96975
1.96908
1.96842
1.96775
1.96709
1.96642
1.96575
1.96509
1.96442
1.96375
1.96308
1.96242
1.96175
1.96108
1.96041
1.95975
1.95908
1.95841
1.95774
1.95707
1.9564
1.95573
1.95506
1.95439
1.95372
1.95305
1.95239
1.95171
1.95104
1.95037
1.9497
1.94903
1.94836
1.94769
1.94702
1.94635
1.94568
1.945
1.94433
1.94366
1.94299
1.94232
1.94164
1.94097
1.9403
1.93963
1.93895
1.93828
1.93761
1.93693
1.93626
1.93558
1.93491
1.93424
1.93356
1.93289
1.93221
1.93154
1.93086
1.93019
1.92951
1.92884
1.92816
1.92748
1.92681
1.92613
1.92546
1.92478
1.9241
1.92343
1.92275
1.92207
1.9214
1.92072
1.92004
1.91936
1.91869
1.91801
1.91733
1.91665
1.91597
1.9153
1.91462
1.91394
1.91326
1.91258
1.9119
1.91122
1.91054
1.90986
1.90918
1.9085
1.90782
1.90714
1.90646
1.90578
1.9051
1.90442
1.90374
1.90306
1.90238
1.9017
1.90102
1.90034
1.89965
1.89897
1.89829
1.89761
1.89693
1.89624
1.89556
1.89488
1.8942
1.89351
1.89283
1.89215
1.89147
1.89078
1.8901
1.88942
1.88873
1.88805
1.88736
1.88668
1.886
1.88531
1.88463
1.88394
1.88326
1.88257
1.88189
1.8812
1.88052
1.87983
1.87915
1.87846
1.87778
1.87709
1.8764
1.87572
1.87503
1.87435
1.87366
1.87297
1.87229
1.8716
1.87091
1.87023
1.86954
1.86885
1.86816
1.86748
1.86679
1.8661
1.86541
1.86473
1.86404
1.86335
1.86266
1.86197
1.86129
1.8606
1.85991
1.85922
1.85853
1.85784
1.85715
1.85646
1.85577
1.85508
1.85439
1.85371
1.85302
1.85233
1.85164
1.85095
1.85026
1.84957
1.84887
1.84818
1.84749
1.8468
1.84611
1.84542
1.84473
1.84404
1.84335
1.84266
1.84197
1.84127
1.84058
1.83989
1.8392
1.83851
1.83781
1.83712
1.83643
1.83574
1.83505
1.83435
1.83366
1.83297
1.83227
1.83158
1.83089
1.8302
1.8295
1.82881
1.82812
1.82742
1.82673
1.82604
1.82534
1.82465
1.82395
1.82326
1.82257
1.82187
1.82118
1.82048
1.81979
1.81909
1.8184
1.8177
1.81701
1.81631
1.81562
1.81492
1.81423
1.81353
1.81284
1.81214
1.81145
1.81075
1.81006
1.80936
1.80867
1.80797
1.80727
1.80658
1.80588
1.80518
1.80449
1.80379
1.8031
1.8024
1.8017
1.80101
1.80031
1.79961
1.79891
1.79822
1.79752
1.79682
1.79613
1.79543
1.79473
1.79403
1.79334
1.79264
1.79194
1.79124
1.79055
1.78985
1.78915
1.78845
1.78775
1.78706
1.78636
1.78566
1.78496
1.78426
1.78356
1.78286
1.78217
1.78147
1.78077
1.78007
1.77937
1.77867
1.77797
1.77727
1.77657
1.77587
1.77518
1.77448
1.77378
1.77308
1.77238
1.77168
1.77098
1.77028
1.76958
1.76888
1.76818
1.76748
1.76678
1.76608
1.76538
1.76468
1.76398
1.76328
1.76258
1.76188
1.76118
1.76048
1.75977
1.75907
1.75837
1.75767
1.75697
1.75627
1.75557
1.75487
1.75417
1.75347
1.75277
1.75206
1.75136
1.75066
1.74996
1.74926
1.74856
1.74786
1.74715
1.74645
1.74575
1.74505
1.74435
1.74365
1.74294
1.74224
1.74154
1.74084
1.74014
1.73943
1.73873
1.73803
1.73733
1.73662
1.73592
1.73522
1.73452
1.73381
1.73311
1.73241
1.73171
1.731
1.7303
1.7296
1.7289
1.72819
1.72749
1.72679
1.72609
1.72538
1.72468
1.72398
1.72327
1.72257
1.72187
1.72116
1.72046
1.71976
1.71905
1.71835
1.71765
1.71694
1.71624
1.71554
1.71483
1.71413
1.71343
1.71272
1.71202
1.71132
1.71061
1.70991
1.70921
1.7085
1.7078
1.7071
1.70639
1.70569
1.70498
1.70428
1.70358
1.70287
1.70217
1.70146
1.70076
1.70006
1.69935
1.69865
1.69794
1.69724
1.69654
1.69583
1.69513
1.69442
1.69372
1.69302
1.69231
1.69161
1.6909
1.6902
1.68949
1.68879
1.68809
1.68738
1.68668
1.68597
1.68527
1.68456
1.68386
1.68315
1.68245
1.68175
1.68104
1.68034
1.67963
1.67893
1.67822
1.67752
1.67681
1.67611
1.67541
1.6747
1.674
1.67329
1.67259
1.67188
1.67118
1.67047
1.66977
1.66906
1.66836
1.66765
1.66695
1.66625
1.66554
1.66484
1.66413
1.66343
1.66272
1.66202
1.66131
1.66061
1.6599
1.6592
1.65849
1.65779
1.65708
1.65638
1.65568
1.65497
1.65427
1.65356
1.65286
1.65215
1.65145
1.65074
1.65004
1.64933
1.64863
1.64792
1.64722
1.64651
1.64581
1.6451
1.6444
1.6437
1.64299
1.64229
1.64158
1.64088
1.64017
1.63947
1.63876
1.63806
1.63735
1.63665
1.63595
1.63524
1.63454
1.63383
1.63313
1.63242
1.63172
1.63101
1.63031
1.6296
1.6289
1.6282
1.62749
1.62679
1.62608
1.62538
1.62467
1.62397
1.62327
1.62256
1.62186
1.62115
1.62045
1.61974
1.61904
1.61834
1.61763
1.61693
1.61622
1.61552
1.61482
1.61411
1.61341
1.6127
1.612
1.6113
1.61059
1.60989
1.60918
1.60848
1.60778
1.60707
1.60637
1.60566
1.60496
1.60426
1.60355
1.60285
1.60215
1.60144
1.60074
1.60004
1.59933
1.59863
1.59793
1.59722
1.59652
1.59582
1.59511
1.59441
1.59371
1.593
1.5923
1.5916
1.59089
1.59019
1.58949
1.58878
1.58808
1.58738
1.58667
1.58597
1.58527
1.58457
1.58386
1.58316
1.58246
1.58175
1.58105
1.58035
1.57965
1.57894
1.57824
1.57754
1.57684
1.57613
1.57543
1.57473
1.57403
1.57333
1.57262
1.57192
1.57122
1.57052
1.56982
1.56911
1.56841
1.56771
1.56701
1.56631
1.5656
1.5649
1.5642
1.5635
1.5628
1.5621
1.5614
1.56069
1.55999
1.55929
1.55859
1.55789
1.55719
1.55649
1.55579
1.55508
1.55438
1.55368
1.55298
1.55228
1.55158
1.55088
1.55018
1.54948
1.54878
1.54808
1.54738
1.54668
1.54598
1.54528
1.54458
1.54388
1.54318
1.54248
1.54178
1.54108
1.54038
1.53968
1.53898
1.53828
1.53758
1.53688
1.53618
1.53548
1.53478
1.53408
1.53338
1.53268
1.53198
1.53128
1.53058
1.52988
1.52919
1.52849
1.52779
1.52709
1.52639
1.52569
1.52499
1.52429
1.5236
1.5229
1.5222
1.5215
1.5208
1.5201
1.51941
1.51871
1.51801
1.51731
1.51662
1.51592
1.51522
1.51452
1.51383
1.51313
1.51243
1.51173
1.51104
1.51034
1.50964
1.50894
1.50825
1.50755
1.50685
1.50616
1.50546
1.50476
1.50407
1.50337
1.50268
1.50198
1.50128
1.50059
1.49989
1.49919
1.4985
1.4978
1.49711
1.49641
1.49572
1.49502
1.49433
1.49363
1.49293
1.49224
1.49154
1.49085
1.49015
1.48946
1.48876
1.48807
1.48738
1.48668
1.48599
1.48529
1.4846
1.4839
1.48321
1.48252
1.48182
1.48113
1.48043
1.47974
1.47905
1.47835
1.47766
1.47697
1.47627
1.47558
1.47489
1.47419
1.4735
1.47281
1.47211
1.47142
1.47073
1.47004
1.46934
1.46865
1.46796
1.46727
1.46658
1.46588
1.46519
1.4645
1.46381
1.46312
1.46243
1.46173
1.46104
1.46035
1.45966
1.45897
1.45828
1.45759
1.4569
1.45621
1.45552
1.45483
1.45413
1.45344
1.45275
1.45206
1.45137
1.45068
1.44999
1.4493
1.44861
1.44793
1.44724
1.44655
1.44586
1.44517
1.44448
1.44379
1.4431
1.44241
1.44172
1.44104
1.44035
1.43966
1.43897
1.43828
1.43759
1.43691
1.43622
1.43553
1.43484
1.43416
1.43347
1.43278
1.43209
1.43141
1.43072
1.43003
1.42935
1.42866
1.42797
1.42729
1.4266
1.42591
1.42523
1.42454
1.42386
1.42317
1.42248
1.4218
1.42111
1.42043
1.41974
1.41906
1.41837
1.41769
1.417
1.41632
1.41563
1.41495
1.41426
1.41358
1.4129
1.41221
1.41153
1.41084
1.41016
1.40948
1.40879
1.40811
1.40743
1.40674
1.40606
1.40538
1.40469
1.40401
1.40333
1.40265
1.40196
1.40128
1.4006
1.39992
1.39923
1.39855
1.39787
1.39719
1.39651
1.39583
1.39515
1.39446
1.39378
1.3931
1.39242
1.39174
1.39106
1.39038
1.3897
1.38902
1.38834
1.38766
1.38698
1.3863
1.38562
1.38494
1.38426
1.38358
1.3829
1.38223
1.38155
1.38087
1.38019
1.37951
1.37883
1.37815
1.37748
1.3768
1.37612
1.37544
1.37477
1.37409
1.37341
1.37273
1.37206
1.37138
1.3707
1.37003
1.36935
1.36867
1.368
1.36732
1.36664
1.36597
1.36529
1.36462
1.36394
1.36327
1.36259
1.36192
1.36124
1.36057
1.35989
1.35922
1.35854
1.35787
1.35719
1.35652
1.35585
1.35517
1.3545
1.35382
1.35315
1.35248
1.3518
1.35113
1.35046
1.34979
1.34911
1.34844
1.34777
1.3471
1.34642
1.34575
1.34508
1.34441
1.34374
1.34307
1.34239
1.34172
1.34105
1.34038
1.33971
1.33904
1.33837
1.3377
1.33703
1.33636
1.33569
1.33502
1.33435
1.33368
1.33301
1.33234
1.33167
1.331
1.33033
1.32967
1.329
1.32833
1.32766
1.32699
1.32632
1.32566
1.32499
1.32432
1.32365
1.32299
1.32232
1.32165
1.32099
1.32032
1.31965
1.31899
1.31832
1.31765
1.31699
1.31632
1.31566
1.31499
1.31433
1.31366
1.313
1.31233
1.31167
1.311
1.31034
1.30967
1.30901
1.30834
1.30768
1.30702
1.30635
1.30569
1.30503
1.30436
1.3037
1.30304
1.30237
1.30171
1.30105
1.30039
1.29972
1.29906
1.2984
1.29774
1.29708
1.29642
1.29575
1.29509
1.29443
1.29377
1.29311
1.29245
1.29179
1.29113
1.29047
1.28981
1.28915
1.28849
1.28783
1.28717
1.28651
1.28585
1.2852
1.28454
1.28388
1.28322
1.28256
1.2819
1.28125
1.28059
1.27993
1.27927
1.27862
1.27796
1.2773
1.27665
1.27599
1.27533
1.27468
1.27402
1.27336
1.27271
1.27205
1.2714
1.27074
1.27009
1.26943
1.26878
1.26812
1.26747
1.26681
1.26616
1.2655
1.26485
1.2642
1.26354
1.26289
1.26224
1.26158
1.26093
1.26028
1.25962
1.25897
1.25832
1.25767
1.25701
1.25636
1.25571
1.25506
1.25441
1.25376
1.25311
1.25246
1.2518
1.25115
1.2505
1.24985
1.2492
1.24855
1.2479
1.24725
1.2466
1.24596
1.24531
1.24466
1.24401
1.24336
1.24271
1.24206
1.24141
1.24077
1.24012
1.23947
1.23882
1.23818
1.23753
1.23688
1.23624
1.23559
1.23494
1.2343
1.23365
1.233
1.23236
1.23171
1.23107
1.23042
1.22978
1.22913
1.22849
1.22784
1.2272
1.22655
1.22591
1.22527
1.22462
1.22398
1.22334
1.22269
1.22205
1.22141
1.22076
1.22012
1.21948
1.21884
1.21819
1.21755
1.21691
1.21627
1.21563
1.21499
1.21434
1.2137
1.21306
1.21242
1.21178
1.21114
1.2105
1.20986
1.20922
1.20858
1.20794
1.2073
1.20667
1.20603
1.20539
1.20475
1.20411
1.20347
1.20283
1.2022
1.20156
1.20092
1.20028
1.19965
1.19901
1.19837
1.19774
1.1971
1.19646
1.19583
1.19519
1.19456
1.19392
1.19329
1.19265
1.19202
1.19138
1.19075
1.19011
1.18948
1.18884
1.18821
1.18758
1.18694
1.18631
1.18568
1.18504
1.18441
1.18378
1.18314
1.18251
1.18188
1.18125
1.18062
1.17998
1.17935
1.17872
1.17809
1.17746
1.17683
1.1762
1.17557
1.17494
1.17431
1.17368
1.17305
1.17242
1.17179
1.17116
1.17053
1.1699
1.16927
1.16865
1.16802
1.16739
1.16676
1.16613
1.16551
1.16488
1.16425
1.16362
1.163
1.16237
1.16174
1.16112
1.16049
1.15987
1.15924
1.15862
1.15799
1.15736
1.15674
1.15611
1.15549
1.15487
1.15424
1.15362
1.15299
1.15237
1.15175
1.15112
1.1505
1.14988
1.14925
1.14863
1.14801
1.14739
1.14676
1.14614
1.14552
1.1449
1.14428
1.14366
1.14304
1.14242
1.14179
1.14117
1.14055
1.13993
1.13931
1.13869
1.13807
1.13746
1.13684
1.13622
1.1356
1.13498
1.13436
1.13374
1.13313
1.13251
1.13189
1.13127
1.13065
1.13004
1.12942
1.1288
1.12819
1.12757
1.12695
1.12634
1.12572
1.12511
1.12449
1.12388
1.12326
1.12265
1.12203
1.12142
1.1208
1.12019
1.11958
1.11896
1.11835
1.11773
1.11712
1.11651
1.1159
1.11528
1.11467
1.11406
1.11345
1.11283
1.11222
1.11161
1.111
1.11039
1.10978
1.10917
1.10856
1.10795
1.10734
1.10673
1.10612
1.10551
1.1049
1.10429
1.10368
1.10307
1.10246
1.10185
1.10124
1.10064
1.10003
1.09942
1.09881
1.0982
1.0976
1.09699
1.09638
1.09578
1.09517
1.09456
1.09396
1.09335
1.09275
1.09214
1.09154
1.09093
1.09033
1.08972
1.08912
1.08851
1.08791
1.0873
1.0867
1.0861
1.08549
1.08489
1.08429
1.08368
1.08308
1.08248
1.08188
1.08127
1.08067
1.08007
1.07947
1.07887
1.07827
1.07767
1.07707
1.07646
1.07586
1.07526
1.07466
1.07406
1.07346
1.07287
1.07227
1.07167
1.07107
1.07047
1.06987
1.06927
1.06867
1.06808
1.06748
1.06688
1.06628
1.06569
1.06509
1.06449
1.0639
1.0633
1.0627
1.06211
1.06151
1.06092
1.06032
1.05973
1.05913
1.05854
1.05794
1.05735
1.05675
1.05616
1.05556
1.05497
1.05438
1.05378
1.05319
1.0526
1.052
1.05141
1.05082
1.05023
1.04964
1.04904
1.04845
1.04786
1.04727
1.04668
1.04609
1.0455
1.04491
1.04432
1.04373
1.04314
1.04255
1.04196
1.04137
1.04078
1.04019
1.0396
1.03901
1.03842
1.03784
1.03725
1.03666
1.03607
1.03548
1.0349
1.03431
1.03372
1.03314
1.03255
1.03196
1.03138
1.03079
1.03021
1.02962
1.02904
1.02845
1.02787
1.02728
1.0267
1.02611
1.02553
1.02494
1.02436
1.02378
1.02319
1.02261
1.02203
1.02144
1.02086
1.02028
1.0197
1.01911
1.01853
1.01795
1.01737
1.01679
1.01621
1.01563
1.01504
1.01446
1.01388
1.0133
1.01272
1.01214
1.01156
1.01098
1.01041
1.00983
1.00925
1.00867
1.00809
1.00751
1.00693
1.00636
1.00578
1.0052
1.00462
1.00405
1.00347
1.00289
1.00232
1.00174
1.00116
1.00059
1.00001
0.999436
0.99886
0.998285
0.99771
0.997135
0.99656
0.995986
0.995411
0.994837
0.994263
0.99369
0.993116
0.992543
0.991969
0.991396
0.990824
0.990251
0.989679
0.989106
0.988534
0.987962
0.987391
0.986819
0.986248
0.985677
0.985106
0.984535
0.983965
0.983394
0.982824
0.982254
0.981684
0.981115
0.980545
0.979976
0.979407
0.978838
0.978269
0.977701
0.977133
0.976565
0.975997
0.975429
0.974861
0.974294
0.973727
0.97316
0.972593
0.972026
0.97146
0.970894
0.970328
0.969762
0.969196
0.968631
0.968065
0.9675
0.966935
0.96637
0.965806
0.965241
0.964677
0.964113
0.963549
0.962986
0.962422
0.961859
0.961296
0.960733
0.96017
0.959608
0.959045
0.958483
0.957921
0.957359
0.956798
0.956236
0.955675
0.955114
0.954553
0.953992
0.953432
0.952871
0.952311
0.951751
0.951192
0.950632
0.950072
0.949513
0.948954
0.948395
0.947837
0.947278
0.94672
0.946162
0.945604
0.945046
0.944488
0.943931
0.943374
0.942816
0.94226
0.941703
0.941146
0.94059
0.940034
0.939478
0.938922
0.938366
0.937811
0.937256
0.936701
0.936146
0.935591
0.935036
0.934482
0.933928
0.933374
0.93282
0.932266
0.931713
0.93116
0.930607
0.930054
0.929501
0.928948
0.928396
0.927844
0.927292
0.92674
0.926188
0.925636
0.925085
0.924534
0.923983
0.923432
0.922881
0.922331
0.921781
0.921231
0.920681
0.920131
0.919581
0.919032
0.918483
0.917934
0.917385
0.916836
0.916287
0.915739
0.915191
0.914643
0.914095
0.913547
0.913
0.912452
0.911905
0.911358
0.910811
0.910265
0.909718
0.909172
0.908626
0.90808
0.907534
0.906988
0.906443
0.905898
0.905353
0.904808
0.904263
0.903718
0.903174
0.90263
0.902085
0.901541
0.900998
0.900454
0.899911
0.899367
0.898824
0.898281
0.897739
0.897196
0.896654
0.896111
0.895569
0.895027
0.894486
0.893944
0.893402
0.892861
0.89232
0.891779
0.891238
0.890698
0.890157
0.889617
0.889077
0.888537
0.887997
0.887457
0.886918
0.886379
0.88584
0.885301
0.884762
0.884223
0.883684
0.883146
0.882608
0.88207
0.881532
0.880994
0.880457
0.879919
0.879382
0.878845
0.878308
0.877771
0.877235
0.876698
0.876162
0.875626
0.87509
0.874554
0.874018
0.873483
0.872947
0.872412
0.871877
0.871342
0.870807
0.870273
0.869738
0.869204
0.86867
0.868136
0.867602
0.867068
0.866535
0.866001
0.865468
0.864935
0.864402
0.863869
0.863337
0.862804
0.862272
0.86174
0.861208
0.860676
0.860144
0.859612
0.859081
0.85855
0.858018
0.857487
0.856956
0.856426
0.855895
0.855365
0.854834
0.854304
0.853774
0.853244
0.852714
0.852185
0.851655
0.851126
0.850597
0.850068
0.849539
0.84901
0.848481
0.847953
0.847424
0.846896
0.846368
0.84584
0.845312
0.844785
0.844257
0.84373
0.843202
0.842675
0.842148
0.841621
0.841094
0.840568
0.840041
0.839515
0.838989
0.838462
0.837936
0.837411
0.836885
0.836359
0.835834
0.835308
0.834783
0.834258
0.833733
0.833208
0.832683
0.832159
0.831634
0.83111
0.830586
0.830061
0.829537
0.829014
0.82849
0.827966
0.827443
0.826919
0.826396
0.825873
0.82535
0.824827
0.824304
0.823781
0.823258
0.822736
0.822213
0.821691
0.821169
0.820647
0.820125
0.819603
0.819081
0.81856
0.818038
0.817517
0.816995
0.816474
0.815953
0.815432
0.814911
0.815432
0.815953
0.816473
0.816993
0.817512
0.818031
0.81855
0.819069
0.819587
0.820105
0.820623
0.821141
0.821658
0.822175
0.822692
0.823209
0.823726
0.824242
0.824758
0.825274
0.82579
0.826306
0.826822
0.827337
0.827853
0.828368
0.828883
0.829399
0.829914
0.830429
0.830944
0.831459
0.831974
0.832489
0.833004
0.833519
0.834034
0.834549
0.835064
0.835579
0.836093
0.836609
0.837124
0.837639
0.838154
0.838669
0.839184
0.8397
0.840215
0.840731
0.841246
0.841762
0.842278
0.842794
0.84331
0.843826
0.844342
0.844858
0.845375
0.845892
0.846408
0.846925
0.847442
0.84796
0.848477
0.848995
0.849513
0.85003
0.850549
0.851067
0.851585
0.852104
0.852623
0.853142
0.853661
0.854181
0.8547
0.85522
0.85574
0.856261
0.856781
0.857302
0.857823
0.858344
0.858866
0.859387
0.859909
0.860431
0.860954
0.861476
0.861999
0.862523
0.863046
0.86357
0.864094
0.864618
0.865142
0.865667
0.866192
0.866717
0.867243
0.867769
0.868295
0.868821
0.869348
0.869875
0.870402
0.87093
0.871458
0.871986
0.872514
0.873043
0.873572
0.874102
0.874631
0.875161
0.875691
0.876222
0.876753
0.877284
0.877815
0.878347
0.878879
0.879412
0.879944
0.880477
0.881011
0.881544
0.882078
0.882613
0.883147
0.883682
0.884218
0.884753
0.885289
0.885826
0.886362
0.886899
0.887436
0.887974
0.888512
0.88905
0.889589
0.890127
0.890667
0.891206
0.891746
0.892286
0.892827
0.893368
0.893909
0.894451
0.894993
0.895535
0.896078
0.89662
0.897164
0.897707
0.898251
0.898796
0.89934
0.899885
0.900431
0.900976
0.901522
0.902069
0.902615
0.903162
0.90371
0.904257
0.904805
0.905354
0.905903
0.906452
0.907001
0.907551
0.908101
0.908652
0.909202
0.909754
0.910305
0.910857
0.911409
0.911962
0.912515
0.913068
0.913621
0.914175
0.91473
0.915284
0.915839
0.916394
0.91695
0.917506
0.918062
0.918619
0.919176
0.919734
0.920291
0.920849
0.921408
0.921966
0.922526
0.923085
0.923645
0.924205
0.924765
0.925326
0.925887
0.926449
0.927011
0.927573
0.928135
0.928698
0.929261
0.929825
0.930389
0.930953
0.931517
0.932082
0.932648
0.933213
0.933779
0.934345
0.934912
0.935479
0.936046
0.936614
0.937181
0.93775
0.938318
0.938887
0.939457
0.940026
0.940596
0.941166
0.941737
0.942308
0.942879
0.943451
0.944023
0.944595
0.945168
0.945741
0.946314
0.946887
0.947461
0.948036
0.94861
0.949185
0.94976
0.950336
0.950912
0.951488
0.952065
0.952642
0.953219
0.953796
0.954374
0.954952
0.955531
0.95611
0.956689
0.957268
0.957848
0.958428
0.959009
0.959589
0.96017
0.960752
0.961334
0.961916
0.962498
0.963081
0.963664
0.964247
0.964831
0.965415
0.965999
0.966583
0.967168
0.967754
0.968339
0.968925
0.969511
0.970098
0.970684
0.971272
0.971859
0.972447
0.973035
0.973623
0.974212
0.974801
0.97539
0.97598
0.976569
0.97716
0.97775
0.978341
0.978932
0.979523
0.980115
0.980707
0.9813
0.981892
0.982485
0.983078
0.983672
0.984266
0.98486
0.985454
0.986049
0.986644
0.98724
0.987835
0.988431
0.989028
0.989624
0.990221
0.990818
0.991416
0.992013
0.992611
0.99321
0.993808
0.994407
0.995006
0.995606
0.996206
0.996806
0.997406
0.998007
0.998608
0.999209
0.999811
1.00041
1.00101
1.00162
1.00222
1.00282
1.00343
1.00403
1.00463
1.00524
1.00584
1.00645
1.00705
1.00766
1.00826
1.00887
1.00947
1.01008
1.01069
1.01129
1.0119
1.01251
1.01312
1.01373
1.01433
1.01494
1.01555
1.01616
1.01677
1.01738
1.01799
1.0186
1.01921
1.01982
1.02043
1.02104
1.02166
1.02227
1.02288
1.02349
1.02411
1.02472
1.02533
1.02595
1.02656
1.02717
1.02779
1.0284
1.02902
1.02963
1.03025
1.03086
1.03148
1.0321
1.03271
1.03333
1.03395
1.03456
1.03518
1.0358
1.03642
1.03704
1.03765
1.03827
1.03889
1.03951
1.04013
1.04075
1.04137
1.04199
1.04261
1.04323
1.04386
1.04448
1.0451
1.04572
1.04634
1.04697
1.04759
1.04821
1.04884
1.04946
1.05008
1.05071
1.05133
1.05196
1.05258
1.05321
1.05383
1.05446
1.05508
1.05571
1.05633
1.05696
1.05759
1.05821
1.05884
1.05947
1.0601
1.06073
1.06135
1.06198
1.06261
1.06324
1.06387
1.0645
1.06513
1.06576
1.06639
1.06702
1.06765
1.06828
1.06891
1.06954
1.07018
1.07081
1.07144
1.07207
1.07271
1.07334
1.07397
1.0746
1.07524
1.07587
1.07651
1.07714
1.07777
1.07841
1.07904
1.07968
1.08032
1.08095
1.08159
1.08222
1.08286
1.0835
1.08413
1.08477
1.08541
1.08605
1.08668
1.08732
1.08796
1.0886
1.08924
1.08988
1.09051
1.09115
1.09179
1.09243
1.09307
1.09371
1.09435
1.095
1.09564
1.09628
1.09692
1.09756
1.0982
1.09884
1.09949
1.10013
1.10077
1.10141
1.10206
1.1027
1.10335
1.10399
1.10463
1.10528
1.10592
1.10657
1.10721
1.10786
1.1085
1.10915
1.10979
1.11044
1.11109
1.11173
1.11238
1.11303
1.11367
1.11432
1.11497
1.11561
1.11626
1.11691
1.11756
1.11821
1.11886
1.11951
1.12015
1.1208
1.12145
1.1221
1.12275
1.1234
1.12405
1.1247
1.12536
1.12601
1.12666
1.12731
1.12796
1.12861
1.12926
1.12992
1.13057
1.13122
1.13187
1.13253
1.13318
1.13383
1.13449
1.13514
1.1358
1.13645
1.1371
1.13776
1.13841
1.13907
1.13972
1.14038
1.14104
1.14169
1.14235
1.143
1.14366
1.14432
1.14497
1.14563
1.14629
1.14694
1.1476
1.14826
1.14892
1.14958
1.15023
1.15089
1.15155
1.15221
1.15287
1.15353
1.15419
1.15485
1.15551
1.15617
1.15683
1.15749
1.15815
1.15881
1.15947
1.16013
1.16079
1.16145
1.16212
1.16278
1.16344
1.1641
1.16476
1.16543
1.16609
1.16675
1.16742
1.16808
1.16874
1.16941
1.17007
1.17073
1.1714
1.17206
1.17273
1.17339
1.17406
1.17472
1.17539
1.17605
1.17672
1.17738
1.17805
1.17872
1.17938
1.18005
1.18072
1.18138
1.18205
1.18272
1.18338
1.18405
1.18472
1.18539
1.18606
1.18672
1.18739
1.18806
1.18873
1.1894
1.19007
1.19074
1.19141
1.19207
1.19274
1.19341
1.19408
1.19475
1.19542
1.1961
1.19677
1.19744
1.19811
1.19878
1.19945
1.20012
1.20079
1.20146
1.20214
1.20281
1.20348
1.20415
1.20483
1.2055
1.20617
1.20684
1.20752
1.20819
1.20887
1.20954
1.21021
1.21089
1.21156
1.21223
1.21291
1.21358
1.21426
1.21493
1.21561
1.21628
1.21696
1.21763
1.21831
1.21899
1.21966
1.22034
1.22101
1.22169
1.22237
1.22304
1.22372
1.2244
1.22508
1.22575
1.22643
1.22711
1.22778
1.22846
1.22914
1.22982
1.2305
1.23118
1.23185
1.23253
1.23321
1.23389
1.23457
1.23525
1.23593
1.23661
1.23729
1.23797
1.23865
1.23933
1.24001
1.24069
1.24137
1.24205
1.24273
1.24341
1.24409
1.24477
1.24545
1.24614
1.24682
1.2475
1.24818
1.24886
1.24955
1.25023
1.25091
1.25159
1.25228
1.25296
1.25364
1.25432
1.25501
1.25569
1.25637
1.25706
1.25774
1.25843
1.25911
1.25979
1.26048
1.26116
1.26185
1.26253
1.26322
1.2639
1.26459
1.26527
1.26596
1.26664
1.26733
1.26801
1.2687
1.26938
1.27007
1.27076
1.27144
1.27213
1.27281
1.2735
1.27419
1.27487
1.27556
1.27625
1.27693
1.27762
1.27831
1.279
1.27968
1.28037
1.28106
1.28175
1.28244
1.28312
1.28381
1.2845
1.28519
1.28588
1.28657
1.28726
1.28794
1.28863
1.28932
1.29001
1.2907
1.29139
1.29208
1.29277
1.29346
1.29415
1.29484
1.29553
1.29622
1.29691
1.2976
1.29829
1.29898
1.29967
1.30036
1.30105
1.30174
1.30244
1.30313
1.30382
1.30451
1.3052
1.30589
1.30658
1.30728
1.30797
1.30866
1.30935
1.31004
1.31074
1.31143
1.31212
1.31281
1.31351
1.3142
1.31489
1.31559
1.31628
1.31697
1.31767
1.31836
1.31905
1.31975
1.32044
1.32113
1.32183
1.32252
1.32321
1.32391
1.3246
1.3253
1.32599
1.32669
1.32738
1.32808
1.32877
1.32946
1.33016
1.33085
1.33155
1.33224
1.33294
1.33364
1.33433
1.33503
1.33572
1.33642
1.33711
1.33781
1.3385
1.3392
1.3399
1.34059
1.34129
1.34199
1.34268
1.34338
1.34407
1.34477
1.34547
1.34616
1.34686
1.34756
1.34826
1.34895
1.34965
1.35035
1.35104
1.35174
1.35244
1.35314
1.35383
1.35453
1.35523
1.35593
1.35663
1.35732
1.35802
1.35872
1.35942
1.36012
1.36081
1.36151
1.36221
1.36291
1.36361
1.36431
1.365
1.3657
1.3664
1.3671
1.3678
1.3685
1.3692
1.3699
1.3706
1.3713
1.372
1.37269
1.37339
1.37409
1.37479
1.37549
1.37619
1.37689
1.37759
1.37829
1.37899
1.37969
1.38039
1.38109
1.38179
1.38249
1.38319
1.38389
1.38459
1.38529
1.38599
1.3867
1.3874
1.3881
1.3888
1.3895
1.3902
1.3909
1.3916
1.3923
1.393
1.3937
1.3944
1.39511
1.39581
1.39651
1.39721
1.39791
1.39861
1.39931
1.40002
1.40072
1.40142
1.40212
1.40282
1.40352
1.40423
1.40493
1.40563
1.40633
1.40703
1.40774
1.40844
1.40914
1.40984
1.41054
1.41125
1.41195
1.41265
1.41335
1.41406
1.41476
1.41546
1.41616
1.41687
1.41757
1.41827
1.41897
1.41968
1.42038
1.42108
1.42178
1.42249
1.42319
1.42389
1.4246
1.4253
1.426
1.42671
1.42741
1.42811
1.42881
1.42952
1.43022
1.43092
1.43163
1.43233
1.43303
1.43374
1.43444
1.43514
1.43585
1.43655
1.43725
1.43796
1.43866
1.43937
1.44007
1.44077
1.44148
1.44218
1.44288
1.44359
1.44429
1.44499
1.4457
1.4464
1.44711
1.44781
1.44851
1.44922
1.44992
1.45063
1.45133
1.45203
1.45274
1.45344
1.45415
1.45485
1.45555
1.45626
1.45696
1.45767
1.45837
1.45907
1.45978
1.46048
1.46119
1.46189
1.4626
1.4633
1.464
1.46471
1.46541
1.46612
1.46682
1.46752
1.46823
1.46893
1.46964
1.47034
1.47105
1.47175
1.47246
1.47316
1.47386
1.47457
1.47527
1.47598
1.47668
1.47739
1.47809
1.47879
1.4795
1.4802
1.48091
1.48161
1.48232
1.48302
1.48373
1.48443
1.48513
1.48584
1.48654
1.48725
1.48795
1.48866
1.48936
1.49007
1.49077
1.49147
1.49218
1.49288
1.49359
1.49429
1.495
1.4957
1.49641
1.49711
1.49781
1.49852
1.49922
1.49993
1.50063
1.50134
1.50204
1.50275
1.50345
1.50415
1.50486
1.50556
1.50627
1.50697
1.50768
1.50838
1.50908
1.50979
1.51049
1.5112
1.5119
1.51261
1.51331
1.51401
1.51472
1.51542
1.51613
1.51683
1.51754
1.51824
1.51894
1.51965
1.52035
1.52106
1.52176
1.52246
1.52317
1.52387
1.52458
1.52528
1.52598
1.52669
1.52739
1.5281
1.5288
1.5295
1.53021
1.53091
1.53161
1.53232
1.53302
1.53373
1.53443
1.53513
1.53584
1.53654
1.53724
1.53795
1.53865
1.53935
1.54006
1.54076
1.54146
1.54217
1.54287
1.54357
1.54428
1.54498
1.54568
1.54639
1.54709
1.54779
1.5485
1.5492
1.5499
1.55061
1.55131
1.55201
1.55272
1.55342
1.55412
1.55482
1.55553
1.55623
1.55693
1.55763
1.55834
1.55904
1.55974
1.56045
1.56115
1.56185
1.56255
1.56325
1.56396
1.56466
1.56536
1.56606
1.56677
1.56747
1.56817
1.56887
1.56957
1.57028
1.57098
1.57168
1.57238
1.57308
1.57379
1.57449
1.57519
1.57589
1.57659
1.57729
1.578
1.5787
1.5794
1.5801
1.5808
1.5815
1.5822
1.58291
1.58361
1.58431
1.58501
1.58571
1.58641
1.58711
1.58781
1.58851
1.58921
1.58992
1.59062
1.59132
1.59202
1.59272
1.59342
1.59412
1.59482
1.59552
1.59622
1.59692
1.59762
1.59832
1.59902
1.59972
1.60042
1.60112
1.60182
1.60252
1.60322
1.60392
1.60462
1.60532
1.60602
1.60672
1.60742
1.60812
1.60881
1.60951
1.61021
1.61091
1.61161
1.61231
1.61301
1.61371
1.61441
1.61511
1.6158
1.6165
1.6172
1.6179
1.6186
1.6193
1.61999
1.62069
1.62139
1.62209
1.62279
1.62348
1.62418
1.62488
1.62558
1.62628
1.62697
1.62767
1.62837
1.62907
1.62976
1.63046
1.63116
1.63185
1.63255
1.63325
1.63395
1.63464
1.63534
1.63604
1.63673
1.63743
1.63813
1.63882
1.63952
1.64021
1.64091
1.64161
1.6423
1.643
1.64369
1.64439
1.64509
1.64578
1.64648
1.64717
1.64787
1.64856
1.64926
1.64995
1.65065
1.65134
1.65204
1.65273
1.65343
1.65412
1.65482
1.65551
1.65621
1.6569
1.6576
1.65829
1.65898
1.65968
1.66037
1.66107
1.66176
1.66245
1.66315
1.66384
1.66453
1.66523
1.66592
1.66661
1.66731
1.668
1.66869
1.66939
1.67008
1.67077
1.67146
1.67216
1.67285
1.67354
1.67423
1.67493
1.67562
1.67631
1.677
1.67769
1.67839
1.67908
1.67977
1.68046
1.68115
1.68184
1.68253
1.68323
1.68392
1.68461
1.6853
1.68599
1.68668
1.68737
1.68806
1.68875
1.68944
1.69013
1.69082
1.69151
1.6922
1.69289
1.69358
1.69427
1.69496
1.69565
1.69634
1.69703
1.69772
1.69841
1.6991
1.69978
1.70047
1.70116
1.70185
1.70254
1.70323
1.70392
1.7046
1.70529
1.70598
1.70667
1.70736
1.70804
1.70873
1.70942
1.7101
1.71079
1.71148
1.71217
1.71285
1.71354
1.71423
1.71491
1.7156
1.71629
1.71697
1.71766
1.71834
1.71903
1.71972
1.7204
1.72109
1.72177
1.72246
1.72314
1.72383
1.72451
1.7252
1.72588
1.72657
1.72725
1.72794
1.72862
1.72931
1.72999
1.73068
1.73136
1.73204
1.73273
1.73341
1.73409
1.73478
1.73546
1.73614
1.73683
1.73751
1.73819
1.73888
1.73956
1.74024
1.74092
1.74161
1.74229
1.74297
1.74365
1.74433
1.74502
1.7457
1.74638
1.74706
1.74774
1.74842
1.7491
1.74978
1.75047
1.75115
1.75183
1.75251
1.75319
1.75387
1.75455
1.75523
1.75591
1.75659
1.75727
1.75795
1.75863
1.7593
1.75998
1.76066
1.76134
1.76202
1.7627
1.76338
1.76406
1.76473
1.76541
1.76609
1.76677
1.76745
1.76812
1.7688
1.76948
1.77016
1.77083
1.77151
1.77219
1.77286
1.77354
1.77422
1.77489
1.77557
1.77625
1.77692
1.7776
1.77827
1.77895
1.77962
1.7803
1.78097
1.78165
1.78233
1.783
1.78367
1.78435
1.78502
1.7857
1.78637
1.78705
1.78772
1.78839
1.78907
1.78974
1.79041
1.79109
1.79176
1.79243
1.79311
1.79378
1.79445
1.79512
1.7958
1.79647
1.79714
1.79781
1.79849
1.79916
1.79983
1.8005
1.80117
1.80184
1.80251
1.80318
1.80385
1.80453
1.8052
1.80587
1.80654
1.80721
1.80788
1.80855
1.80922
1.80989
1.81055
1.81122
1.81189
1.81256
1.81323
1.8139
1.81457
1.81524
1.8159
1.81657
1.81724
1.81791
1.81858
1.81924
1.81991
1.82058
1.82124
1.82191
1.82258
1.82325
1.82391
1.82458
1.82524
1.82591
1.82658
1.82724
1.82791
1.82857
1.82924
1.8299
1.83057
1.83123
1.8319
1.83256
1.83323
1.83389
1.83456
1.83522
1.83588
1.83655
1.83721
1.83788
1.83854
1.8392
1.83987
1.84053
1.84119
1.84185
1.84252
1.84318
1.84384
1.8445
1.84516
1.84583
1.84649
1.84715
1.84781
1.84847
1.84913
1.84979
1.85045
1.85111
1.85177
1.85244
1.8531
1.85376
1.85441
1.85507
1.85573
1.85639
1.85705
1.85771
1.85837
1.85903
1.85969
1.86035
1.861
1.86166
1.86232
1.86298
1.86364
1.86429
1.86495
1.86561
1.86626
1.86692
1.86758
1.86823
1.86889
1.86955
1.8702
1.87086
1.87151
1.87217
1.87283
1.87348
1.87414
1.87479
1.87545
1.8761
1.87676
1.87741
1.87806
1.87872
1.87937
1.88003
1.88068
1.88133
1.88199
1.88264
1.88329
1.88394
1.8846
1.88525
1.8859
1.88655
1.88721
1.88786
1.88851
1.88916
1.88981
1.89046
1.89111
1.89177
1.89242
1.89307
1.89372
1.89437
1.89502
1.89567
1.89632
1.89697
1.89762
1.89826
1.89891
1.89956
1.90021
1.90086
1.90151
1.90216
1.9028
1.90345
1.9041
1.90475
1.9054
1.90604
1.90669
1.90734
1.90798
1.90863
1.90928
1.90992
1.91057
1.91121
1.91186
1.91251
1.91315
1.9138
1.91444
1.91509
1.91573
1.91638
1.91702
1.91766
1.91831
1.91895
1.9196
1.92024
1.92088
1.92153
1.92217
1.92281
1.92346
1.9241
1.92474
1.92538
1.92602
1.92667
1.92731
1.92795
1.92859
1.92923
1.92987
1.93051
1.93116
1.9318
1.93244
1.93308
1.93372
1.93436
1.935
1.93564
1.93627
1.93691
1.93755
1.93819
1.93883
1.93947
1.94011
1.94075
1.94138
1.94202
1.94266
1.9433
1.94393
1.94457
1.94521
1.94584
1.94648
1.94712
1.94775
1.94839
1.94903
1.94966
1.9503
1.95093
1.95157
1.9522
1.95284
1.95347
1.95411
1.95474
1.95538
1.95601
1.95664
1.95728
1.95791
1.95854
1.95918
1.95981
1.96044
1.96107
1.96171
1.96234
1.96297
1.9636
1.96423
1.96487
1.9655
1.96613
1.96676
1.96739
1.96802
1.96865
1.96928
1.96991
1.97054
1.97117
1.9718
1.97243
1.97306
1.97369
1.97432
1.97495
1.97558
1.9762
1.97683
1.97746
1.97809
1.97872
1.97934
1.97997
1.9806
1.98122
1.98185
1.98248
1.9831
1.98373
1.98436
1.98498
1.98561
1.98623
1.98686
1.98748
1.98811
1.98873
1.98936
1.98998
1.99061
1.99123
1.99185
1.99248
1.9931
1.99372
1.99435
1.99497
1.99559
1.99622
1.99684
1.99746
1.99808
1.9987
1.99933
1.99995
2.00057
2.00119
2.00181
2.00243
2.00305
2.00367
2.00429
2.00491
2.00553
2.00615
2.00677
2.00739
2.00801
2.00863
2.00925
2.00987
2.01048
2.0111
2.01172
2.01234
2.01296
2.01357
2.01419
2.01481
2.01543
2.01604
2.01666
2.01727
2.01789
2.01851
2.01912
2.01974
2.02035
2.02097
2.02158
2.0222
2.02281
2.02343
2.02404
2.02466
2.02527
2.02588
2.0265
2.02711
2.02773
2.02834
2.02895
2.02956
2.03018
2.03079
2.0314
2.03201
2.03262
2.03324
2.03385
2.03446
2.03507
2.03568
2.03629
2.0369
2.03751
2.03812
2.03873
2.03934
2.03995
2.04056
2.04117
2.04178
2.04239
2.043
2.0436
2.04421
2.04482
2.04543
2.04604
2.04664
2.04725
2.04786
2.04847
2.04907
2.04968
2.05028
2.05089
2.0515
2.0521
2.05271
2.05331
2.05392
2.05452
2.05513
2.05573
2.05634
2.05694
2.05755
2.05815
2.05875
2.05936
2.05996
2.06056
2.06117
2.06177
2.06237
2.06298
2.06358
2.06418
2.06478
2.06538
2.06598
2.06659
2.06719
2.06779
2.06839
2.06899
2.06959
2.07019
2.07079
2.07139
2.07199
2.07259
2.07319
2.07379
2.07439
2.07499
2.07558
2.07618
2.07678
2.07738
2.07798
2.07857
2.07917
2.07977
2.08037
2.08096
2.08156
2.08215
2.08275
2.08335
2.08394
2.08454
2.08513
2.08573
2.08632
2.08692
2.08751
2.08811
2.0887
2.0893
2.08989
2.09049
2.09108
2.09167
2.09227
2.09286
2.09345
2.09404
2.09464
2.09523
2.09582
2.09641
2.09701
2.0976
2.09819
2.09878
2.09937
2.09996
2.10055
2.10114
2.10173
2.10232
2.10291
2.1035
2.10409
2.10468
2.10527
2.10586
2.10645
2.10704
2.10762
2.10821
2.1088
2.10939
2.10998
2.11056
2.11115
2.11174
2.11233
2.11291
2.1135
2.11408
2.11467
2.11526
2.11584
2.11643
2.11701
2.1176
2.11818
2.11877
2.11935
2.11994
2.12052
2.12111
2.12169
2.12227
2.12286
2.12344
2.12402
2.12461
2.12519
2.12577
2.12635
2.12694
2.12752
2.1281
2.12868
2.12926
2.12984
2.13043
2.13101
2.13159
2.13217
2.13275
2.13333
2.13391
2.13449
2.13507
2.13565
2.13623
2.13681
2.13738
2.13796
2.13854
2.13912
2.1397
2.14028
2.14085
2.14143
2.14201
2.14259
2.14316
2.14374
2.14432
2.14489
2.14547
2.14604
2.14662
2.1472
2.14777
2.14835
2.14892
2.1495
2.15007
2.15065
2.15122
2.1518
2.15237
2.15294
2.15352
2.15409
2.15466
2.15524
2.15581
2.15638
2.15696
2.15753
2.1581
2.15867
2.15924
2.15982
2.16039
2.16096
2.16153
2.1621
2.16267
2.16324
2.16381
2.16438
2.16495
2.16552
2.16609
2.16666
2.16723
2.1678
2.16837
2.16894
2.16951
2.17007
2.17064
2.17121
2.17178
2.17235
2.17291
2.17348
2.17405
2.17461
2.17518
2.17575
2.17631
2.17688
2.17745
2.17801
2.17858
2.17914
2.17971
2.18027
2.18084
2.1814
2.18197
2.18253
2.1831
2.18366
2.18422
2.18479
2.18535
2.18592
2.18648
2.18704
2.1876
2.18817
2.18873
2.18929
2.18985
2.19042
2.19098
2.19154
2.1921
2.19266
2.19322
2.19378
2.19434
2.1949
2.19547
2.19603
2.19659
2.19715
2.1977
2.19826
2.19882
2.19938
2.19994
2.2005
2.20106
2.20162
2.20218
2.20273
2.20329
2.20385
2.20441
2.20496
2.20552
2.20608
2.20664
2.20719
2.20775
2.20831
2.20886
2.20942
2.20997
2.21053
2.21108
2.21164
2.21219
2.21275
2.2133
2.21386
2.21441
2.21497
2.21552
2.21608
2.21663
2.21718
2.21774
2.21829
2.21884
2.2194
2.21995
2.2205
2.22105
2.22161
2.22216
2.22271
2.22326
2.22381
2.22436
2.22492
2.22547
2.22602
2.22657
2.22712
2.22767
2.22822
2.22877
2.22932
2.22987
2.23042
2.23097
2.23152
2.23207
2.23262
2.23317
2.23371
2.23426
2.23481
2.23536
2.23591
2.23645
2.237
2.23755
2.2381
2.23864
2.23919
2.23974
2.24029
2.24083
2.24138
2.24192
2.24247
2.24302
2.24356
2.24411
2.24465
2.2452
2.24574
2.24629
2.24683
2.24738
2.24792
2.24847
2.24901
2.24956
2.2501
2.25064
2.25119
2.25173
2.25227
2.25282
2.25336
2.2539
2.25444
2.25499
2.25553
2.25607
2.25661
2.25716
2.2577
2.25824
2.25878
2.25932
2.25986
2.2604
2.26094
2.26149
2.26203
2.26257
2.26311
2.26365
2.26419
2.26473
2.26527
2.26581
2.26635
2.26688
2.26742
2.26796
2.2685
2.26904
2.26958
2.27012
2.27066
2.27119
2.27173
2.27227
2.27281
2.27334
2.27388
2.27442
2.27496
2.27549
2.27603
2.27657
2.2771
2.27764
2.27818
2.27871
2.27925
2.27979
2.28032
2.28086
2.28139
2.28193
2.28246
2.283
2.28353
2.28407
2.2846
2.28514
2.28567
2.28621
2.28674
2.28727
2.28781
2.28834
2.28888
2.28941
2.28994
2.29048
2.29101
2.29154
2.29208
2.29261
2.29314
2.29367
2.29421
2.29474
2.29527
2.2958
2.29634
2.29687
2.2974
2.29793
2.29846
2.29899
2.29952
2.30006
2.30059
2.30112
2.30165
2.30218
2.30271
2.30324
2.30377
2.3043
2.30483
2.30536
2.30589
2.30642
2.30695
2.30748
2.30801
2.30854
2.30907
2.30854
2.30801
2.30748
2.30695
2.30642
2.3059
2.30537
2.30484
2.30431
2.30379
2.30326
2.30273
2.30221
2.30168
2.30116
2.30063
2.30011
2.29958
2.29906
2.29853
2.29801
2.29748
2.29696
2.29643
2.29591
2.29539
2.29486
2.29434
2.29381
2.29329
2.29277
2.29224
2.29172
2.2912
2.29067
2.29015
2.28962
2.2891
2.28858
2.28805
2.28753
2.28701
2.28648
2.28596
2.28544
2.28491
2.28439
2.28386
2.28334
2.28282
2.28229
2.28177
2.28124
2.28072
2.2802
2.27967
2.27915
2.27862
2.2781
2.27757
2.27705
2.27652
2.276
2.27547
2.27494
2.27442
2.27389
2.27337
2.27284
2.27231
2.27179
2.27126
2.27073
2.2702
2.26968
2.26915
2.26862
2.26809
2.26756
2.26703
2.26651
2.26598
2.26545
2.26492
2.26439
2.26386
2.26333
2.2628
2.26227
2.26174
2.2612
2.26067
2.26014
2.25961
2.25908
2.25854
2.25801
2.25748
2.25695
2.25641
2.25588
2.25534
2.25481
2.25428
2.25374
2.25321
2.25267
2.25213
2.2516
2.25106
2.25052
2.24999
2.24945
2.24891
2.24838
2.24784
2.2473
2.24676
2.24622
2.24568
2.24514
2.2446
2.24406
2.24352
2.24298
2.24244
2.2419
2.24136
2.24081
2.24027
2.23973
2.23919
2.23864
2.2381
2.23756
2.23701
2.23647
2.23592
2.23538
2.23483
2.23429
2.23374
2.23319
2.23265
2.2321
2.23155
2.231
2.23045
2.22991
2.22936
2.22881
2.22826
2.22771
2.22716
2.22661
2.22606
2.22551
2.22495
2.2244
2.22385
2.2233
2.22274
2.22219
2.22164
2.22108
2.22053
2.21998
2.21942
2.21887
2.21831
2.21775
2.2172
2.21664
2.21608
2.21553
2.21497
2.21441
2.21385
2.21329
2.21274
2.21218
2.21162
2.21106
2.2105
2.20994
2.20937
2.20881
2.20825
2.20769
2.20713
2.20656
2.206
2.20544
2.20487
2.20431
2.20375
2.20318
2.20262
2.20205
2.20149
2.20092
2.20035
2.19979
2.19922
2.19865
2.19808
2.19752
2.19695
2.19638
2.19581
2.19524
2.19467
2.1941
2.19353
2.19296
2.19239
2.19182
2.19125
2.19067
2.1901
2.18953
2.18895
2.18838
2.18781
2.18723
2.18666
2.18608
2.18551
2.18493
2.18436
2.18378
2.18321
2.18263
2.18205
2.18147
2.1809
2.18032
2.17974
2.17916
2.17858
2.178
2.17742
2.17684
2.17626
2.17568
2.1751
2.17452
2.17394
2.17336
2.17277
2.17219
2.17161
2.17103
2.17044
2.16986
2.16927
2.16869
2.1681
2.16752
2.16693
2.16635
2.16576
2.16518
2.16459
2.164
2.16341
2.16283
2.16224
2.16165
2.16106
2.16047
2.15988
2.15929
2.1587
2.15811
2.15752
2.15693
2.15634
2.15575
2.15516
2.15457
2.15397
2.15338
2.15279
2.15219
2.1516
2.15101
2.15041
2.14982
2.14922
2.14863
2.14803
2.14744
2.14684
2.14625
2.14565
2.14505
2.14445
2.14386
2.14326
2.14266
2.14206
2.14146
2.14086
2.14027
2.13967
2.13907
2.13847
2.13786
2.13726
2.13666
2.13606
2.13546
2.13486
2.13426
2.13365
2.13305
2.13245
2.13184
2.13124
2.13064
2.13003
2.12943
2.12882
2.12822
2.12761
2.12701
2.1264
2.12579
2.12519
2.12458
2.12397
2.12336
2.12276
2.12215
2.12154
2.12093
2.12032
2.11971
2.1191
2.11849
2.11788
2.11727
2.11666
2.11605
2.11544
2.11483
2.11422
2.11361
2.11299
2.11238
2.11177
2.11116
2.11054
2.10993
2.10932
2.1087
2.10809
2.10747
2.10686
2.10624
2.10563
2.10501
2.10439
2.10378
2.10316
2.10254
2.10193
2.10131
2.10069
2.10007
2.09946
2.09884
2.09822
2.0976
2.09698
2.09636
2.09574
2.09512
2.0945
2.09388
2.09326
2.09264
2.09202
2.0914
2.09077
2.09015
2.08953
2.08891
2.08828
2.08766
2.08704
2.08641
2.08579
2.08516
2.08454
2.08392
2.08329
2.08267
2.08204
2.08141
2.08079
2.08016
2.07954
2.07891
2.07828
2.07765
2.07703
2.0764
2.07577
2.07514
2.07451
2.07389
2.07326
2.07263
2.072
2.07137
2.07074
2.07011
2.06948
2.06885
2.06822
2.06758
2.06695
2.06632
2.06569
2.06506
2.06442
2.06379
2.06316
2.06253
2.06189
2.06126
2.06063
2.05999
2.05936
2.05872
2.05809
2.05745
2.05682
2.05618
2.05555
2.05491
2.05427
2.05364
2.053
2.05236
2.05173
2.05109
2.05045
2.04981
2.04918
2.04854
2.0479
2.04726
2.04662
2.04598
2.04534
2.0447
2.04406
2.04342
2.04278
2.04214
2.0415
2.04086
2.04022
2.03958
2.03894
2.03829
2.03765
2.03701
2.03637
2.03572
2.03508
2.03444
2.03379
2.03315
2.03251
2.03186
2.03122
2.03057
2.02993
2.02928
2.02864
2.02799
2.02735
2.0267
2.02605
2.02541
2.02476
2.02411
2.02347
2.02282
2.02217
2.02153
2.02088
2.02023
2.01958
2.01893
2.01828
2.01764
2.01699
2.01634
2.01569
2.01504
2.01439
2.01374
2.01309
2.01244
2.01179
2.01114
2.01048
2.00983
2.00918
2.00853
2.00788
2.00723
2.00657
2.00592
2.00527
2.00461
2.00396
2.00331
2.00265
2.002
2.00135
2.00069
2.00004
1.99938
1.99873
1.99807
1.99742
1.99676
1.99611
1.99545
1.9948
1.99414
1.99348
1.99283
1.99217
1.99151
1.99086
1.9902
1.98954
1.98888
1.98823
1.98757
1.98691
1.98625
1.98559
1.98493
1.98427
1.98361
1.98296
1.9823
1.98164
1.98098
1.98032
1.97966
1.97899
1.97833
1.97767
1.97701
1.97635
1.97569
1.97503
1.97437
1.9737
1.97304
1.97238
1.97172
1.97105
1.97039
1.96973
1.96906
1.9684
1.96774
1.96707
1.96641
1.96574
1.96508
1.96442
1.96375
1.96309
1.96242
1.96176
1.96109
1.96042
1.95976
1.95909
1.95843
1.95776
1.95709
1.95643
1.95576
1.95509
1.95443
1.95376
1.95309
1.95242
1.95176
1.95109
1.95042
1.94975
1.94908
1.94841
1.94775
1.94708
1.94641
1.94574
1.94507
1.9444
1.94373
1.94306
1.94239
1.94172
1.94105
1.94038
1.93971
1.93904
1.93836
1.93769
1.93702
1.93635
1.93568
1.93501
1.93433
1.93366
1.93299
1.93232
1.93164
1.93097
1.9303
1.92962
1.92895
1.92828
1.9276
1.92693
1.92626
1.92558
1.92491
1.92423
1.92356
1.92288
1.92221
1.92153
1.92086
1.92018
1.91951
1.91883
1.91816
1.91748
1.9168
1.91613
1.91545
1.91477
1.9141
1.91342
1.91274
1.91207
1.91139
1.91071
1.91003
1.90936
1.90868
1.908
1.90732
1.90664
1.90597
1.90529
1.90461
1.90393
1.90325
1.90257
1.90189
1.90121
1.90053
1.89985
1.89917
1.89849
1.89781
1.89713
1.89645
1.89577
1.89509
1.89441
1.89373
1.89305
1.89237
1.89169
1.891
1.89032
1.88964
1.88896
1.88828
1.8876
1.88691
1.88623
1.88555
1.88487
1.88418
1.8835
1.88282
1.88213
1.88145
1.88077
1.88008
1.8794
1.87872
1.87803
1.87735
1.87666
1.87598
1.87529
1.87461
1.87392
1.87324
1.87255
1.87187
1.87118
1.8705
1.86981
1.86913
1.86844
1.86776
1.86707
1.86638
1.8657
1.86501
1.86433
1.86364
1.86295
1.86227
1.86158
1.86089
1.8602
1.85952
1.85883
1.85814
1.85746
1.85677
1.85608
1.85539
1.8547
1.85402
1.85333
1.85264
1.85195
1.85126
1.85057
1.84988
1.8492
1.84851
1.84782
1.84713
1.84644
1.84575
1.84506
1.84437
1.84368
1.84299
1.8423
1.84161
1.84092
1.84023
1.83954
1.83885
1.83816
1.83747
1.83678
1.83609
1.8354
1.8347
1.83401
1.83332
1.83263
1.83194
1.83125
1.83056
1.82986
1.82917
1.82848
1.82779
1.82709
1.8264
1.82571
1.82502
1.82433
1.82363
1.82294
1.82225
1.82155
1.82086
1.82017
1.81947
1.81878
1.81809
1.81739
1.8167
1.81601
1.81531
1.81462
1.81392
1.81323
1.81254
1.81184
1.81115
1.81045
1.80976
1.80906
1.80837
1.80768
1.80698
1.80629
1.80559
1.8049
1.8042
1.8035
1.80281
1.80211
1.80142
1.80072
1.80003
1.79933
1.79864
1.79794
1.79724
1.79655
1.79585
1.79516
1.79446
1.79376
1.79307
1.79237
1.79167
1.79098
1.79028
1.78958
1.78889
1.78819
1.78749
1.78679
1.7861
1.7854
1.7847
1.784
1.78331
1.78261
1.78191
1.78121
1.78052
1.77982
1.77912
1.77842
1.77772
1.77703
1.77633
1.77563
1.77493
1.77423
1.77353
1.77284
1.77214
1.77144
1.77074
1.77004
1.76934
1.76864
1.76794
1.76725
1.76655
1.76585
1.76515
1.76445
1.76375
1.76305
1.76235
1.76165
1.76095
1.76025
1.75955
1.75885
1.75815
1.75745
1.75675
1.75605
1.75535
1.75465
1.75395
1.75325
1.75255
1.75185
1.75115
1.75045
1.74975
1.74905
1.74835
1.74765
1.74695
1.74625
1.74554
1.74484
1.74414
1.74344
1.74274
1.74204
1.74134
1.74064
1.73994
1.73923
1.73853
1.73783
1.73713
1.73643
1.73573
1.73503
1.73432
1.73362
1.73292
1.73222
1.73152
1.73082
1.73011
1.72941
1.72871
1.72801
1.72731
1.7266
1.7259
1.7252
1.7245
1.72379
1.72309
1.72239
1.72169
1.72099
1.72028
1.71958
1.71888
1.71818
1.71747
1.71677
1.71607
1.71537
1.71466
1.71396
1.71326
1.71255
1.71185
1.71115
1.71045
1.70974
1.70904
1.70834
1.70763
1.70693
1.70623
1.70552
1.70482
1.70412
1.70341
1.70271
1.70201
1.7013
1.7006
1.6999
1.69919
1.69849
1.69779
1.69708
1.69638
1.69568
1.69497
1.69427
1.69357
1.69286
1.69216
1.69146
1.69075
1.69005
1.68935
1.68864
1.68794
1.68723
1.68653
1.68583
1.68512
1.68442
1.68372
1.68301
1.68231
1.6816
1.6809
1.6802
1.67949
1.67879
1.67808
1.67738
1.67668
1.67597
1.67527
1.67456
1.67386
1.67316
1.67245
1.67175
1.67104
1.67034
1.66964
1.66893
1.66823
1.66752
1.66682
1.66611
1.66541
1.66471
1.664
1.6633
1.66259
1.66189
1.66119
1.66048
1.65978
1.65907
1.65837
1.65766
1.65696
1.65626
1.65555
1.65485
1.65414
1.65344
1.65273
1.65203
1.65133
1.65062
1.64992
1.64921
1.64851
1.6478
1.6471
1.6464
1.64569
1.64499
1.64428
1.64358
1.64288
1.64217
1.64147
1.64076
1.64006
1.63935
1.63865
1.63795
1.63724
1.63654
1.63583
1.63513
1.63443
1.63372
1.63302
1.63231
1.63161
1.6309
1.6302
1.6295
1.62879
1.62809
1.62738
1.62668
1.62598
1.62527
1.62457
1.62386
1.62316
1.62246
1.62175
1.62105
1.62034
1.61964
1.61894
1.61823
1.61753
1.61683
1.61612
1.61542
1.61471
1.61401
1.61331
1.6126
1.6119
1.6112
1.61049
1.60979
1.60908
1.60838
1.60768
1.60697
1.60627
1.60557
1.60486
1.60416
1.60346
1.60275
1.60205
1.60135
1.60064
1.59994
1.59924
1.59853
1.59783
1.59713
1.59642
1.59572
1.59502
1.59431
1.59361
1.59291
1.59221
1.5915
1.5908
1.5901
1.58939
1.58869
1.58799
1.58729
1.58658
1.58588
1.58518
1.58447
1.58377
1.58307
1.58237
1.58166
1.58096
1.58026
1.57956
1.57885
1.57815
1.57745
1.57675
1.57605
1.57534
1.57464
1.57394
1.57324
1.57254
1.57183
1.57113
1.57043
1.56973
1.56903
1.56832
1.56762
1.56692
1.56622
1.56552
1.56482
1.56411
1.56341
1.56271
1.56201
1.56131
1.56061
1.55991
1.5592
1.5585
1.5578
1.5571
1.5564
1.5557
1.555
1.5543
1.5536
1.5529
1.5522
1.55149
1.55079
1.55009
1.54939
1.54869
1.54799
1.54729
1.54659
1.54589
1.54519
1.54449
1.54379
1.54309
1.54239
1.54169
1.54099
1.54029
1.53959
1.53889
1.53819
1.53749
1.53679
1.53609
1.53539
1.53469
1.53399
1.53329
1.5326
1.5319
1.5312
1.5305
1.5298
1.5291
1.5284
1.5277
1.527
1.52631
1.52561
1.52491
1.52421
1.52351
1.52281
1.52211
1.52142
1.52072
1.52002
1.51932
1.51862
1.51793
1.51723
1.51653
1.51583
1.51513
1.51444
1.51374
1.51304
1.51234
1.51165
1.51095
1.51025
1.50956
1.50886
1.50816
1.50746
1.50677
1.50607
1.50537
1.50468
1.50398
1.50328
1.50259
1.50189
1.5012
1.5005
1.4998
1.49911
1.49841
1.49772
1.49702
1.49632
1.49563
1.49493
1.49424
1.49354
1.49285
1.49215
1.49146
1.49076
1.49006
1.48937
1.48867
1.48798
1.48729
1.48659
1.4859
1.4852
1.48451
1.48381
1.48312
1.48242
1.48173
1.48104
1.48034
1.47965
1.47895
1.47826
1.47757
1.47687
1.47618
1.47549
1.47479
1.4741
1.47341
1.47271
1.47202
1.47133
1.47063
1.46994
1.46925
1.46856
1.46786
1.46717
1.46648
1.46579
1.4651
1.4644
1.46371
1.46302
1.46233
1.46164
1.46094
1.46025
1.45956
1.45887
1.45818
1.45749
1.4568
1.45611
1.45542
1.45472
1.45403
1.45334
1.45265
1.45196
1.45127
1.45058
1.44989
1.4492
1.44851
1.44782
1.44713
1.44644
1.44575
1.44506
1.44437
1.44368
1.443
1.44231
1.44162
1.44093
1.44024
1.43955
1.43886
1.43817
1.43749
1.4368
1.43611
1.43542
1.43473
1.43405
1.43336
1.43267
1.43198
1.43129
1.43061
1.42992
1.42923
1.42855
1.42786
1.42717
1.42649
1.4258
1.42511
1.42443
1.42374
1.42305
1.42237
1.42168
1.421
1.42031
1.41962
1.41894
1.41825
1.41757
1.41688
1.4162
1.41551
1.41483
1.41414
1.41346
1.41277
1.41209
1.4114
1.41072
1.41004
1.40935
1.40867
1.40798
1.4073
1.40662
1.40593
1.40525
1.40457
1.40388
1.4032
1.40252
1.40183
1.40115
1.40047
1.39979
1.3991
1.39842
1.39774
1.39706
1.39637
1.39569
1.39501
1.39433
1.39365
1.39297
1.39229
1.3916
1.39092
1.39024
1.38956
1.38888
1.3882
1.38752
1.38684
1.38616
1.38548
1.3848
1.38412
1.38344
1.38276
1.38208
1.3814
1.38072
1.38004
1.37936
1.37869
1.37801
1.37733
1.37665
1.37597
1.37529
1.37461
1.37394
1.37326
1.37258
1.3719
1.37123
1.37055
1.36987
1.36919
1.36852
1.36784
1.36716
1.36649
1.36581
1.36513
1.36446
1.36378
1.36311
1.36243
1.36175
1.36108
1.3604
1.35973
1.35905
1.35838
1.3577
1.35703
1.35635
1.35568
1.355
1.35433
1.35365
1.35298
1.35231
1.35163
1.35096
1.35029
1.34961
1.34894
1.34827
1.34759
1.34692
1.34625
1.34557
1.3449
1.34423
1.34356
1.34289
1.34221
1.34154
1.34087
1.3402
1.33953
1.33886
1.33818
1.33751
1.33684
1.33617
1.3355
1.33483
1.33416
1.33349
1.33282
1.33215
1.33148
1.33081
1.33014
1.32947
1.3288
1.32813
1.32746
1.3268
1.32613
1.32546
1.32479
1.32412
1.32345
1.32278
1.32212
1.32145
1.32078
1.32011
1.31945
1.31878
1.31811
1.31745
1.31678
1.31611
1.31545
1.31478
1.31411
1.31345
1.31278
1.31212
1.31145
1.31078
1.31012
1.30945
1.30879
1.30812
1.30746
1.3068
1.30613
1.30547
1.3048
1.30414
1.30347
1.30281
1.30215
1.30148
1.30082
1.30016
1.29949
1.29883
1.29817
1.29751
1.29684
1.29618
1.29552
1.29486
1.2942
1.29353
1.29287
1.29221
1.29155
1.29089
1.29023
1.28957
1.28891
1.28825
1.28759
1.28693
1.28627
1.28561
1.28495
1.28429
1.28363
1.28297
1.28231
1.28165
1.28099
1.28033
1.27967
1.27902
1.27836
1.2777
1.27704
1.27638
1.27573
1.27507
1.27441
1.27375
1.2731
1.27244
1.27178
1.27113
1.27047
1.26981
1.26916
1.2685
1.26785
1.26719
1.26654
1.26588
1.26523
1.26457
1.26392
1.26326
1.26261
1.26195
1.2613
1.26064
1.25999
1.25934
1.25868
1.25803
1.25738
1.25672
1.25607
1.25542
1.25477
1.25411
1.25346
1.25281
1.25216
1.2515
1.25085
1.2502
1.24955
1.2489
1.24825
1.2476
1.24695
1.2463
1.24565
1.245
1.24435
1.2437
1.24305
1.2424
1.24175
1.2411
1.24045
1.2398
1.23915
1.2385
1.23785
1.23721
1.23656
1.23591
1.23526
1.23461
1.23397
1.23332
1.23267
1.23203
1.23138
1.23073
1.23009
1.22944
1.22879
1.22815
1.2275
1.22686
1.22621
1.22557
1.22492
1.22428
1.22363
1.22299
1.22234
1.2217
1.22105
1.22041
1.21977
1.21912
1.21848
1.21783
1.21719
1.21655
1.21591
1.21526
1.21462
1.21398
1.21334
1.21269
1.21205
1.21141
1.21077
1.21013
1.20949
1.20885
1.20821
1.20756
1.20692
1.20628
1.20564
1.205
1.20436
1.20372
1.20309
1.20245
1.20181
1.20117
1.20053
1.19989
1.19925
1.19861
1.19798
1.19734
1.1967
1.19606
1.19543
1.19479
1.19415
1.19351
1.19288
1.19224
1.1916
1.19097
1.19033
1.1897
1.18906
1.18843
1.18779
1.18716
1.18652
1.18589
1.18525
1.18462
1.18398
1.18335
1.18271
1.18208
1.18145
1.18081
1.18018
1.17955
1.17891
1.17828
1.17765
1.17702
1.17638
1.17575
1.17512
1.17449
1.17386
1.17323
1.1726
1.17196
1.17133
1.1707
1.17007
1.16944
1.16881
1.16818
1.16755
1.16692
1.16629
1.16566
1.16504
1.16441
1.16378
1.16315
1.16252
1.16189
1.16126
1.16064
1.16001
1.15938
1.15875
1.15813
1.1575
1.15687
1.15625
1.15562
1.155
1.15437
1.15374
1.15312
1.15249
1.15187
1.15124
1.15062
1.14999
1.14937
1.14874
1.14812
1.14749
1.14687
1.14625
1.14562
1.145
1.14438
1.14375
1.14313
1.14251
1.14189
1.14126
1.14064
1.14002
1.1394
1.13878
1.13816
1.13753
1.13691
1.13629
1.13567
1.13505
1.13443
1.13381
1.13319
1.13257
1.13195
1.13133
1.13071
1.13009
1.12948
1.12886
1.12824
1.12762
1.127
1.12638
1.12577
1.12515
1.12453
1.12391
1.1233
1.12268
1.12206
1.12145
1.12083
1.12022
1.1196
1.11898
1.11837
1.11775
1.11714
1.11652
1.11591
1.11529
1.11468
1.11406
1.11345
1.11284
1.11222
1.11161
1.111
1.11038
1.10977
1.10916
1.10854
1.10793
1.10732
1.10671
1.1061
1.10548
1.10487
1.10426
1.10365
1.10304
1.10243
1.10182
1.10121
1.1006
1.09999
1.09938
1.09877
1.09816
1.09755
1.09694
1.09633
1.09572
1.09511
1.0945
1.0939
1.09329
1.09268
1.09207
1.09147
1.09086
1.09025
1.08964
1.08904
1.08843
1.08782
1.08722
1.08661
1.08601
1.0854
1.0848
1.08419
1.08359
1.08298
1.08238
1.08177
1.08117
1.08056
1.07996
1.07935
1.07875
1.07815
1.07754
1.07694
1.07634
1.07574
1.07513
1.07453
1.07393
1.07333
1.07273
1.07212
1.07152
1.07092
1.07032
1.06972
1.06912
1.06852
1.06792
1.06732
1.06672
1.06612
1.06552
1.06492
1.06432
1.06372
1.06312
1.06252
1.06193
1.06133
1.06073
1.06013
1.05953
1.05894
1.05834
1.05774
1.05714
1.05655
1.05595
1.05535
1.05476
1.05416
1.05357
1.05297
1.05238
1.05178
1.05118
1.05059
1.05
1.0494
1.04881
1.04821
1.04762
1.04702
1.04643
1.04584
1.04524
1.04465
1.04406
1.04347
1.04287
1.04228
1.04169
1.0411
1.0405
1.03991
1.03932
1.03873
1.03814
1.03755
1.03696
1.03637
1.03578
1.03519
1.0346
1.03401
1.03342
1.03283
1.03224
1.03165
1.03106
1.03047
1.02988
1.0293
1.02871
1.02812
1.02753
1.02694
1.02636
1.02577
1.02518
1.0246
1.02401
1.02342
1.02284
1.02225
1.02166
1.02108
1.02049
1.01991
1.01932
1.01874
1.01815
1.01757
1.01698
1.0164
1.01582
1.01523
1.01465
1.01407
1.01348
1.0129
1.01232
1.01173
1.01115
1.01057
1.00999
1.0094
1.00882
1.00824
1.00766
1.00708
1.0065
1.00592
1.00533
1.00475
1.00417
1.00359
1.00301
1.00243
1.00185
1.00127
1.00069
1.00012
0.999537
0.998958
0.998379
0.997801
0.997223
0.996645
0.996067
0.995489
0.994912
0.994334
0.993757
0.99318
0.992603
0.992027
0.99145
0.990874
0.990298
0.989722
0.989146
0.988571
0.987995
0.98742
0.986845
0.986271
