0.223607
0.221619
0.219675
0.217772
0.21591
0.214088
0.212305
0.21056
0.208854
0.207184
0.20555
0.203952
0.202389
0.200859
0.199363
0.1979
0.196469
0.195069
0.193699
0.19236
0.19105
0.18977
0.188517
0.187293
0.186095
0.184924
0.18378
0.182661
0.181567
0.180497
0.179452
0.17843
0.177431
0.176456
0.175502
0.17457
0.173659
0.17277
0.1719
0.171051
0.170222
0.169411
0.16862
0.167847
0.167093
0.166356
0.165636
0.164934
0.164248
0.163579
0.162926
0.162289
0.161667
0.16106
0.160468
0.159891
0.159327
0.158778
0.158243
0.157721
0.157212
0.156716
0.156233
0.155762
0.155303
0.154856
0.154421
0.153997
0.153585
0.153183
0.152793
0.152412
0.152043
0.151683
0.151333
0.150993
0.150663
0.150342
0.150031
0.149728
0.149434
0.149149
0.148872
0.148604
0.148344
0.148092
0.147847
0.147611
0.147382
0.147161
0.146946
0.146739
0.146539
0.146346
0.146159
0.14598
0.145806
0.145639
0.145478
0.145324
0.145175
0.145032
0.144895
0.144764
0.144638
0.144518
0.144403
0.144293
0.144188
0.144089
0.143994
0.143905
0.14382
0.14374
0.143664
0.143593
0.143526
0.143464
0.143406
0.143352
0.143303
0.143257
0.143215
0.143178
0.143144
0.143113
0.143087
0.143064
0.143045
0.143029
0.143017
0.143008
0.143002
0.143
0.143001
0.143005
0.143012
0.143022
0.143035
0.143051
0.14307
0.143091
0.143116
0.143143
0.143173
0.143206
0.143241
0.143279
0.143319
0.143362
0.143407
0.143454
0.143504
0.143557
0.143611
0.143668
0.143727
0.143788
0.143852
0.143917
0.143984
0.144054
0.144126
0.144199
0.144275
0.144352
0.144431
0.144513
0.144596
0.14468
0.144767
0.144855
0.144945
0.145037
0.145131
0.145226
0.145323
0.145421
0.145521
0.145623
0.145726
0.14583
0.145937
0.146044
0.146153
0.146264
0.146376
0.146489
0.146604
0.14672
0.146838
0.146957
0.147077
0.147199
0.147322
0.147446
0.147571
0.147698
0.147826
0.147955
0.148085
0.148217
0.14835
0.148484
0.148619
0.148755
0.148893
0.149031
0.149171
0.149312
0.149454
0.149597
0.149741
0.149886
0.150032
0.150179
0.150328
0.150477
0.150627
0.150779
0.150931
0.151084
0.151239
0.151394
0.151551
0.151708
0.151866
0.152025
0.152186
0.152347
0.152509
0.152672
0.152836
0.153001
0.153167
0.153333
0.153501
0.15367
0.153839
0.154009
0.154181
0.154353
0.154526
0.1547
0.154874
0.15505
0.155226
0.155404
0.155582
0.155761
0.155941
0.156122
0.156303
0.156486
0.156669
0.156853
0.157038
0.157224
0.157411
0.157598
0.157787
0.157976
0.158166
0.158356
0.158548
0.15874
0.158934
0.159128
0.159323
0.159518
0.159715
0.159912
0.16011
0.160309
0.160509
0.16071
0.160911
0.161113
0.161316
0.16152
0.161724
0.16193
0.162136
0.162343
0.162551
0.16276
0.162969
0.163179
0.16339
0.163602
0.163815
0.164028
0.164243
0.164458
0.164674
0.164891
0.165108
0.165326
0.165546
0.165766
0.165986
0.166208
0.166431
0.166654
0.166878
0.167103
0.167329
0.167555
0.167783
0.168011
0.16824
0.16847
0.1687
0.168932
0.169164
0.169398
0.169632
0.169866
0.170102
0.170339
0.170576
0.170815
0.171054
0.171294
0.171535
0.171776
0.172019
0.172262
0.172507
0.172752
0.172998
0.173245
0.173493
0.173741
0.173991
0.174241
0.174493
0.174745
0.174998
0.175252
0.175507
0.175762
0.176019
0.176277
0.176535
0.176795
0.177055
0.177316
0.177579
0.177842
0.178106
0.178371
0.178636
0.178903
0.179171
0.17944
0.179709
0.17998
0.180252
0.180524
0.180798
0.181072
0.181348
0.181624
0.181901
0.18218
0.182459
0.182739
0.183021
0.183303
0.183586
0.183871
0.184156
0.184442
0.18473
0.185018
0.185308
0.185598
0.18589
0.186182
0.186476
0.18677
0.187066
0.187363
0.18766
0.187959
0.188259
0.18856
0.188862
0.189165
0.18947
0.189775
0.190081
0.190389
0.190698
0.191007
0.191318
0.19163
0.191943
0.192258
0.192573
0.19289
0.193207
0.193526
0.193846
0.194167
0.19449
0.194813
0.195138
0.195464
0.195791
0.196119
0.196449
0.196779
0.197111
0.197444
0.197779
0.198114
0.198451
0.198789
0.199128
0.199469
0.199811
0.200154
0.200498
0.200844
0.201191
0.201539
0.201889
0.20224
0.202592
0.202945
0.2033
0.203656
0.204014
0.204372
0.204733
0.205094
0.205457
0.205821
0.206187
0.206554
0.206923
0.207292
0.207664
0.208036
0.20841
0.208786
0.209163
0.209541
0.209921
0.210302
0.210685
0.21107
0.211455
0.211843
0.212231
0.212622
0.213013
0.213407
0.213801
0.214198
0.214596
0.214995
0.215396
0.215799
0.216203
0.216609
0.217016
0.217425
0.217836
0.218248
0.218662
0.219078
0.219495
0.219914
0.220334
0.220756
0.22118
0.221606
0.222033
0.222462
0.222893
0.223325
0.223759
0.224195
0.224633
0.225073
0.225514
0.225957
0.226402
0.226849
0.227297
0.227748
0.2282
0.228654
0.22911
0.229568
0.230028
0.230489
0.230953
0.231418
0.231886
0.232355
0.232826
0.2333
0.233775
0.234252
0.234732
0.235213
0.235696
0.236182
0.236669
0.237159
0.23765
0.238144
0.23864
0.239137
0.239637
0.24014
0.240644
0.24115
0.241659
0.24217
0.242683
0.243198
0.243716
0.244236
0.244758
0.245282
0.245809
0.246338
0.246869
0.247402
0.247938
0.248477
0.249017
0.24956
0.250106
0.250654
0.251204
0.251757
0.252312
0.25287
0.25343
0.253993
0.254558
0.255126
0.255697
0.25627
0.256845
0.257424
0.258004
0.258588
0.259174
0.259763
0.260355
0.260949
0.261546
0.262146
0.262748
0.263354
0.263962
0.264573
0.265187
0.265804
0.266423
0.267046
0.267671
0.2683
0.268931
0.269565
0.270203
0.270843
0.271487
0.272133
0.272783
0.273436
0.274092
0.274751
0.275413
0.276078
0.276747
0.277419
0.278094
0.278772
0.279454
0.280139
0.280828
0.28152
0.282215
0.282914
0.283616
0.284321
0.28503
0.285743
0.286459
0.287179
0.287903
0.28863
0.28936
0.290095
0.290833
0.291575
0.292321
0.29307
0.293823
0.29458
0.295341
0.296106
0.296875
0.297648
0.298425
0.299206
0.299991
0.30078
0.301573
0.30237
0.303172
0.303977
0.304787
0.305601
0.30642
0.307243
0.30807
0.308902
0.309738
0.310579
0.311424
0.312273
0.313128
0.313987
0.31485
0.315718
0.316591
0.315783
0.314974
0.314165
0.313356
0.312546
0.311736
0.310926
0.310116
0.309306
0.308496
0.307687
0.306878
0.306069
0.305262
0.304454
0.303648
0.302842
0.302037
0.301233
0.30043
0.299629
0.298828
0.298028
0.29723
0.296433
0.295638
0.294844
0.294051
0.29326
0.292471
0.291683
0.290897
0.290113
0.28933
0.28855
0.287771
0.286994
0.286219
0.285446
0.284675
0.283906
0.28314
0.282375
0.281613
0.280853
0.280095
0.279339
0.278585
0.277834
0.277086
0.276339
0.275595
0.274854
0.274114
0.273378
0.272643
0.271912
0.271183
0.270456
0.269732
0.26901
0.268291
0.267575
0.266861
0.26615
0.265441
0.264735
0.264032
0.263331
0.262633
0.261938
0.261245
0.260555
0.259868
0.259184
0.258502
0.257823
0.257147
0.256473
0.255802
0.255134
0.254469
0.253806
0.253146
0.252489
0.251835
0.251183
0.250534
0.249888
0.249245
0.248604
0.247966
0.247331
0.246698
0.246069
0.245442
0.244817
0.244196
0.243577
0.242961
0.242348
0.241737
0.241129
0.240524
0.239922
0.239322
0.238725
0.23813
0.237538
0.236949
0.236363
0.235779
0.235198
0.23462
0.234044
0.233471
0.2329
0.232332
0.231767
0.231204
0.230644
0.230087
0.229532
0.228979
0.228429
0.227882
0.227337
0.226795
0.226256
0.225718
0.225184
0.224652
0.224122
0.223595
0.22307
0.222548
0.222028
0.221511
0.220996
0.220483
0.219973
0.219465
0.21896
0.218457
0.217957
0.217458
0.216963
0.216469
0.215978
0.215489
0.215003
0.214518
0.214037
0.213557
0.21308
0.212604
0.212132
0.211661
0.211193
0.210726
0.210262
0.209801
0.209341
0.208884
0.208429
0.207975
0.207525
0.207076
0.206629
0.206185
0.205742
0.205302
0.204864
0.204427
0.203993
0.203561
0.203131
0.202703
0.202277
0.201853
0.201431
0.201011
0.200593
0.200177
0.199763
0.199351
0.198941
0.198533
0.198127
0.197722
0.19732
0.196919
0.196521
0.196124
0.195729
0.195336
0.194945
0.194555
0.194168
0.193782
0.193398
0.193016
0.192636
0.192257
0.19188
0.191505
0.191132
0.19076
0.190391
0.190023
0.189656
0.189292
0.188929
0.188567
0.188208
0.18785
0.187494
0.187139
0.186786
0.186435
0.186085
0.185737
0.185391
0.185046
0.184702
0.184361
0.184021
0.183682
0.183345
0.18301
0.182676
0.182344
0.182013
0.181683
0.181356
0.181029
0.180705
0.180381
0.18006
0.179739
0.17942
0.179103
0.178787
0.178473
0.17816
0.177848
0.177538
0.177229
0.176921
0.176615
0.176311
0.176008
0.175706
0.175405
0.175106
0.174809
0.174512
0.174217
0.173923
0.173631
0.17334
0.17305
0.172762
0.172475
0.172189
0.171904
0.171621
0.171339
0.171058
0.170779
0.170501
0.170224
0.169948
0.169674
0.1694
0.169128
0.168858
0.168588
0.16832
0.168053
0.167787
0.167522
0.167258
0.166996
0.166735
0.166475
0.166216
0.165958
0.165702
0.165446
0.165192
0.164939
0.164687
0.164436
0.164186
0.163937
0.16369
0.163443
0.163198
0.162954
0.162711
0.162469
0.162228
0.161988
0.161749
0.161511
0.161274
0.161039
0.160804
0.16057
0.160338
0.160106
0.159876
0.159646
0.159418
0.15919
0.158964
0.158739
0.158514
0.158291
0.158068
0.157847
0.157627
0.157407
0.157189
0.156971
0.156755
0.156539
0.156324
0.156111
0.155898
0.155686
0.155476
0.155266
0.155057
0.154849
0.154642
0.154436
0.15423
0.154026
0.153823
0.15362
0.153419
0.153218
0.153018
0.152819
0.152621
0.152424
0.152228
0.152033
0.151838
0.151644
0.151452
0.15126
0.151069
0.150879
0.150689
0.150501
0.150313
0.150127
0.149941
0.149756
0.149572
0.149388
0.149206
0.149024
