0.223607
0.222095
0.220617
0.219171
0.217758
0.216376
0.215026
0.213705
0.212414
0.211152
0.209919
0.208714
0.207536
0.206384
0.205259
0.20416
0.203086
0.202036
0.201011
0.20001
0.199031
0.198076
0.197142
0.196231
0.195341
0.194472
0.193624
0.192795
0.191987
0.191198
0.190428
0.189676
0.188943
0.188227
0.187529
0.186848
0.186184
0.185536
0.184905
0.184289
0.183689
0.183104
0.182534
0.181978
0.181437
0.18091
0.180397
0.179897
0.17941
0.178936
0.178475
0.178026
0.17759
0.177165
0.176752
0.176351
0.175961
0.175582
0.175214
0.174856
0.174509
0.174172
0.173844
0.173527
0.17322
0.172921
0.172632
0.172352
0.172081
0.171819
0.171565
0.17132
0.171083
0.170853
0.170632
0.170419
0.170213
0.170014
0.169823
0.169639
0.169462
0.169292
0.169129
0.168972
0.168822
0.168679
0.168541
0.16841
0.168285
0.168165
0.168052
0.167944
0.167842
0.167745
0.167654
0.167568
0.167487
0.167411
0.16734
0.167275
0.167214
0.167157
0.167106
0.167059
0.167016
0.166978
0.166944
0.166914
0.166889
0.166868
0.16685
0.166837
0.166827
0.166822
0.16682
0.166822
0.166827
0.166836
0.166848
0.166864
0.166883
0.166906
0.166932
0.166961
0.166993
0.167028
0.167066
0.167108
0.167152
0.167199
0.167249
0.167302
0.167357
0.167416
0.167477
0.16754
0.167606
0.167675
0.167746
0.16782
0.167896
0.167974
0.168055
0.168139
0.168224
0.168312
0.168402
0.168494
0.168588
0.168684
0.168783
0.168884
0.168986
0.169091
0.169197
0.169306
0.169416
0.169529
0.169643
0.169759
0.169877
0.169997
0.170118
0.170241
0.170366
0.170493
0.170621
0.170751
0.170883
0.171016
0.171151
0.171288
0.171426
0.171565
0.171707
0.171849
0.171994
0.172139
0.172286
0.172435
0.172585
0.172737
0.172889
0.173044
0.173199
0.173356
0.173515
0.173675
0.173836
0.173998
0.174162
0.174327
0.174493
0.174661
0.17483
0.175
0.175171
0.175344
0.175517
0.175692
0.175869
0.176046
0.176225
0.176405
0.176586
0.176768
0.176951
0.177135
0.177321
0.177508
0.177696
0.177885
0.178075
0.178266
0.178458
0.178652
0.178846
0.179042
0.179239
0.179437
0.179636
0.179835
0.180037
0.180239
0.180442
0.180646
0.180851
0.181058
0.181265
0.181473
0.181683
0.181893
0.182105
0.182317
0.182531
0.182745
0.182961
0.183178
0.183395
0.183614
0.183834
0.184054
0.184276
0.184499
0.184723
0.184947
0.185173
0.1854
0.185628
0.185856
0.186086
0.186317
0.186549
0.186782
0.187015
0.18725
0.187486
0.187723
0.18796
0.188199
0.188439
0.18868
0.188922
0.189164
0.189408
0.189653
0.189899
0.190146
0.190394
0.190643
0.190892
0.191143
0.191395
0.191648
0.191902
0.192157
0.192413
0.19267
0.192928
0.193187
0.193447
0.193708
0.19397
0.194233
0.194498
0.194763
0.195029
0.195296
0.195565
0.195834
0.196104
0.196376
0.196649
0.196922
0.197197
0.197473
0.197749
0.198027
0.198306
0.198586
0.198867
0.199149
0.199433
0.199717
0.200002
0.200289
0.200577
0.200865
0.201155
0.201446
0.201738
0.202031
0.202326
0.202621
0.202918
0.203215
0.203514
0.203814
0.204115
0.204417
0.204721
0.205025
0.205331
0.205638
0.205946
0.206255
0.206566
0.206877
0.20719
0.207504
0.207819
0.208136
0.208453
0.208772
0.209092
0.209413
0.209736
0.210059
0.210384
0.210711
0.211038
0.211367
0.211697
0.212028
0.21236
0.212694
0.213029
0.213366
0.213703
0.214042
0.214383
0.214724
0.215067
0.215411
0.215757
0.216104
0.216452
0.216801
0.217152
0.217505
0.217858
0.218213
0.21857
0.218927
0.219287
0.219647
0.220009
0.220373
0.220737
0.221104
0.221471
0.22184
0.222211
0.222583
0.222957
0.223332
0.223708
0.224086
0.224465
0.224846
0.225229
0.225613
0.225998
0.226385
0.226774
0.227164
0.227555
0.227949
0.228343
0.22874
0.229138
0.229537
0.229938
0.230341
0.230746
0.231152
0.231559
0.231969
0.232379
0.232792
0.233206
0.233622
0.23404
0.234459
0.23488
0.235303
0.235728
0.236154
0.236582
0.237012
0.237443
0.237877
0.238312
0.238749
0.239187
0.239628
0.24007
0.240514
0.24096
0.241408
0.241858
0.24231
0.242763
0.243218
0.243676
0.244135
0.244596
0.245059
0.245524
0.245991
0.24646
0.246931
0.247404
0.247879
0.248356
0.248836
0.249317
0.2498
0.250285
0.250772
0.251262
0.251753
0.252247
0.252743
0.253241
0.253741
0.254243
0.254747
0.255254
0.255763
0.256274
0.256787
0.257303
0.257821
0.258341
0.258863
0.259388
0.259915
0.260444
0.260976
0.26151
0.262047
0.262585
0.263127
0.26367
0.264216
0.264765
0.265316
0.26587
0.266426
0.266984
0.267545
0.268109
0.268675
0.269244
0.269815
0.270389
0.270966
0.271545
0.272127
0.272711
0.273299
0.273889
0.274481
0.275077
0.275675
0.276276
0.27688
0.277487
0.278096
0.278708
0.279324
0.279942
0.280563
0.281187
0.281814
0.282444
0.283077
0.283713
0.284352
0.284994
0.285639
0.286287
0.286939
0.287593
0.288251
0.288912
0.289576
0.290243
0.290914
0.291587
0.292265
0.292945
0.293629
0.294316
0.295006
0.2957
0.296398
0.297099
0.297803
0.298511
0.299222
0.299937
0.300656
0.301378
0.302104
0.302833
0.303566
0.304303
0.305044
0.305788
0.306536
0.307288
0.308044
0.308804
0.309568
0.310335
0.311107
0.311882
0.312662
0.313446
0.314234
0.315025
0.315821
0.316622
0.317426
0.318235
0.319048
0.319865
0.320687
0.321512
0.322343
0.323178
0.324017
0.324861
0.325709
0.326562
0.32742
0.328282
0.329149
0.33002
0.330897
0.331778
0.332664
0.333555
0.334451
0.335351
0.336257
0.337168
0.338084
0.339005
0.339931
0.340862
0.341799
0.342741
0.343688
0.34464
0.345598
0.346562
0.347531
0.348505
0.349485
0.350471
0.351462
0.352459
0.353462
0.354471
0.355486
0.356506
0.357533
0.358565
0.359604
0.360648
0.361699
0.362757
0.36382
0.36489
0.365966
0.367049
0.368138
0.369233
0.370336
0.371445
0.370611
0.369772
0.368928
0.36808
0.367227
0.366371
0.36551
0.364646
0.363779
0.362908
0.362034
0.361157
0.360278
0.359396
0.358511
0.357625
0.356736
0.355846
0.354954
0.35406
0.353165
0.352269
0.351372
0.350473
0.349574
0.348674
0.347774
0.346873
0.345971
0.34507
0.344168
0.343267
0.342365
0.341464
0.340563
0.339663
0.338763
0.337864
0.336965
0.336068
0.335171
0.334275
0.33338
0.332487
0.331595
0.330704
0.329814
0.328926
0.328039
0.327154
0.326271
0.325389
0.324509
0.323632
0.322755
0.321881
0.321009
0.320139
0.319271
0.318406
0.317542
0.316681
0.315822
0.314966
0.314112
0.31326
0.312411
0.311564
0.31072
0.309878
0.309039
0.308203
0.307369
0.306539
0.30571
0.304885
0.304062
0.303243
0.302426
0.301612
0.300801
0.299992
0.299187
0.298385
0.297585
0.296789
0.295995
0.295205
0.294418
0.293633
0.292852
0.292074
0.291299
0.290527
0.289758
0.288992
0.288229
0.28747
0.286713
0.28596
0.28521
0.284463
0.283719
0.282978
0.282241
0.281506
0.280775
0.280047
0.279322
0.278601
0.277882
0.277167
0.276454
0.275745
0.27504
0.274337
0.273637
0.272941
0.272248
0.271558
0.270871
0.270187
0.269506
0.268829
0.268155
0.267483
0.266815
0.26615
0.265488
0.26483
0.264174
0.263521
0.262872
0.262225
0.261582
0.260942
0.260304
0.25967
0.259039
0.258411
0.257786
0.257163
0.256544
0.255928
0.255315
0.254705
0.254097
0.253493
0.252892
0.252293
0.251697
0.251105
0.250515
0.249928
0.249344
0.248763
0.248185
0.247609
0.247036
0.246466
0.245899
0.245335
0.244774
0.244215
0.243659
0.243106
0.242555
0.242008
0.241462
0.24092
0.24038
0.239843
0.239309
0.238777
0.238248
0.237722
0.237198
0.236677
0.236158
0.235642
0.235128
0.234617
0.234109
0.233603
0.2331
0.232599
0.2321
0.231604
0.231111
0.23062
0.230131
0.229645
0.229161
0.22868
0.228201
0.227724
0.22725
0.226778
0.226309
0.225841
0.225377
0.224914
0.224454
0.223996
0.22354
0.223086
0.222635
0.222186
0.221739
0.221295
0.220852
0.220412
0.219974
0.219538
0.219104
0.218673
0.218243
0.217816
0.21739
0.216967
0.216546
0.216127
0.21571
0.215295
0.214882
0.214471
0.214062
0.213656
0.213251
0.212848
0.212447
0.212048
0.211651
0.211256
0.210863
0.210471
0.210082
0.209694
0.209309
0.208925
0.208543
0.208163
0.207785
0.207409
0.207034
0.206662
0.206291
0.205922
0.205554
0.205189
0.204825
0.204463
0.204103
0.203744
0.203387
0.203032
0.202679
0.202327
0.201977
0.201629
0.201282
0.200937
0.200593
0.200252
0.199912
0.199573
0.199236
0.198901
0.198567
0.198235
0.197904
0.197575
0.197248
0.196922
0.196598
0.196275
0.195954
0.195634
0.195316
0.194999
0.194684
0.19437
0.194058
0.193747
0.193437
0.19313
0.192823
0.192518
0.192214
0.191912
0.191611
0.191312
0.191014
0.190718
0.190422
0.190128
0.189836
0.189545
0.189255
0.188967
0.18868
0.188394
0.18811
0.187826
0.187545
0.187264
0.186985
0.186707
0.186431
0.186155
0.185881
0.185608
0.185337
0.185066
0.184797
0.18453
0.184263
0.183998
0.183734
0.183471
0.183209
0.182948
0.182689
0.182431
0.182174
0.181918
0.181663
0.18141
0.181158
0.180906
0.180656
0.180408
0.18016
0.179913
0.179668
0.179423
0.17918
0.178938
0.178697
0.178457
0.178218
0.17798
0.177743
0.177508
0.177273
0.17704
0.176807
0.176576
0.176345
0.176116
0.175888
0.175661
0.175434
0.175209
0.174985
0.174762
0.17454
0.174318
0.174098
0.173879
0.173661
0.173444
0.173227
0.173012
0.172798
0.172585
0.172372
0.172161
0.17195
0.171741
0.171532
0.171325
0.171118
0.170912
0.170707
0.170503
0.1703
0.170098
0.169897
0.169697
0.169497
0.169299
0.169101
0.168904
0.168709
0.168514
0.16832
0.168126
0.167934
0.167743
0.167552
0.167362
0.167173
0.166985
0.166798
0.166612
0.166426
0.166241
0.166058
0.165875
0.165692
0.165511
0.16533
0.165151
0.164972
0.164793
0.164616
0.16444
0.164264
0.164089
0.163915
0.163741
0.163569
0.163397
0.163226
0.163056
0.162886
0.162717
0.162549
0.162382
0.162216
0.16205
0.161885
0.161721
0.161557
0.161395
0.161233
0.161071
0.160911
0.160751
0.160592
0.160434
0.160276
0.160119
0.159963
0.159808
0.159653
0.159499
0.159346
0.159193
0.159041
0.15889
0.158739
0.15859
0.15844
0.158292
0.158144
0.157997
0.157851
0.157705
0.15756
0.157415
0.157272
0.157129
0.156986
0.156845
0.156703
0.156563
0.156423
0.156284
0.156146
0.156008
0.155871
0.155734
0.155598
0.155463
0.155328
0.155194
0.155061
0.154928
0.154796
0.154665
0.154534
0.154404
0.154274
0.154145
0.154017
0.153889
0.153762
0.153635
0.153509
0.153384
0.153259
0.153135
0.153012
0.152889
0.152766
0.152645
0.152524
0.152403
0.152283
0.152164
0.152045
0.151927
0.151809
0.151692
0.151575
0.151459
0.151344
0.151229
0.151115
0.151001
0.150888
0.150776
0.150664
0.150552
0.150441
0.150331
0.150221
0.150112
0.150004
0.149895
0.149788
0.149681
0.149574
0.149468
0.149363
0.149258
0.149154
0.14905
0.148947
0.148844
0.148742
0.14864
0.148539
0.148439
0.148339
0.148239
0.14814
0.148042
0.147944
0.147846
0.147749
0.147653
0.147557
0.147461
0.147367
0.147272
0.147178
0.147085
0.146992
0.1469
0.146808
0.146717
0.146626
0.146535
0.146445
0.146356
0.146267
0.146179
0.146091
0.146003
0.145917
0.14583
0.145744
0.145659
0.145574
0.145489
0.145405
0.145322
0.145239
0.145156
0.145074
0.144992
0.144911
0.14483
0.14475
0.144671
0.144591
0.144512
0.144434
0.144356
0.144279
0.144202
0.144125
0.144049
0.143974
0.143899
0.143824
0.14375
0.143676
0.143603
0.14353
0.143458
0.143386
0.143314
0.143243
0.143173
0.143103
0.143033
0.142964
0.142895
0.142827
0.142759
0.142691
0.142624
0.142558
0.142492
0.142426
0.142361
0.142296
0.142231
0.142168
0.142104
0.142041
0.141978
0.141916
0.141854
0.141793
0.141732
0.141671
0.141611
0.141552
0.141492
0.141434
0.141375
0.141317
0.14126
0.141203
0.141146
0.14109
0.141034
0.140978
0.140923
0.140869
0.140814
0.140761
0.140707
0.140654
0.140602
0.140549
0.140498
0.140446
0.140395
0.140345
0.140295
0.140245
0.140196
0.140147
0.140098
0.14005
0.140003
0.139955
0.139908
0.139862
0.139816
0.13977
0.139725
0.13968
0.139635
0.139591
0.139548
0.139504
0.139461
0.139419
0.139377
0.139335
0.139294
0.139253
0.139212
0.139172
0.139132
0.139093
0.139054
0.139015
0.138977
0.138939
0.138901
0.138864
0.138828
0.138791
0.138755
0.13872
0.138685
0.13865
0.138615
0.138581
0.138548
0.138514
0.138481
0.138449
0.138417
0.138385
0.138354
0.138323
0.138292
0.138262
0.138232
0.138202
0.138173
0.138144
0.138116
0.138088
0.13806
0.138033
0.138006
0.137979
0.137953
0.137927
0.137902
0.137877
0.137852
0.137828
0.137804
0.13778
0.137757
0.137734
0.137712
0.137689
0.137668
0.137646
0.137625
0.137604
0.137584
0.137564
0.137544
0.137525
0.137506
0.137488
0.137469
0.137452
0.137434
0.137417
0.1374
0.137384
0.137368
0.137352
0.137337
0.137322
0.137307
0.137293
0.137279
0.137266
0.137252
0.13724
0.137227
0.137215
0.137203
0.137192
0.137181
0.13717
0.137159
0.137149
0.13714
0.13713
0.137121
0.137113
0.137105
0.137097
0.137089
0.137082
0.137075
0.137068
0.137062
0.137056
0.137051
0.137046
0.137041
0.137036
0.137032
0.137029
0.137025
0.137022
0.137019
0.137017
0.137015
0.137013
0.137012
0.137011
0.13701
0.13701
0.13701
0.13701
0.137011
0.137012
0.137013
0.137015
0.137017
0.13702
0.137022
0.137025
0.137029
0.137033
0.137037
0.137041
0.137046
0.137051
0.137057
0.137062
0.137069
0.137075
0.137082
0.137089
0.137097
0.137104
0.137113
0.137121
0.13713
0.137139
0.137149
0.137159
0.137169
0.137179
0.13719
0.137202
0.137213
0.137225
0.137237
0.13725
0.137263
0.137276
0.13729
0.137304
0.137318
0.137332
0.137347
0.137363
0.137378
0.137394
0.13741
0.137427
0.137444
0.137461
0.137479
0.137497
0.137515
0.137534
0.137553
0.137572
0.137591
0.137611
0.137632
0.137652
0.137673
0.137695
0.137716
0.137738
0.13776
0.137783
0.137806
0.137829
0.137853
0.137877
0.137901
0.137926
0.137951
0.137976
0.138002
0.138028
0.138054
0.138081
0.138108
0.138135
0.138163
0.138191
0.138219
0.138248
0.138277
0.138306
0.138335
0.138365
0.138396
0.138426
0.138457
0.138489
0.13852
0.138552
0.138585
0.138617
0.13865
0.138684
0.138717
0.138751
0.138786
0.13882
0.138855
0.138891
0.138926
0.138962
0.138999
0.139035
0.139072
0.13911
0.139148
0.139186
0.139224
0.139263
0.139302
0.139341
0.139381
0.139421
0.139461
0.139502
0.139543
0.139584
0.139626
0.139668
0.139711
0.139753
0.139796
0.13984
0.139884
0.139928
0.139972
0.140017
0.140062
0.140108
0.140153
0.1402
0.140246
0.140293
0.14034
0.140388
0.140435
0.140484
0.140532
0.140581
0.14063
0.14068
0.14073
0.14078
0.14083
0.140881
0.140933
0.140984
0.141036
0.141089
0.141141
0.141194
0.141248
0.141301
0.141355
0.14141
0.141464
0.141519
0.141575
0.141631
0.141687
0.141743
0.1418
0.141857
0.141915
0.141972
0.142031
0.142089
0.142148
0.142207
0.142267
0.142327
0.142387
0.142448
0.142509
0.14257
0.142632
0.142694
0.142756
0.142819
0.142882
0.142945
0.143009
0.143073
0.143138
0.143203
0.143268
0.143334
0.1434
0.143466
0.143533
0.1436
0.143667
0.143735
0.143803
0.143871
0.14394
0.144009
0.144079
0.144149
0.144219
0.14429
0.144361
0.144432
0.144504
0.144576
0.144648
0.144721
0.144794
0.144868
0.144942
0.145016
0.14509
0.145165
0.145241
0.145317
0.145393
0.145469
0.145546
0.145623
0.145701
0.145779
0.145857
0.145936
0.146015
0.146094
0.146174
0.146254
0.146335
0.146416
0.146497
0.146579
0.146661
0.146743
0.146826
0.146909
0.146993
0.147077
0.147161
0.147246
0.147331
0.147417
0.147503
0.147589
0.147675
0.147763
0.14785
0.147938
0.148026
0.148115
0.148204
0.148293
0.148383
0.148473
0.148563
0.148654
0.148746
0.148837
0.148929
0.149022
0.149115
0.149208
0.149302
0.149396
0.14949
0.149585
0.149681
0.149776
0.149872
0.149969
0.150066
0.150163
0.150261
0.150359
0.150457
0.150556
0.150656
0.150755
0.150855
0.150956
0.151057
0.151158
0.15126
0.151362
0.151465
0.151568
0.151671
0.151775
0.15188
0.151984
0.152089
0.152195
0.152301
0.152407
0.152514
0.152621
0.152729
0.152837
0.152945
0.153054
0.153164
0.153274
0.153384
0.153494
0.153605
0.153717
0.153829
0.153941
0.154054
0.154167
0.154281
0.154395
0.15451
0.154625
0.15474
0.154856
0.154972
0.155089
0.155206
0.155324
0.155442
0.155561
0.15568
0.155799
0.155919
0.156039
0.15616
0.156281
0.156403
0.156525
0.156648
0.156771
0.156895
0.157019
0.157143
0.157268
0.157393
0.157519
0.157646
0.157772
0.1579
0.158027
0.158156
0.158284
0.158414
0.158543
0.158673
0.158804
0.158935
0.159067
0.159199
0.159331
0.159464
0.159598
0.159732
0.159866
0.160001
0.160136
0.160272
0.160409
0.160546
0.160683
0.160821
0.160959
0.161098
0.161238
0.161378
0.161518
0.161659
0.1618
0.161942
0.162085
0.162228
0.162371
0.162515
0.16266
0.162805
0.16295
0.163096
0.163243
0.16339
0.163538
0.163686
0.163834
0.163984
0.164133
0.164284
0.164434
0.164586
0.164738
0.16489
0.165043
0.165197
0.165351
0.165505
0.16566
0.165816
0.165972
0.166129
0.166286
0.166444
0.166603
0.166762
0.166921
0.167081
0.167242
0.167403
0.167565
0.167727
0.16789
0.168054
0.168218
0.168382
0.168548
0.168713
0.16888
0.169047
0.169214
0.169383
0.169551
0.169721
0.169891
0.170061
0.170232
0.170404
0.170576
0.170749
0.170923
0.171097
0.171271
0.171447
0.171623
0.171799
0.171976
0.172154
0.172333
0.172512
0.172691
0.172871
0.173052
0.173234
0.173416
0.173599
0.173782
0.173966
0.174151
0.174336
0.174522
0.174709
0.174896
0.175084
0.175273
0.175462
0.175652
0.175843
0.176034
0.176226
0.176418
0.176612
0.176806
0.177
0.177195
0.177391
0.177588
0.177785
0.177983
0.178182
0.178381
0.178581
0.178782
0.178984
0.179186
0.179389
0.179592
0.179797
0.180002
0.180207
0.180414
0.180621
0.180829
0.181037
0.181247
0.181457
0.181668
0.181879
0.182091
0.182304
0.182518
0.182733
0.182948
0.183164
0.183381
0.183598
0.183817
0.184036
0.184255
0.184476
0.184697
0.184919
0.185142
0.185366
0.185591
0.185816
0.186042
0.186269
0.186496
0.186725
0.186954
0.187184
0.187415
0.187647
0.187879
0.188113
0.188347
0.188582
0.188818
0.189054
0.189292
0.18953
0.189769
0.190009
0.19025
0.190492
0.190734
0.190978
0.191222
0.191467
0.191713
0.19196
0.192208
0.192457
0.192706
0.192957
0.193208
0.19346
0.193713
0.193968
0.194223
0.194478
0.194735
0.194993
0.195252
0.195511
0.195772
0.196033
0.196295
0.196559
0.196823
0.197088
0.197354
0.197621
0.19789
0.198159
0.198429
0.1987
0.198972
0.199245
0.199519
0.199793
0.200069
0.200346
0.200624
0.200903
0.201183
0.201464
0.201746
0.202029
0.202314
0.202599
0.202885
0.203172
0.20346
0.20375
0.20404
0.204332
0.204624
0.204918
0.205213
0.205508
0.205805
0.206103
0.206402
0.206703
0.207004
0.207306
0.20761
0.207915
0.20822
0.208527
0.208835
0.209145
0.209455
0.209767
0.210079
0.210393
0.210708
0.211024
0.211342
0.211661
0.21198
0.212301
0.212624
0.212947
0.213272
0.213598
0.213925
0.214253
0.214583
0.214914
0.215246
0.215579
0.215914
0.21625
0.216587
0.216926
0.217266
0.217607
0.217949
0.218293
0.218638
0.218984
0.219332
0.219681
0.220032
0.220383
0.220737
0.221091
0.221447
0.221804
0.222163
0.222523
0.222884
0.223247
0.223611
0.223977
0.224344
0.224713
0.225083
0.225454
0.225827
0.226202
0.226578
0.226955
0.227334
0.227714
0.228096
0.22848
0.228864
0.229251
0.229639
0.230028
0.23042
0.230812
0.231206
0.231602
0.232
0.232399
0.232799
0.233202
0.233605
0.234011
0.234418
0.234827
0.235237
0.235649
0.236063
0.236479
0.236896
0.237315
0.237735
0.238158
0.238582
0.239007
0.239435
0.239864
0.240295
0.240728
0.241163
0.241599
0.242038
0.242478
0.24292
0.243363
0.243809
0.244257
0.244706
0.245157
0.24561
0.246065
0.246522
0.246981
0.247442
0.247905
0.24837
0.248836
0.249305
0.249776
0.250249
0.250723
0.2512
0.251679
0.25216
0.252643
0.253128
0.253615
0.254104
0.254596
0.255089
0.255585
0.256083
0.256583
0.257085
0.257589
0.258096
0.258604
0.259115
0.259629
0.260144
0.260662
0.261182
0.261704
0.262229
0.262756
0.263285
0.263817
0.264351
0.264888
0.265427
0.265968
0.266512
0.267058
0.267607
0.268158
0.268712
0.269268
0.269826
0.270388
0.270951
0.271518
0.272087
0.272658
0.273233
0.27381
0.274389
0.274971
0.275556
0.276144
0.276734
0.277327
0.277923
0.278522
0.279123
0.279727
0.280335
0.280944
0.281557
0.282173
0.282792
0.283413
0.284038
0.284665
0.285296
0.285929
0.286566
0.287205
0.287848
0.288494
0.289143
0.289795
0.29045
0.291108
0.29177
0.292435
0.293103
0.293774
0.294449
0.295127
0.295808
0.296493
0.297181
0.297872
0.298567
0.299265
0.299967
0.300672
0.301381
0.302093
0.302809
0.303529
0.304252
0.304979
0.30571
0.306444
0.307182
0.307924
0.308669
0.309418
0.310172
0.310929
0.31169
0.312455
0.313224
0.313996
0.314773
0.315554
0.316339
0.317128
0.317922
0.318719
0.319521
0.320327
0.321137
0.321951
0.32277
0.323593
0.324421
0.325253
0.326089
0.32693
0.327775
0.328625
0.32948
0.330339
0.331203
0.332072
0.332945
0.333824
0.334707
0.335595
0.336487
0.337385
0.338288
0.339196
0.340108
0.341026
0.341949
0.342877
0.343811
0.344749
0.345693
0.346643
0.347598
0.348558
0.349523
0.350495
0.351471
0.352454
0.353442
0.354435
0.355435
0.35644
0.357451
0.358469
0.359492
0.360521
0.361556
0.362597
0.363644
0.364698
0.365758
0.366824
0.367896
0.368975
0.370061
0.371153
0.370346
0.369533
0.368716
0.367894
0.367068
0.366237
0.365402
0.364564
0.363722
0.362876
0.362027
0.361175
0.36032
0.359462
0.358602
0.357739
0.356874
0.356007
0.355139
0.354268
0.353396
0.352522
0.351647
0.350771
0.349894
0.349016
0.348138
0.347258
0.346379
0.345498
0.344618
0.343737
0.342856
0.341976
0.341095
0.340215
0.339335
0.338456
0.337577
0.336699
0.335821
0.334945
0.334069
0.333194
0.332321
0.331448
0.330577
0.329707
0.328838
0.327971
0.327106
0.326242
0.325379
0.324519
0.32366
0.322803
0.321947
0.321094
0.320243
0.319394
0.318546
0.317701
0.316859
0.316018
0.31518
0.314343
0.31351
0.312678
0.311849
0.311023
0.310199
0.309378
0.308559
0.307742
0.306929
0.306118
0.305309
0.304504
0.303701
0.302901
0.302103
0.301309
0.300517
0.299728
0.298942
0.298158
0.297378
0.296601
0.295826
0.295055
0.294286
0.29352
0.292758
0.291998
0.291241
0.290488
0.289737
0.28899
0.288245
0.287503
0.286765
0.28603
0.285297
0.284568
0.283842
0.283119
0.282398
0.281681
0.280968
0.280257
0.279549
0.278844
0.278143
0.277444
0.276749
0.276057
0.275368
0.274681
0.273998
0.273318
0.272642
0.271968
0.271297
0.270629
0.269965
0.269303
0.268645
0.267989
0.267337
0.266687
0.266041
0.265398
0.264757
0.26412
0.263486
0.262855
0.262226
0.261601
0.260978
0.260359
0.259743
0.259129
0.258519
0.257911
0.257306
0.256704
0.256105
0.255509
0.254916
0.254326
0.253739
0.253154
0.252572
0.251993
0.251417
0.250844
0.250274
0.249706
0.249141
0.248579
0.24802
0.247463
0.246909
0.246358
0.24581
0.245264
0.244721
0.244181
0.243643
0.243108
0.242575
0.242046
0.241518
0.240994
0.240472
0.239953
0.239436
0.238922
0.23841
0.237901
0.237394
0.23689
0.236389
0.23589
0.235393
0.234899
0.234407
0.233918
0.233431
0.232947
0.232465
0.231985
0.231508
0.231033
0.230561
0.230091
0.229623
0.229157
0.228694
0.228233
0.227775
0.227318
0.226864
0.226413
0.225963
0.225516
0.225071
0.224628
0.224187
0.223749
0.223313
0.222878
0.222446
0.222017
0.221589
0.221163
0.22074
0.220318
0.219899
0.219482
0.219067
0.218654
0.218243
0.217833
0.217426
0.217021
0.216618
0.216217
0.215818
0.215421
0.215026
0.214633
0.214241
0.213852
0.213465
0.213079
0.212695
0.212314
0.211934
0.211556
0.21118
0.210805
0.210433
0.210062
0.209693
0.209326
0.208961
0.208597
0.208235
0.207875
0.207517
0.207161
0.206806
0.206453
0.206101
0.205752
0.205404
0.205058
0.204713
0.20437
0.204029
0.203689
0.203351
0.203015
0.20268
0.202347
0.202016
0.201686
0.201358
0.201031
0.200706
0.200382
0.20006
0.19974
0.199421
0.199103
0.198787
0.198473
0.19816
0.197849
0.197539
0.19723
0.196924
0.196618
0.196314
0.196011
0.19571
0.195411
0.195112
0.194815
0.19452
0.194226
0.193933
0.193642
0.193352
0.193064
0.192777
0.192491
0.192206
0.191923
0.191642
0.191361
0.191082
0.190804
0.190528
0.190253
0.189979
0.189706
0.189435
0.189165
0.188896
0.188629
0.188363
0.188098
0.187834
0.187571
0.18731
0.18705
0.186791
0.186534
0.186277
0.186022
0.185768
0.185515
0.185264
0.185013
0.184764
0.184516
0.184269
0.184023
0.183779
0.183535
0.183293
0.183051
0.182811
0.182572
0.182335
0.182098
0.181862
0.181628
0.181394
0.181162
0.18093
0.1807
0.180471
0.180243
0.180016
0.17979
0.179565
0.179341
0.179118
0.178896
0.178676
0.178456
0.178237
0.178019
0.177803
0.177587
0.177372
0.177159
0.176946
0.176734
0.176524
0.176314
0.176105
0.175897
0.175691
0.175485
0.17528
0.175076
0.174873
0.174671
0.17447
0.174269
0.17407
0.173872
0.173674
0.173478
0.173282
0.173088
0.172894
0.172701
0.172509
0.172318
0.172128
0.171939
0.17175
0.171563
0.171376
0.17119
0.171005
0.170821
0.170638
0.170456
0.170274
0.170094
0.169914
0.169735
0.169557
0.16938
0.169203
0.169028
0.168853
0.168679
0.168506
0.168334
0.168162
0.167991
0.167821
0.167652
0.167484
0.167317
0.16715
0.166984
0.166819
0.166655
0.166491
0.166328
0.166166
0.166005
0.165844
0.165685
0.165526
0.165368
0.16521
0.165053
0.164897
0.164742
0.164588
0.164434
0.164281
0.164129
0.163977
0.163827
0.163676
0.163527
0.163379
0.163231
0.163083
0.162937
0.162791
0.162646
0.162502
0.162358
0.162215
0.162073
0.161932
0.161791
0.16165
0.161511
0.161372
0.161234
0.161097
0.16096
0.160824
0.160688
0.160554
0.16042
0.160286
0.160153
0.160021
0.15989
0.159759
0.159629
0.1595
0.159371
0.159243
0.159115
0.158988
0.158862
0.158736
0.158611
0.158487
0.158363
0.15824
0.158118
0.157996
0.157875
0.157754
0.157634
0.157515
0.157396
0.157278
0.157161
0.157044
0.156928
0.156812
0.156697
0.156583
0.156469
0.156355
0.156243
0.156131
0.156019
0.155908
0.155798
0.155688
0.155579
0.155471
0.155363
0.155255
0.155149
0.155042
0.154937
0.154832
0.154727
0.154623
0.15452
0.154417
0.154315
0.154213
0.154112
0.154011
0.153911
0.153812
0.153713
0.153615
0.153517
0.15342
0.153323
0.153227
0.153131
0.153036
0.152942
0.152848
0.152755
0.152662
0.152569
0.152478
0.152386
0.152296
0.152205
0.152116
0.152027
0.151938
0.15185
0.151762
0.151675
0.151589
0.151503
0.151417
0.151332
0.151248
0.151164
0.15108
0.150997
0.150915
0.150833
0.150752
0.150671
0.150591
0.150511
0.150431
0.150352
0.150274
0.150196
0.150119
0.150042
0.149966
0.14989
0.149814
0.149739
0.149665
0.149591
0.149518
0.149445
0.149372
0.1493
0.149229
0.149158
0.149087
0.149017
0.148948
0.148879
0.14881
0.148742
0.148674
0.148607
0.14854
0.148474
0.148408
0.148343
0.148278
0.148214
0.14815
0.148086
0.148024
0.147961
0.147899
0.147837
0.147776
0.147716
0.147655
0.147596
0.147536
0.147478
0.147419
0.147361
0.147304
0.147247
0.14719
0.147134
0.147079
0.147023
0.146969
0.146914
0.146861
0.146807
0.146754
0.146702
0.14665
0.146598
0.146547
0.146496
0.146446
0.146396
0.146346
0.146297
0.146249
0.146201
0.146153
0.146106
0.146059
0.146012
0.145967
0.145921
0.145876
0.145831
0.145787
0.145743
0.1457
0.145657
0.145614
0.145572
0.14553
0.145489
0.145448
0.145408
0.145368
0.145328
0.145289
0.145251
0.145212
0.145174
0.145137
0.1451
0.145063
0.145027
0.144991
0.144956
0.144921
0.144886
0.144852
0.144818
0.144785
0.144752
0.14472
0.144687
0.144656
0.144624
0.144594
0.144563
0.144533
0.144503
0.144474
0.144445
0.144417
0.144389
0.144361
0.144334
0.144307
0.144281
0.144255
0.144229
0.144204
0.144179
0.144155
0.144131
0.144107
0.144084
0.144061
0.144038
0.144016
0.143995
0.143973
0.143953
0.143932
0.143912
0.143892
0.143873
0.143854
0.143836
0.143818
0.1438
0.143783
0.143766
0.143749
0.143733
0.143717
0.143702
0.143687
0.143672
0.143658
0.143644
0.143631
0.143618
0.143605
0.143593
0.143581
0.143569
0.143558
0.143548
0.143537
0.143527
0.143518
0.143508
0.1435
0.143491
0.143483
0.143475
0.143468
0.143461
0.143455
0.143448
0.143443
0.143437
0.143432
0.143428
0.143423
0.143419
0.143416
0.143413
0.14341
0.143408
0.143406
0.143404
0.143403
0.143402
0.143401
0.143401
0.143402
0.143402
0.143403
0.143405
0.143406
0.143409
0.143411
0.143414
0.143417
0.143421
0.143425
0.143429
0.143434
0.143439
0.143444
0.14345
0.143457
0.143463
0.14347
0.143477
0.143485
0.143493
0.143502
0.14351
0.14352
0.143529
0.143539
0.143549
0.14356
0.143571
0.143583
0.143594
0.143606
0.143619
0.143632
0.143645
0.143659
0.143673
0.143687
0.143702
0.143717
0.143732
0.143748
0.143764
0.143781
0.143798
0.143815
0.143833
0.143851
0.143869
0.143888
0.143907
0.143927
0.143947
0.143967
0.143987
0.144008
0.14403
0.144051
0.144073
0.144096
0.144119
0.144142
0.144165
0.144189
0.144214
0.144238
0.144263
0.144289
0.144314
0.14434
0.144367
0.144394
0.144421
0.144448
0.144476
0.144505
0.144533
0.144562
0.144592
0.144621
0.144652
0.144682
0.144713
0.144744
0.144776
0.144808
0.14484
0.144873
0.144906
0.144939
0.144973
0.145007
0.145042
0.145077
0.145112
0.145147
0.145183
0.14522
0.145257
0.145294
0.145331
0.145369
0.145407
0.145446
0.145485
0.145524
0.145564
0.145604
0.145644
0.145685
0.145726
0.145768
0.145809
0.145852
0.145894
0.145937
0.145981
0.146024
0.146069
0.146113
0.146158
0.146203
0.146249
0.146295
0.146341
0.146388
0.146435
0.146482
0.14653
0.146578
0.146627
0.146676
0.146725
0.146775
0.146825
0.146875
0.146926
0.146977
0.147029
0.147081
0.147133
0.147186
0.147239
0.147292
0.147346
0.1474
0.147455
0.14751
0.147565
0.147621
0.147677
0.147734
0.14779
0.147848
0.147905
0.147963
0.148021
0.14808
0.148139
0.148199
0.148259
0.148319
0.14838
0.148441
0.148502
0.148564
0.148626
0.148689
0.148752
0.148815
0.148879
0.148943
0.149007
0.149072
0.149137
0.149203
0.149269
0.149335
0.149402
0.149469
0.149537
0.149605
0.149673
0.149742
0.149811
0.149881
0.149951
0.150021
0.150092
0.150163
0.150234
0.150306
0.150379
0.150451
0.150524
0.150598
0.150672
0.150746
0.150821
0.150896
0.150971
0.151047
0.151123
0.1512
0.151277
0.151354
0.151432
0.151511
0.151589
0.151668
0.151748
0.151828
0.151908
0.151989
0.15207
0.152151
0.152233
0.152315
0.152398
0.152481
0.152565
0.152649
0.152733
0.152818
0.152903
0.152989
0.153075
0.153161
0.153248
0.153335
0.153423
0.153511
0.1536
0.153688
0.153778
0.153868
0.153958
0.154048
0.154139
0.154231
0.154323
0.154415
0.154508
0.154601
0.154694
0.154788
0.154883
0.154978
0.155073
0.155169
0.155265
0.155362
0.155459
0.155556
0.155654
0.155752
0.155851
0.15595
0.15605
0.15615
0.15625
0.156351
0.156453
0.156554
0.156657
0.156759
0.156862
0.156966
0.15707
0.157175
0.157279
0.157385
0.157491
0.157597
0.157704
0.157811
0.157918
0.158027
0.158135
0.158244
0.158353
0.158463
0.158574
0.158685
0.158796
0.158908
0.15902
0.159132
0.159246
0.159359
0.159473
0.159588
0.159703
0.159818
0.159934
0.160051
0.160167
0.160285
0.160403
0.160521
0.16064
0.160759
0.160879
0.160999
0.16112
0.161241
0.161362
0.161485
0.161607
0.16173
0.161854
0.161978
0.162103
0.162228
0.162353
0.162479
0.162606
0.162733
0.16286
0.162988
0.163117
0.163246
0.163376
0.163506
0.163636
0.163767
0.163899
0.164031
0.164163
0.164297
0.16443
0.164564
0.164699
0.164834
0.16497
0.165106
0.165243
0.16538
0.165518
0.165656
0.165795
0.165934
0.166074
0.166214
0.166355
0.166497
0.166639
0.166781
0.166924
0.167068
0.167212
0.167357
0.167502
0.167648
0.167794
0.167941
0.168088
0.168236
0.168385
0.168534
0.168684
0.168834
0.168985
0.169136
0.169288
0.16944
0.169593
0.169747
0.169901
0.170056
0.170211
0.170367
0.170523
0.17068
0.170838
0.170996
0.171155
0.171314
0.171474
0.171634
0.171795
0.171957
0.172119
0.172282
0.172446
0.17261
0.172774
0.17294
0.173105
0.173272
0.173439
0.173607
0.173775
0.173944
0.174113
0.174284
0.174454
0.174626
0.174798
0.17497
0.175144
0.175318
0.175492
0.175667
0.175843
0.176019
0.176196
0.176374
0.176553
0.176731
0.176911
0.177091
0.177272
0.177454
0.177636
0.177819
0.178003
0.178187
0.178372
0.178557
0.178744
0.178931
0.179118
0.179306
0.179495
0.179685
0.179875
0.180066
0.180258
0.18045
0.180643
0.180837
0.181031
0.181227
0.181422
0.181619
0.181816
0.182014
0.182213
0.182412
0.182612
0.182813
0.183015
0.183217
0.18342
0.183624
0.183828
0.184034
0.184239
0.184446
0.184654
0.184862
0.185071
0.18528
0.185491
0.185702
0.185914
0.186127
0.18634
0.186554
0.186769
0.186985
0.187202
0.187419
0.187637
0.187856
0.188076
0.188297
0.188518
0.18874
0.188963
0.189187
0.189411
0.189636
0.189863
0.190089
0.190317
0.190546
0.190775
0.191006
0.191237
0.191469
0.191701
0.191935
0.192169
0.192405
0.192641
0.192878
0.193116
0.193355
0.193594
0.193835
0.194076
0.194318
0.194561
0.194805
0.19505
0.195296
0.195543
0.19579
0.196039
0.196288
0.196538
0.19679
0.197042
0.197295
0.197549
0.197804
0.198059
0.198316
0.198574
0.198832
0.199092
0.199353
0.199614
0.199877
0.20014
0.200404
0.20067
0.200936
0.201203
0.201472
0.201741
0.202011
0.202283
0.202555
0.202828
0.203103
0.203378
0.203654
0.203932
0.20421
0.20449
0.20477
0.205052
0.205334
0.205618
0.205903
0.206188
0.206475
0.206763
0.207052
0.207342
0.207633
0.207925
0.208219
0.208513
0.208809
0.209105
0.209403
0.209702
0.210002
0.210303
0.210605
0.210909
0.211213
0.211519
0.211826
0.212134
0.212443
0.212753
0.213065
0.213377
0.213691
0.214007
0.214323
0.21464
0.214959
0.215279
0.2156
0.215923
0.216246
0.216571
0.216897
0.217225
0.217553
0.217883
0.218214
0.218547
0.218881
0.219216
0.219552
0.21989
0.220229
0.220569
0.22091
0.221253
0.221598
0.221943
0.22229
0.222638
0.222988
0.223339
0.223691
0.224045
0.2244
0.224757
0.225115
0.225474
0.225835
0.226197
0.226561
0.226926
0.227293
0.227661
0.22803
0.228401
0.228773
0.229147
0.229523
0.2299
0.230278
0.230658
0.231039
0.231422
0.231807
0.232193
0.232581
0.23297
0.23336
0.233753
0.234147
0.234542
0.234939
0.235338
0.235738
0.23614
0.236544
0.236949
0.237356
0.237765
0.238175
0.238587
0.239001
0.239416
0.239833
0.240252
0.240672
0.241095
0.241519
0.241945
0.242372
0.242801
0.243233
0.243665
0.2441
0.244537
0.244975
0.245415
0.245857
0.246301
0.246747
0.247195
0.247644
0.248096
0.248549
0.249005
0.249462
0.249921
0.250382
0.250845
0.25131
0.251778
0.252247
0.252718
0.253191
0.253666
0.254143
0.254623
0.255104
0.255587
0.256073
0.256561
0.25705
0.257542
0.258037
0.258533
0.259031
0.259532
0.260035
0.26054
0.261047
0.261556
0.262068
0.262582
0.263098
0.263617
0.264138
0.264661
0.265187
0.265715
0.266245
0.266778
0.267313
0.26785
0.26839
0.268932
0.269477
0.270025
0.270574
0.271127
0.271681
0.272239
0.272799
0.273361
0.273926
0.274494
0.275064
0.275637
0.276212
0.27679
0.277371
0.277955
0.278541
0.27913
0.279722
0.280316
0.280914
0.281514
0.282117
0.282723
0.283331
0.283943
0.284557
0.285175
0.285795
0.286418
0.287045
0.287674
0.288306
0.288941
0.28958
0.290221
0.290866
0.291514
0.292164
0.292818
0.293476
0.294136
0.294799
0.295466
0.296136
0.29681
0.297487
0.298167
0.29885
0.299537
0.300227
0.300921
0.301618
0.302319
0.303023
0.303731
0.304442
0.305157
0.305875
0.306597
0.307323
0.308052
0.308785
0.309522
0.310263
0.311007
0.311756
0.312508
0.313264
0.314024
0.314788
0.315555
0.316327
0.317103
0.317883
0.318667
0.319455
0.320247
0.321043
0.321844
0.322649
0.323458
0.324271
0.325089
0.325911
0.326738
0.327569
0.328404
0.329244
0.330088
0.330937
0.331791
0.332649
0.333512
0.33438
0.335252
0.336129
0.337011
0.337898
0.33879
0.339687
0.340588
0.341495
0.342407
0.343324
0.344246
0.345173
0.346105
0.347043
0.347986
0.348935
0.349888
0.350847
0.351812
0.352782
0.353758
0.354739
0.355726
0.356719
0.357718
0.358722
0.359732
0.360748
0.36177
0.362798
0.363833
0.364873
0.365919
0.366972
0.368031
0.369096
0.370167
0.371245
0.370449
0.369647
0.368841
0.36803
0.367215
0.366396
0.365572
0.364745
0.363914
0.36308
0.362242
0.361402
0.360559
0.359713
0.358864
0.358013
0.35716
0.356305
0.355448
0.35459
0.35373
0.352868
0.352005
0.351141
0.350277
0.349411
0.348544
0.347677
0.346809
0.345941
0.345073
0.344204
0.343336
0.342467
0.341599
0.340731
0.339863
0.338996
0.338129
0.337263
0.336398
0.335534
0.33467
0.333807
0.332946
0.332086
0.331226
0.330369
0.329512
0.328657
0.327803
0.326951
0.326101
0.325252
0.324405
0.32356
0.322716
0.321875
0.321035
0.320198
0.319362
0.318529
0.317698
0.316869
0.316042
0.315217
0.314395
0.313575
0.312758
0.311943
0.31113
0.31032
0.309512
0.308707
0.307905
0.307105
0.306307
0.305513
0.304721
0.303932
0.303145
0.302362
0.301581
0.300803
0.300027
0.299255
0.298485
0.297718
0.296954
0.296193
0.295435
0.29468
0.293928
0.293179
0.292432
0.291689
0.290949
0.290211
0.289477
0.288745
0.288017
0.287291
0.286569
0.28585
0.285133
0.28442
0.28371
0.283003
0.282298
0.281597
0.280899
0.280204
0.279512
0.278823
0.278137
0.277454
0.276775
0.276098
0.275424
0.274753
0.274086
0.273421
0.272759
0.272101
0.271445
0.270793
0.270143
0.269497
0.268853
0.268213
0.267575
0.26694
0.266309
0.26568
0.265055
0.264432
0.263812
0.263195
0.262581
0.26197
0.261362
0.260757
0.260155
0.259556
0.258959
0.258366
0.257775
0.257187
0.256602
0.25602
0.25544
0.254864
0.25429
0.253719
0.253151
0.252586
0.252023
0.251463
0.250906
0.250352
0.2498
0.249251
0.248705
0.248161
0.247621
0.247082
0.246547
0.246014
0.245484
0.244956
0.244431
0.243909
0.243389
0.242872
0.242357
0.241845
0.241336
0.240828
0.240324
0.239822
0.239323
0.238826
0.238331
0.237839
0.237349
0.236862
0.236378
0.235895
0.235415
0.234938
0.234463
0.23399
0.23352
0.233052
0.232586
0.232123
0.231662
0.231203
0.230746
0.230292
0.22984
0.229391
0.228943
0.228498
0.228055
0.227614
0.227176
0.22674
0.226305
0.225873
0.225444
0.225016
0.22459
0.224167
0.223745
0.223326
0.222909
0.222494
0.222081
0.22167
0.221261
0.220854
0.220449
0.220047
0.219646
0.219247
0.21885
0.218455
0.218062
0.217671
0.217282
0.216895
0.21651
0.216127
0.215745
0.215366
0.214988
0.214612
0.214239
0.213867
0.213496
0.213128
0.212761
0.212397
0.212034
0.211673
0.211313
0.210956
0.2106
0.210246
0.209893
0.209543
0.209194
0.208847
0.208501
0.208157
0.207815
0.207475
0.207136
0.206799
0.206463
0.20613
0.205797
0.205467
0.205138
0.204811
0.204485
0.204161
0.203838
0.203517
0.203198
0.20288
0.202563
0.202249
0.201935
0.201624
0.201313
0.201005
0.200698
0.200392
0.200088
0.199785
0.199484
0.199184
0.198885
0.198588
0.198293
0.197999
0.197706
0.197415
0.197125
0.196837
0.19655
0.196264
0.19598
0.195697
0.195415
0.195135
0.194856
0.194579
0.194303
0.194028
0.193754
0.193482
0.193211
0.192942
0.192673
0.192406
0.192141
0.191876
0.191613
0.191351
0.19109
0.190831
0.190573
0.190316
0.19006
0.189806
0.189553
0.189301
0.18905
0.1888
0.188552
0.188304
0.188058
0.187814
0.18757
0.187327
0.187086
0.186846
0.186607
0.186369
0.186132
0.185896
0.185662
0.185428
0.185196
0.184965
0.184735
0.184506
0.184278
0.184051
0.183825
0.183601
0.183377
0.183155
0.182933
0.182713
0.182493
0.182275
0.182058
0.181842
0.181627
0.181412
0.181199
0.180987
0.180776
0.180566
0.180357
0.180149
0.179942
0.179736
0.179531
0.179327
0.179124
0.178921
0.17872
0.17852
0.178321
0.178123
0.177925
0.177729
0.177533
0.177339
0.177145
0.176953
0.176761
0.17657
0.17638
0.176191
0.176003
0.175816
0.17563
0.175445
0.17526
0.175077
0.174894
0.174712
0.174532
0.174352
0.174172
0.173994
0.173817
0.17364
0.173465
0.17329
0.173116
0.172943
0.172771
0.172599
0.172429
0.172259
0.17209
0.171922
0.171755
0.171588
0.171423
0.171258
0.171094
0.170931
0.170768
0.170607
0.170446
0.170286
0.170127
0.169968
0.169811
0.169654
0.169498
0.169342
0.169188
0.169034
0.168881
0.168729
0.168578
0.168427
0.168277
0.168128
0.16798
0.167832
0.167685
0.167539
0.167393
0.167249
0.167105
0.166961
0.166819
0.166677
0.166536
0.166396
0.166256
0.166117
0.165979
0.165842
0.165705
0.165569
0.165433
0.165299
0.165165
0.165032
0.164899
0.164767
0.164636
0.164506
0.164376
0.164247
0.164118
0.16399
0.163863
0.163737
0.163611
0.163486
0.163362
0.163238
0.163115
0.162992
0.162871
0.162749
0.162629
0.162509
0.16239
0.162271
0.162154
0.162036
0.16192
0.161804
0.161688
0.161574
0.16146
0.161346
0.161233
0.161121
0.16101
0.160899
0.160789
0.160679
0.16057
0.160461
0.160353
0.160246
0.16014
0.160034
0.159928
0.159823
0.159719
0.159616
0.159513
0.15941
0.159308
0.159207
0.159106
0.159006
0.158907
0.158808
0.15871
0.158612
0.158515
0.158418
0.158322
0.158227
0.158132
0.158038
0.157944
0.157851
0.157759
0.157667
0.157575
0.157485
0.157394
0.157305
0.157215
0.157127
0.157039
0.156951
0.156864
0.156778
0.156692
0.156607
0.156522
0.156438
0.156354
0.156271
0.156189
0.156107
0.156025
0.155944
0.155864
0.155784
0.155705
0.155626
0.155548
0.15547
0.155393
0.155316
0.15524
0.155164
0.155089
0.155015
0.154941
0.154867
0.154794
0.154721
0.154649
0.154578
0.154507
0.154437
0.154367
0.154297
0.154228
0.15416
0.154092
0.154025
0.153958
0.153891
0.153825
0.15376
0.153695
0.153631
0.153567
0.153504
0.153441
0.153378
0.153316
0.153255
0.153194
0.153134
0.153074
0.153014
0.152955
0.152897
0.152839
0.152781
0.152724
0.152668
0.152612
0.152556
0.152501
0.152446
0.152392
0.152339
0.152285
0.152233
0.15218
0.152129
0.152077
0.152026
0.151976
0.151926
0.151877
0.151828
0.151779
0.151731
0.151684
0.151637
0.15159
0.151544
0.151498
0.151453
0.151408
0.151364
0.15132
0.151277
0.151234
0.151191
0.151149
0.151108
0.151067
0.151026
0.150986
0.150946
0.150907
0.150868
0.150829
0.150792
0.150754
0.150717
0.15068
0.150644
0.150608
0.150573
0.150538
0.150504
0.15047
0.150437
0.150403
0.150371
0.150339
0.150307
0.150276
0.150245
0.150214
0.150184
0.150155
0.150126
0.150097
0.150069
0.150041
0.150014
0.149987
0.14996
0.149934
0.149908
0.149883
0.149858
0.149834
0.14981
0.149787
0.149764
0.149741
0.149719
0.149697
0.149676
0.149655
0.149634
0.149614
0.149594
0.149575
0.149556
0.149538
0.14952
0.149502
0.149485
0.149469
0.149452
0.149436
0.149421
0.149406
0.149391
0.149377
0.149363
0.14935
0.149337
0.149325
0.149312
0.149301
0.14929
0.149279
0.149268
0.149258
0.149249
0.149239
0.149231
0.149222
0.149214
0.149207
0.149199
0.149193
0.149186
0.14918
0.149175
0.14917
0.149165
0.149161
0.149157
0.149154
0.149151
0.149148
0.149146
0.149144
0.149142
0.149141
0.149141
0.149141
0.149141
0.149141
0.149142
0.149144
0.149146
0.149148
0.14915
0.149153
0.149157
0.149161
0.149165
0.14917
0.149175
0.14918
0.149186
0.149192
0.149199
0.149206
0.149213
0.149221
0.149229
0.149238
0.149247
0.149257
0.149266
0.149277
0.149287
0.149298
0.14931
0.149322
0.149334
0.149347
0.14936
0.149373
0.149387
0.149401
0.149416
0.149431
0.149446
0.149462
0.149478
0.149495
0.149512
0.149529
0.149547
0.149565
0.149584
0.149603
0.149623
0.149642
0.149663
0.149683
0.149704
0.149726
0.149747
0.14977
0.149792
0.149815
0.149838
0.149862
0.149886
0.149911
0.149936
0.149961
0.149987
0.150013
0.15004
0.150067
0.150094
0.150122
0.15015
0.150178
0.150207
0.150237
0.150266
0.150297
0.150327
0.150358
0.150389
0.150421
0.150453
0.150486
0.150519
0.150552
0.150585
0.15062
0.150654
0.150689
0.150724
0.15076
0.150796
0.150832
0.150869
0.150907
0.150944
0.150982
0.151021
0.15106
0.151099
0.151138
0.151179
0.151219
0.15126
0.151301
0.151343
0.151385
0.151427
0.15147
0.151513
0.151557
0.151601
0.151645
0.15169
0.151736
0.151781
0.151827
0.151874
0.151921
0.151968
0.152015
0.152063
0.152112
0.152161
0.15221
0.15226
0.15231
0.15236
0.152411
0.152462
0.152514
0.152566
0.152619
0.152672
0.152725
0.152779
0.152833
0.152887
0.152942
0.152998
0.153053
0.153109
0.153166
0.153223
0.15328
0.153338
0.153396
0.153455
0.153514
0.153573
0.153633
0.153693
0.153754
0.153815
0.153877
0.153938
0.154001
0.154064
0.154127
0.15419
0.154254
0.154319
0.154383
0.154449
0.154514
0.15458
0.154647
0.154713
0.154781
0.154848
0.154917
0.154985
0.155054
0.155123
0.155193
0.155263
0.155334
0.155405
0.155477
0.155549
0.155621
0.155694
0.155767
0.15584
0.155915
0.155989
0.156064
0.156139
0.156215
0.156291
0.156368
0.156445
0.156522
0.1566
0.156678
0.156757
0.156836
0.156916
0.156996
0.157076
0.157157
0.157239
0.15732
0.157403
0.157485
0.157568
0.157652
0.157736
0.15782
0.157905
0.15799
0.158076
0.158162
0.158249
0.158336
0.158423
0.158511
0.1586
0.158689
0.158778
0.158868
0.158958
0.159048
0.159139
0.159231
0.159323
0.159415
0.159508
0.159601
0.159695
0.15979
0.159884
0.159979
0.160075
0.160171
0.160268
0.160365
0.160462
0.16056
0.160658
0.160757
0.160856
0.160956
0.161056
0.161157
0.161258
0.16136
0.161462
0.161564
0.161667
0.161771
0.161875
0.161979
0.162084
0.16219
0.162296
0.162402
0.162509
0.162616
0.162724
0.162832
0.162941
0.16305
0.16316
0.16327
0.163381
0.163492
0.163603
0.163716
0.163828
0.163941
0.164055
0.164169
0.164284
0.164399
0.164514
0.16463
0.164747
0.164864
0.164982
0.1651
0.165218
0.165338
0.165457
0.165577
0.165698
0.165819
0.165941
0.166063
0.166185
0.166309
0.166432
0.166556
0.166681
0.166806
0.166932
0.167058
0.167185
0.167312
0.16744
0.167569
0.167698
0.167827
0.167957
0.168087
0.168218
0.16835
0.168482
0.168615
0.168748
0.168881
0.169016
0.16915
0.169286
0.169422
0.169558
0.169695
0.169832
0.16997
0.170109
0.170248
0.170388
0.170528
0.170669
0.17081
0.170952
0.171095
0.171238
0.171381
0.171525
0.17167
0.171815
0.171961
0.172108
0.172255
0.172402
0.17255
0.172699
0.172849
0.172998
0.173149
0.1733
0.173452
0.173604
0.173757
0.17391
0.174064
0.174219
0.174374
0.17453
0.174686
0.174843
0.175001
0.175159
0.175318
0.175477
0.175637
0.175798
0.175959
0.176121
0.176284
0.176447
0.17661
0.176775
0.17694
0.177105
0.177272
0.177439
0.177606
0.177774
0.177943
0.178112
0.178282
0.178453
0.178624
0.178796
0.178969
0.179142
0.179316
0.179491
0.179666
0.179842
0.180019
0.180196
0.180374
0.180552
0.180731
0.180911
0.181092
0.181273
0.181455
0.181638
0.181821
0.182005
0.18219
0.182375
0.182561
0.182748
0.182935
0.183123
0.183312
0.183502
0.183692
0.183883
0.184075
0.184267
0.18446
0.184654
0.184848
0.185044
0.18524
0.185436
0.185634
0.185832
0.186031
0.18623
0.186431
0.186632
0.186834
0.187036
0.18724
0.187444
0.187649
0.187854
0.188061
0.188268
0.188476
0.188685
0.188894
0.189104
0.189315
0.189527
0.18974
0.189953
0.190167
0.190382
0.190598
0.190815
0.191032
0.19125
0.191469
0.191689
0.191909
0.192131
0.192353
0.192576
0.1928
0.193025
0.19325
0.193477
0.193704
0.193932
0.194161
0.194391
0.194621
0.194853
0.195085
0.195318
0.195552
0.195787
0.196023
0.19626
0.196497
0.196736
0.196975
0.197215
0.197456
0.197698
0.197941
0.198185
0.19843
0.198675
0.198922
0.199169
0.199418
0.199667
0.199917
0.200168
0.20042
0.200673
0.200927
0.201182
0.201438
0.201695
0.201953
0.202212
0.202472
0.202732
0.202994
0.203257
0.20352
0.203785
0.204051
0.204317
0.204585
0.204854
0.205123
0.205394
0.205666
0.205938
0.206212
0.206487
0.206763
0.20704
0.207317
0.207596
0.207876
0.208158
0.20844
0.208723
0.209007
0.209293
0.209579
0.209867
0.210155
0.210445
0.210736
0.211028
0.211321
0.211615
0.21191
0.212207
0.212504
0.212803
0.213103
0.213404
0.213706
0.214009
0.214314
0.214619
0.214926
0.215234
0.215543
0.215854
0.216165
0.216478
0.216792
0.217107
0.217424
0.217741
0.21806
0.21838
0.218702
0.219024
0.219348
0.219673
0.22
0.220327
0.220656
0.220987
0.221318
0.221651
0.221985
0.22232
0.222657
0.222995
0.223335
0.223675
0.224017
0.224361
0.224706
0.225052
0.225399
0.225748
0.226099
0.22645
0.226803
0.227158
0.227514
0.227871
0.22823
0.22859
0.228951
0.229314
0.229679
0.230045
0.230412
0.230781
0.231152
0.231523
0.231897
0.232272
0.232648
0.233026
0.233405
0.233786
0.234169
0.234553
0.234939
0.235326
0.235715
0.236105
0.236497
0.236891
0.237286
0.237683
0.238081
0.238481
0.238883
0.239286
0.239691
0.240098
0.240506
0.240916
0.241328
0.241742
0.242157
0.242574
0.242993
0.243413
0.243835
0.244259
0.244685
0.245112
0.245542
0.245973
0.246406
0.246841
0.247277
0.247716
0.248156
0.248598
0.249042
0.249488
0.249936
0.250386
0.250837
0.251291
0.251746
0.252204
0.252663
0.253125
0.253588
0.254053
0.254521
0.25499
0.255462
0.255935
0.256411
0.256889
0.257368
0.25785
0.258334
0.25882
0.259308
0.259798
0.260291
0.260786
0.261282
0.261781
0.262283
0.262786
0.263292
0.2638
0.26431
0.264822
0.265337
0.265854
0.266373
0.266895
0.267419
0.267945
0.268474
0.269005
0.269539
0.270075
0.270613
0.271154
0.271697
0.272243
0.272791
0.273342
0.273895
0.274451
0.275009
0.27557
0.276134
0.2767
0.277269
0.27784
0.278414
0.278991
0.27957
0.280152
0.280737
0.281325
0.281915
0.282508
0.283104
0.283703
0.284304
0.284909
0.285516
0.286126
0.286739
0.287355
0.287974
0.288596
0.289221
0.289849
0.29048
0.291114
0.29175
0.292391
0.293034
0.29368
0.294329
0.294982
0.295638
0.296297
0.296959
0.297625
0.298293
0.298966
0.299641
0.30032
0.301002
0.301687
0.302376
0.303069
0.303764
0.304464
0.305167
0.305873
0.306583
0.307296
0.308013
0.308734
0.309459
0.310187
0.310919
0.311654
0.312393
0.313137
0.313884
0.314634
0.315389
0.316148
0.31691
0.317677
0.318447
0.319222
0.32
0.320783
0.32157
0.322361
0.323156
0.323955
0.324759
0.325567
0.326379
0.327195
0.328016
0.328841
0.329671
0.330505
0.331344
0.332187
0.333035
0.333887
0.334744
0.335606
0.336472
0.337343
0.338219
0.3391
0.339985
0.340876
0.341771
0.342672
0.343577
0.344488
0.345403
0.346324
0.34725
0.348181
0.349117
0.350059
0.351006
0.351959
0.352917
0.35388
0.354849
0.355823
0.356803
0.357789
0.358781
0.359778
0.360781
0.36179
0.362805
0.363825
0.364852
0.365885
0.366924
0.367969
0.36902
0.370078
0.371141
0.370363
0.369579
0.36879
0.367997
0.367199
0.366397
0.36559
0.36478
0.363967
0.363149
0.362329
0.361505
0.360679
0.35985
0.359018
0.358184
0.357347
0.356509
0.355668
0.354826
0.353982
0.353136
0.35229
0.351442
0.350592
0.349742
0.348892
0.34804
0.347188
0.346335
0.345482
0.344629
0.343776
0.342922
0.342069
0.341216
0.340363
0.339511
0.338659
0.337807
0.336957
0.336107
0.335258
0.334409
0.333562
0.332716
0.331871
0.331027
0.330184
0.329343
0.328503
0.327664
0.326827
0.325992
0.325158
0.324326
0.323496
0.322668
0.321841
0.321017
0.320194
0.319374
0.318555
0.317739
0.316925
0.316113
0.315303
0.314495
0.31369
0.312887
0.312086
0.311288
0.310493
0.3097
0.308909
0.308121
0.307335
0.306552
0.305772
0.304994
0.304219
0.303446
0.302677
0.30191
0.301145
0.300384
0.299625
0.298869
0.298116
0.297366
0.296619
0.295874
0.295132
0.294393
0.293657
0.292924
0.292194
0.291467
0.290743
0.290021
0.289303
0.288588
0.287875
0.287166
0.286459
0.285755
0.285055
0.284357
0.283663
0.282971
0.282282
0.281597
0.280914
0.280234
0.279557
0.278884
0.278213
0.277545
0.27688
0.276219
0.27556
0.274904
0.274251
0.273601
0.272954
0.27231
0.271669
0.271031
0.270396
0.269764
0.269135
0.268508
0.267885
0.267265
0.266647
0.266033
0.265421
0.264812
0.264206
0.263603
0.263003
0.262406
0.261811
0.26122
0.260631
0.260045
0.259462
0.258882
0.258304
0.25773
0.257158
0.256589
0.256022
0.255459
0.254898
0.25434
0.253785
0.253232
0.252682
0.252135
0.25159
0.251049
0.250509
0.249973
0.249439
0.248908
0.248379
0.247853
0.24733
0.246809
0.246291
0.245775
0.245262
0.244752
0.244244
0.243738
0.243235
0.242735
0.242237
0.241742
0.241249
0.240758
0.24027
0.239784
0.239301
0.23882
0.238342
0.237866
0.237392
0.236921
0.236452
0.235986
0.235522
0.23506
0.2346
0.234143
0.233688
0.233236
0.232785
0.232337
0.231891
0.231448
0.231006
0.230567
0.23013
0.229695
0.229262
0.228832
0.228404
0.227978
0.227554
0.227132
0.226712
0.226294
0.225879
0.225465
0.225054
0.224644
0.224237
0.223832
0.223429
0.223027
0.222628
0.222231
0.221836
0.221443
0.221051
0.220662
0.220275
0.219889
0.219506
0.219124
0.218744
0.218367
0.217991
0.217617
0.217245
0.216874
0.216506
0.216139
0.215774
0.215411
0.21505
0.214691
0.214333
0.213977
0.213623
0.213271
0.212921
0.212572
0.212225
0.211879
0.211536
0.211194
0.210854
0.210515
0.210178
0.209843
0.20951
0.209178
0.208848
0.208519
0.208192
0.207867
0.207543
0.207221
0.2069
0.206581
0.206264
0.205948
0.205634
0.205321
0.20501
0.2047
0.204392
0.204086
0.203781
0.203477
0.203175
0.202874
0.202575
0.202278
0.201982
0.201687
0.201394
0.201102
0.200811
0.200522
0.200235
0.199949
0.199664
0.199381
0.199099
0.198818
0.198539
0.198261
0.197985
0.19771
0.197436
0.197163
0.196892
0.196623
0.196354
0.196087
0.195821
0.195557
0.195294
0.195032
0.194771
0.194512
0.194254
0.193997
0.193741
0.193487
0.193234
0.192982
0.192731
0.192482
0.192234
0.191987
0.191741
0.191496
0.191253
0.191011
0.19077
0.19053
0.190292
0.190054
0.189818
0.189583
0.189349
0.189116
0.188884
0.188654
0.188424
0.188196
0.187969
0.187743
0.187518
0.187294
0.187071
0.186849
0.186629
0.186409
0.186191
0.185973
0.185757
0.185542
0.185328
0.185115
0.184902
0.184691
0.184481
0.184272
0.184065
0.183858
0.183652
0.183447
0.183243
0.18304
0.182838
0.182637
0.182438
0.182239
0.182041
0.181844
0.181648
0.181453
0.181259
0.181066
0.180874
0.180683
0.180492
0.180303
0.180115
0.179927
0.179741
0.179556
0.179371
0.179187
0.179005
0.178823
0.178642
0.178462
0.178283
0.178105
0.177927
0.177751
0.177575
0.177401
0.177227
0.177054
0.176882
0.176711
0.176541
0.176371
0.176203
0.176035
0.175868
0.175702
0.175537
0.175373
0.175209
0.175046
0.174885
0.174724
0.174563
0.174404
0.174246
0.174088
0.173931
0.173775
0.17362
0.173465
0.173312
0.173159
0.173007
0.172855
0.172705
0.172555
0.172406
0.172258
0.172111
0.171964
0.171818
0.171673
0.171529
0.171385
0.171243
0.1711
0.170959
0.170819
0.170679
0.17054
0.170402
0.170264
0.170127
0.169991
0.169856
0.169721
0.169587
0.169454
0.169322
0.16919
0.169059
0.168929
0.168799
0.168671
0.168542
0.168415
0.168288
0.168162
0.168037
0.167912
0.167788
0.167665
0.167542
0.167421
0.167299
0.167179
0.167059
0.16694
0.166821
0.166704
0.166586
0.16647
0.166354
0.166239
0.166125
0.166011
0.165898
0.165785
0.165673
0.165562
0.165452
0.165342
0.165232
0.165124
0.165016
0.164909
0.164802
0.164696
0.16459
0.164486
0.164382
0.164278
0.164175
0.164073
0.163971
0.16387
0.16377
0.16367
0.163571
0.163472
0.163374
0.163277
0.16318
0.163084
0.162989
0.162894
0.1628
0.162706
0.162613
0.16252
0.162429
0.162337
0.162247
0.162156
0.162067
0.161978
0.16189
0.161802
0.161715
0.161628
0.161542
0.161457
0.161372
0.161287
0.161204
0.161121
0.161038
0.160956
0.160875
0.160794
0.160713
0.160634
0.160555
0.160476
0.160398
0.16032
0.160243
0.160167
0.160091
0.160016
0.159941
0.159867
0.159794
0.15972
0.159648
0.159576
0.159505
0.159434
0.159363
0.159293
0.159224
0.159155
0.159087
0.15902
0.158953
0.158886
0.15882
0.158754
0.158689
0.158625
0.158561
0.158498
0.158435
0.158372
0.15831
0.158249
0.158188
0.158128
0.158068
0.158009
0.15795
0.157892
0.157834
0.157777
0.157721
0.157664
0.157609
0.157554
0.157499
0.157445
0.157391
0.157338
0.157286
0.157233
0.157182
0.157131
0.15708
0.15703
0.15698
0.156931
0.156883
0.156835
0.156787
0.15674
0.156693
0.156647
0.156601
0.156556
0.156512
0.156467
0.156424
0.15638
0.156338
0.156296
0.156254
0.156213
0.156172
0.156131
0.156092
0.156052
0.156013
0.155975
0.155937
0.1559
0.155863
0.155826
0.15579
0.155755
0.15572
0.155685
0.155651
0.155617
0.155584
0.155552
0.155519
0.155488
0.155456
0.155426
0.155395
0.155365
0.155336
0.155307
0.155278
0.15525
0.155223
0.155196
0.155169
0.155143
0.155117
0.155092
0.155067
0.155043
0.155019
0.154996
0.154973
0.15495
0.154928
0.154906
0.154885
0.154865
0.154844
0.154825
0.154805
0.154786
0.154768
0.15475
0.154733
0.154715
0.154699
0.154683
0.154667
0.154652
0.154637
0.154622
0.154609
0.154595
0.154582
0.154569
0.154557
0.154546
0.154534
0.154523
0.154513
0.154503
0.154494
0.154485
0.154476
0.154468
0.15446
0.154453
0.154446
0.15444
0.154434
0.154428
0.154423
0.154418
0.154414
0.15441
0.154407
0.154404
0.154402
0.1544
0.154398
0.154397
0.154396
0.154396
0.154396
0.154397
0.154398
0.154399
0.154401
0.154403
0.154406
0.154409
0.154413
0.154417
0.154421
0.154426
0.154431
0.154437
0.154443
0.15445
0.154457
0.154465
0.154473
0.154481
0.15449
0.154499
0.154509
0.154519
0.154529
0.15454
0.154551
0.154563
0.154575
0.154588
0.154601
0.154614
0.154628
0.154643
0.154658
0.154673
0.154688
0.154704
0.154721
0.154738
0.154755
0.154773
0.154791
0.15481
0.154829
0.154848
0.154868
0.154888
0.154909
0.15493
0.154952
0.154974
0.154996
0.155019
0.155042
0.155066
0.15509
0.155115
0.15514
0.155165
0.155191
0.155217
0.155244
0.155271
0.155299
0.155327
0.155355
0.155384
0.155413
0.155443
0.155473
0.155503
0.155534
0.155566
0.155597
0.15563
0.155662
0.155695
0.155729
0.155763
0.155797
0.155832
0.155867
0.155903
0.155939
0.155975
0.156012
0.156049
0.156087
0.156125
0.156164
0.156203
0.156242
0.156282
0.156322
0.156363
0.156404
0.156446
0.156488
0.15653
0.156573
0.156616
0.15666
0.156704
0.156749
0.156794
0.156839
0.156885
0.156931
0.156978
0.157025
0.157073
0.157121
0.157169
0.157218
0.157268
0.157317
0.157368
0.157418
0.157469
0.157521
0.157573
0.157625
0.157678
0.157731
0.157784
0.157838
0.157893
0.157948
0.158003
0.158059
0.158115
0.158172
0.158229
0.158287
0.158345
0.158403
0.158462
0.158521
0.158581
0.158641
0.158702
0.158763
0.158824
0.158886
0.158949
0.159011
0.159075
0.159138
0.159202
0.159267
0.159332
0.159398
0.159463
0.15953
0.159597
0.159664
0.159732
0.1598
0.159868
0.159937
0.160007
0.160077
0.160147
0.160218
0.160289
0.160361
0.160433
0.160506
0.160579
0.160652
0.160726
0.160801
0.160876
0.160951
0.161027
0.161103
0.16118
0.161257
0.161334
0.161412
0.161491
0.16157
0.161649
0.161729
0.16181
0.16189
0.161972
0.162054
0.162136
0.162218
0.162302
0.162385
0.162469
0.162554
0.162639
0.162724
0.16281
0.162897
0.162983
0.163071
0.163159
0.163247
0.163336
0.163425
0.163515
0.163605
0.163696
0.163787
0.163878
0.16397
0.164063
0.164156
0.16425
0.164344
0.164438
0.164533
0.164628
0.164724
0.164821
0.164918
0.165015
0.165113
0.165211
0.16531
0.16541
0.165509
0.16561
0.165711
0.165812
0.165914
0.166016
0.166119
0.166222
0.166326
0.16643
0.166535
0.16664
0.166746
0.166852
0.166959
0.167067
0.167174
0.167283
0.167392
0.167501
0.167611
0.167721
0.167832
0.167943
0.168055
0.168168
0.168281
0.168394
0.168508
0.168622
0.168738
0.168853
0.168969
0.169086
0.169203
0.16932
0.169438
0.169557
0.169676
0.169796
0.169916
0.170037
0.170158
0.17028
0.170403
0.170526
0.170649
0.170773
0.170898
0.171023
0.171148
0.171275
0.171401
0.171529
0.171657
0.171785
0.171914
0.172043
0.172173
0.172304
0.172435
0.172567
0.172699
0.172832
0.172965
0.173099
0.173234
0.173369
0.173504
0.173641
0.173777
0.173915
0.174053
0.174191
0.17433
0.17447
0.17461
0.174751
0.174892
0.175034
0.175177
0.17532
0.175464
0.175608
0.175753
0.175899
0.176045
0.176191
0.176339
0.176487
0.176635
0.176784
0.176934
0.177084
0.177235
0.177387
0.177539
0.177692
0.177845
0.177999
0.178154
0.178309
0.178465
0.178621
0.178778
0.178936
0.179094
0.179253
0.179413
0.179573
0.179734
0.179896
0.180058
0.18022
0.180384
0.180548
0.180713
0.180878
0.181044
0.181211
0.181378
0.181546
0.181715
0.181884
0.182054
0.182225
0.182396
0.182568
0.182741
0.182914
0.183088
0.183263
0.183438
0.183614
0.183791
0.183968
0.184146
0.184325
0.184505
0.184685
0.184866
0.185047
0.185229
0.185412
0.185596
0.18578
0.185966
0.186151
0.186338
0.186525
0.186713
0.186902
0.187091
0.187281
0.187472
0.187664
0.187856
0.188049
0.188243
0.188437
0.188633
0.188829
0.189026
0.189223
0.189421
0.189621
0.18982
0.190021
0.190222
0.190424
0.190627
0.190831
0.191035
0.191241
0.191447
0.191653
0.191861
0.192069
0.192278
0.192488
0.192699
0.192911
0.193123
0.193336
0.19355
0.193765
0.19398
0.194197
0.194414
0.194632
0.194851
0.195071
0.195291
0.195513
0.195735
0.195958
0.196182
0.196407
0.196632
0.196859
0.197086
0.197314
0.197543
0.197773
0.198004
0.198236
0.198468
0.198702
0.198936
0.199171
0.199408
0.199645
0.199883
0.200121
0.200361
0.200602
0.200843
0.201086
0.201329
0.201574
0.201819
0.202065
0.202312
0.20256
0.202809
0.203059
0.20331
0.203562
0.203815
0.204069
0.204323
0.204579
0.204836
0.205094
0.205352
0.205612
0.205873
0.206134
0.206397
0.20666
0.206925
0.207191
0.207458
0.207725
0.207994
0.208264
0.208535
0.208806
0.209079
0.209353
0.209628
0.209904
0.210181
0.21046
0.210739
0.211019
0.211301
0.211583
0.211867
0.212151
0.212437
0.212724
0.213012
0.213301
0.213591
0.213883
0.214175
0.214469
0.214764
0.215059
0.215357
0.215655
0.215954
0.216255
0.216556
0.216859
0.217163
0.217468
0.217775
0.218083
0.218391
0.218701
0.219013
0.219325
0.219639
0.219954
0.22027
0.220587
0.220906
0.221226
0.221547
0.221869
0.222193
0.222518
0.222844
0.223172
0.223501
0.223831
0.224162
0.224495
0.224829
0.225165
0.225502
0.22584
0.226179
0.22652
0.226862
0.227206
0.22755
0.227897
0.228244
0.228593
0.228944
0.229296
0.229649
0.230004
0.23036
0.230718
0.231077
0.231437
0.231799
0.232162
0.232527
0.232894
0.233261
0.233631
0.234002
0.234374
0.234748
0.235123
0.2355
0.235878
0.236258
0.23664
0.237023
0.237408
0.237794
0.238182
0.238572
0.238963
0.239355
0.23975
0.240146
0.240543
0.240942
0.241343
0.241746
0.24215
0.242556
0.242964
0.243373
0.243784
0.244197
0.244611
0.245027
0.245445
0.245865
0.246287
0.24671
0.247135
0.247562
0.247991
0.248421
0.248853
0.249287
0.249723
0.250161
0.250601
0.251043
0.251486
0.251932
0.252379
0.252828
0.253279
0.253732
0.254187
0.254644
0.255103
0.255564
0.256027
0.256492
0.256959
0.257428
0.2579
0.258373
0.258848
0.259325
0.259805
0.260286
0.26077
0.261256
0.261743
0.262233
0.262726
0.26322
0.263717
0.264215
0.264716
0.26522
0.265725
0.266233
0.266743
0.267255
0.26777
0.268287
0.268806
0.269328
0.269852
0.270378
0.270907
0.271438
0.271971
0.272507
0.273046
0.273587
0.27413
0.274676
0.275224
0.275775
0.276328
0.276884
0.277443
0.278004
0.278568
0.279134
0.279703
0.280274
0.280849
0.281426
0.282005
0.282588
0.283173
0.283761
0.284351
0.284945
0.285541
0.28614
0.286742
0.287347
0.287954
0.288565
0.289178
0.289795
0.290414
0.291037
0.291662
0.29229
0.292922
0.293556
0.294194
0.294834
0.295478
0.296125
0.296775
0.297428
0.298085
0.298745
0.299408
0.300074
0.300743
0.301416
0.302092
0.302772
0.303455
0.304141
0.304831
0.305524
0.306221
0.306921
0.307625
0.308332
0.309043
0.309757
0.310475
0.311197
0.311923
0.312652
0.313385
0.314121
0.314862
0.315606
0.316354
0.317106
0.317862
0.318622
0.319385
0.320153
0.320925
0.321701
0.322481
0.323265
0.324053
0.324845
0.325641
0.326442
0.327247
0.328056
0.32887
0.329688
0.33051
0.331337
0.332168
0.333004
0.333844
0.334689
0.335538
0.336392
0.337251
0.338114
0.338982
0.339855
0.340733
0.341615
0.342503
0.343395
0.344292
0.345195
0.346102
0.347014
0.347932
0.348855
0.349783
0.350716
0.351654
0.352598
0.353547
0.354502
0.355462
0.356427
0.357399
0.358375
0.359358
0.360346
0.361339
0.362339
0.363344
0.364356
0.365373
0.366396
0.367425
0.368461
0.369502
0.37055
0.371603
0.370819
0.370029
0.369235
0.368437
0.367634
0.366828
0.366018
0.365204
0.364388
0.363568
0.362745
0.361919
0.36109
0.360259
0.359426
0.358591
0.357754
0.356915
0.356074
0.355231
0.354388
0.353543
0.352697
0.35185
0.351002
0.350153
0.349304
0.348454
0.347604
0.346753
0.345903
0.345052
0.344202
0.343351
0.342501
0.341651
0.340802
0.339953
0.339105
0.338257
0.337411
0.336565
0.33572
0.334876
0.334033
0.333192
0.332351
0.331512
0.330675
0.329838
0.329004
0.328171
0.327339
0.32651
0.325682
0.324855
0.324031
0.323209
0.322388
0.32157
0.320753
0.319939
0.319127
0.318317
0.317509
0.316703
0.3159
0.315099
0.3143
0.313504
0.31271
0.311919
0.31113
0.310344
0.30956
0.308779
0.308001
0.307225
0.306452
0.305681
0.304913
0.304148
0.303385
0.302626
0.301869
0.301115
0.300363
0.299615
0.298869
0.298126
0.297386
0.296649
0.295915
0.295184
0.294455
0.29373
0.293007
0.292288
0.291571
0.290857
0.290146
0.289439
0.288734
0.288032
0.287333
0.286637
0.285944
0.285254
0.284567
0.283883
0.283202
0.282524
0.281848
0.281176
0.280507
0.279841
0.279178
0.278518
0.277861
0.277206
0.276555
0.275907
0.275262
0.274619
0.27398
0.273344
0.27271
0.27208
0.271452
0.270827
0.270206
0.269587
0.268971
0.268358
0.267748
0.267141
0.266537
0.265935
0.265337
0.264741
0.264148
0.263558
0.262971
0.262387
0.261806
0.261227
0.260651
0.260078
0.259508
0.258941
0.258376
0.257814
0.257255
0.256698
0.256145
0.255594
0.255046
0.2545
0.253957
0.253417
0.25288
0.252345
0.251813
0.251283
0.250756
0.250232
0.24971
0.249191
0.248675
0.248161
0.24765
0.247141
0.246635
0.246131
0.24563
0.245131
0.244635
0.244141
0.24365
0.243162
0.242675
0.242191
0.24171
0.241231
0.240755
0.24028
0.239809
0.239339
0.238872
0.238408
0.237945
0.237485
0.237028
0.236572
0.236119
0.235669
0.23522
0.234774
0.23433
0.233888
0.233449
0.233011
0.232576
0.232143
0.231713
0.231284
0.230858
0.230434
0.230012
0.229592
0.229174
0.228758
0.228345
0.227933
0.227524
0.227117
0.226711
0.226308
0.225907
0.225508
0.225111
0.224715
0.224322
0.223931
0.223542
0.223155
0.222769
0.222386
0.222005
0.221625
0.221248
0.220872
0.220498
0.220126
0.219756
0.219388
0.219022
0.218658
0.218295
0.217934
0.217575
0.217218
0.216863
0.216509
0.216157
0.215807
0.215459
0.215113
0.214768
0.214425
0.214083
0.213744
0.213406
0.21307
0.212735
0.212402
0.212071
0.211742
0.211414
0.211088
0.210763
0.21044
0.210119
0.209799
0.209481
0.209164
0.20885
0.208536
0.208224
0.207914
0.207605
0.207298
0.206993
0.206689
0.206386
0.206085
0.205785
0.205487
0.205191
0.204896
0.204602
0.20431
0.204019
0.20373
0.203442
0.203156
0.202871
0.202587
0.202305
0.202025
0.201745
0.201467
0.201191
0.200916
0.200642
0.20037
0.200099
0.199829
0.199561
0.199294
0.199028
0.198763
0.1985
0.198239
0.197978
0.197719
0.197461
0.197205
0.19695
0.196696
0.196443
0.196191
0.195941
0.195692
0.195444
0.195198
0.194953
0.194709
0.194466
0.194224
0.193984
0.193745
0.193507
0.19327
0.193034
0.1928
0.192566
0.192334
0.192103
0.191873
0.191645
0.191417
0.191191
0.190966
0.190741
0.190518
0.190297
0.190076
0.189856
0.189638
0.18942
0.189204
0.188989
0.188774
0.188561
0.188349
0.188138
0.187928
0.187719
0.187512
0.187305
0.187099
0.186894
0.186691
0.186488
0.186287
0.186086
0.185886
0.185688
0.18549
0.185294
0.185098
0.184904
0.18471
0.184518
0.184326
0.184135
0.183946
0.183757
0.183569
0.183383
0.183197
0.183012
0.182828
0.182645
0.182463
0.182282
0.182102
0.181923
0.181745
0.181567
0.181391
0.181215
0.181041
0.180867
0.180694
0.180522
0.180351
0.180181
0.180012
0.179844
0.179676
0.179509
0.179344
0.179179
0.179015
0.178852
0.178689
0.178528
0.178368
0.178208
0.178049
0.177891
0.177734
0.177577
0.177422
0.177267
0.177113
0.17696
0.176808
0.176657
0.176506
0.176356
0.176207
0.176059
0.175912
0.175765
0.17562
0.175475
0.17533
0.175187
0.175044
0.174903
0.174762
0.174621
0.174482
0.174343
0.174205
0.174068
0.173932
0.173796
0.173661
0.173527
0.173393
0.173261
0.173129
0.172998
0.172867
0.172738
0.172609
0.172481
0.172353
0.172226
0.1721
0.171975
0.17185
0.171727
0.171603
0.171481
0.171359
0.171238
0.171118
0.170998
0.17088
0.170761
0.170644
0.170527
0.170411
0.170296
0.170181
0.170067
0.169954
0.169841
0.169729
0.169618
0.169507
0.169397
0.169288
0.169179
0.169071
0.168964
0.168857
0.168751
0.168646
0.168542
0.168438
0.168334
0.168232
0.16813
0.168028
0.167928
0.167828
0.167728
0.167629
0.167531
0.167434
0.167337
0.167241
0.167145
0.16705
0.166956
0.166862
0.166769
0.166677
0.166585
0.166493
0.166403
0.166313
0.166224
0.166135
0.166047
0.165959
0.165872
0.165786
0.1657
0.165615
0.165531
0.165447
0.165363
0.165281
0.165199
0.165117
0.165036
0.164956
0.164876
0.164797
0.164718
0.16464
0.164563
0.164486
0.16441
0.164334
0.164259
0.164185
0.164111
0.164038
0.163965
0.163893
0.163821
0.16375
0.16368
0.16361
0.16354
0.163472
0.163403
0.163336
0.163269
0.163202
0.163136
0.163071
0.163006
0.162941
0.162878
0.162814
0.162752
0.16269
0.162628
0.162567
0.162507
0.162447
0.162387
0.162329
0.16227
0.162213
0.162155
0.162099
0.162043
0.161987
0.161932
0.161877
0.161823
0.16177
0.161717
0.161665
0.161613
0.161561
0.161511
0.16146
0.16141
0.161361
0.161312
0.161264
0.161217
0.161169
0.161123
0.161077
0.161031
0.160986
0.160941
0.160897
0.160854
0.160811
0.160768
0.160726
0.160685
0.160644
0.160603
0.160563
0.160524
0.160485
0.160447
0.160409
0.160371
0.160334
0.160298
0.160262
0.160226
0.160191
0.160157
0.160123
0.16009
0.160057
0.160024
0.159992
0.159961
0.15993
0.159899
0.159869
0.15984
0.159811
0.159782
0.159754
0.159727
0.1597
0.159673
0.159647
0.159622
0.159597
0.159572
0.159548
0.159524
0.159501
0.159478
0.159456
0.159434
0.159413
0.159392
0.159372
0.159352
0.159333
0.159314
0.159296
0.159278
0.159261
0.159244
0.159227
0.159211
0.159196
0.159181
0.159166
0.159152
0.159139
0.159125
0.159113
0.159101
0.159089
0.159078
0.159067
0.159056
0.159047
0.159037
0.159028
0.15902
0.159012
0.159004
0.158997
0.158991
0.158985
0.158979
0.158974
0.158969
0.158965
0.158961
0.158958
0.158955
0.158952
0.15895
0.158949
0.158948
0.158947
0.158947
0.158948
0.158948
0.15895
0.158951
0.158954
0.158956
0.158959
0.158963
0.158967
0.158972
0.158976
0.158982
0.158988
0.158994
0.159001
0.159008
0.159016
0.159024
0.159032
0.159042
0.159051
0.159061
0.159071
0.159082
0.159094
0.159105
0.159118
0.15913
0.159143
0.159157
0.159171
0.159186
0.1592
0.159216
0.159232
0.159248
0.159265
0.159282
0.1593
0.159318
0.159336
0.159355
0.159375
0.159395
0.159415
0.159436
0.159457
0.159479
0.159501
0.159524
0.159547
0.15957
0.159594
0.159619
0.159644
0.159669
0.159695
0.159721
0.159748
0.159775
0.159802
0.15983
0.159859
0.159888
0.159917
0.159947
0.159977
0.160008
0.160039
0.160071
0.160103
0.160135
0.160168
0.160202
0.160236
0.16027
0.160305
0.16034
0.160376
0.160412
0.160448
0.160485
0.160523
0.160561
0.160599
0.160638
0.160677
0.160717
0.160757
0.160798
0.160839
0.160881
0.160923
0.160965
0.161008
0.161052
0.161095
0.16114
0.161184
0.16123
0.161275
0.161321
0.161368
0.161415
0.161462
0.16151
0.161559
0.161608
0.161657
0.161707
0.161757
0.161807
0.161859
0.16191
0.161962
0.162015
0.162068
0.162121
0.162175
0.162229
0.162284
0.162339
0.162395
0.162451
0.162508
0.162565
0.162622
0.16268
0.162739
0.162798
0.162857
0.162917
0.162977
0.163038
0.163099
0.163161
0.163223
0.163286
0.163349
0.163413
0.163477
0.163541
0.163606
0.163672
0.163737
0.163804
0.163871
0.163938
0.164006
0.164074
0.164143
0.164212
0.164282
0.164352
0.164422
0.164494
0.164565
0.164637
0.16471
0.164783
0.164856
0.16493
0.165005
0.165079
0.165155
0.165231
0.165307
0.165384
0.165461
0.165539
0.165617
0.165696
0.165775
0.165855
0.165935
0.166016
0.166097
0.166179
0.166261
0.166343
0.166427
0.16651
0.166594
0.166679
0.166764
0.16685
0.166936
0.167022
0.167109
0.167197
0.167285
0.167373
0.167462
0.167552
0.167642
0.167732
0.167823
0.167915
0.168007
0.1681
0.168193
0.168286
0.16838
0.168475
0.16857
0.168665
0.168761
0.168858
0.168955
0.169053
0.169151
0.169249
0.169349
0.169448
0.169548
0.169649
0.16975
0.169852
0.169954
0.170057
0.17016
0.170264
0.170368
0.170473
0.170579
0.170684
0.170791
0.170898
0.171005
0.171113
0.171222
0.171331
0.17144
0.171551
0.171661
0.171772
0.171884
0.171996
0.172109
0.172223
0.172336
0.172451
0.172566
0.172681
0.172797
0.172914
0.173031
0.173149
0.173267
0.173386
0.173505
0.173625
0.173746
0.173867
0.173988
0.17411
0.174233
0.174356
0.17448
0.174605
0.17473
0.174855
0.174981
0.175108
0.175235
0.175363
0.175491
0.17562
0.17575
0.17588
0.17601
0.176142
0.176273
0.176406
0.176539
0.176672
0.176806
0.176941
0.177077
0.177212
0.177349
0.177486
0.177624
0.177762
0.177901
0.17804
0.17818
0.178321
0.178462
0.178604
0.178747
0.17889
0.179034
0.179178
0.179323
0.179469
0.179615
0.179762
0.179909
0.180057
0.180206
0.180355
0.180505
0.180655
0.180807
0.180958
0.181111
0.181264
0.181418
0.181572
0.181727
0.181882
0.182039
0.182196
0.182353
0.182511
0.18267
0.18283
0.18299
0.183151
0.183312
0.183474
0.183637
0.183801
0.183965
0.18413
0.184295
0.184461
0.184628
0.184795
0.184964
0.185132
0.185302
0.185472
0.185643
0.185815
0.185987
0.18616
0.186334
0.186508
0.186683
0.186859
0.187035
0.187212
0.18739
0.187569
0.187748
0.187928
0.188109
0.18829
0.188473
0.188655
0.188839
0.189023
0.189209
0.189394
0.189581
0.189768
0.189956
0.190145
0.190334
0.190525
0.190716
0.190908
0.1911
0.191293
0.191487
0.191682
0.191878
0.192074
0.192271
0.192469
0.192668
0.192867
0.193067
0.193268
0.19347
0.193673
0.193876
0.19408
0.194285
0.194491
0.194697
0.194905
0.195113
0.195322
0.195532
0.195742
0.195954
0.196166
0.196379
0.196593
0.196808
0.197023
0.19724
0.197457
0.197675
0.197894
0.198114
0.198334
0.198556
0.198778
0.199002
0.199226
0.199451
0.199676
0.199903
0.200131
0.200359
0.200589
0.200819
0.20105
0.201282
0.201515
0.201749
0.201984
0.202219
0.202456
0.202693
0.202932
0.203171
0.203411
0.203653
0.203895
0.204138
0.204382
0.204627
0.204873
0.205119
0.205367
0.205616
0.205866
0.206117
0.206368
0.206621
0.206875
0.207129
0.207385
0.207641
0.207899
0.208158
0.208417
0.208678
0.20894
0.209202
0.209466
0.209731
0.209996
0.210263
0.210531
0.2108
0.21107
0.211341
0.211613
0.211886
0.21216
0.212435
0.212712
0.212989
0.213267
0.213547
0.213828
0.214109
0.214392
0.214676
0.214961
0.215247
0.215535
0.215823
0.216113
0.216403
0.216695
0.216988
0.217282
0.217578
0.217874
0.218172
0.218471
0.218771
0.219072
0.219374
0.219678
0.219983
0.220289
0.220596
0.220904
0.221214
0.221525
0.221837
0.22215
0.222465
0.22278
0.223097
0.223416
0.223735
0.224056
0.224379
0.224702
0.225027
0.225353
0.22568
0.226009
0.226339
0.22667
0.227003
0.227337
0.227672
0.228009
0.228347
0.228686
0.229027
0.229369
0.229712
0.230057
0.230404
0.230751
0.2311
0.231451
0.231803
0.232156
0.232511
0.232867
0.233225
0.233584
0.233945
0.234307
0.23467
0.235036
0.235402
0.23577
0.23614
0.236511
0.236884
0.237258
0.237633
0.238011
0.23839
0.23877
0.239152
0.239535
0.239921
0.240307
0.240696
0.241086
0.241477
0.24187
0.242265
0.242662
0.24306
0.24346
0.243861
0.244264
0.244669
0.245076
0.245484
0.245894
0.246306
0.246719
0.247135
0.247552
0.24797
0.248391
0.248813
0.249237
0.249663
0.250091
0.250521
0.250952
0.251385
0.25182
0.252257
0.252696
0.253137
0.25358
0.254024
0.254471
0.254919
0.255369
0.255822
0.256276
0.256732
0.25719
0.25765
0.258113
0.258577
0.259043
0.259512
0.259982
0.260454
0.260929
0.261405
0.261884
0.262365
0.262848
0.263333
0.26382
0.26431
0.264801
0.265295
0.265791
0.266289
0.26679
0.267292
0.267797
0.268304
0.268814
0.269326
0.26984
0.270356
0.270875
0.271396
0.271919
0.272445
0.272973
0.273504
0.274037
0.274573
0.275111
0.275651
0.276194
0.276739
0.277287
0.277838
0.278391
0.278946
0.279505
0.280065
0.280629
0.281195
0.281763
0.282335
0.282909
0.283485
0.284065
0.284647
0.285232
0.285819
0.28641
0.287003
0.287599
0.288198
0.288799
0.289404
0.290011
0.290622
0.291235
0.291851
0.292471
0.293093
0.293718
0.294346
0.294978
0.295612
0.29625
0.29689
0.297534
0.298181
0.298831
0.299484
0.300141
0.3008
0.301463
0.30213
0.302799
0.303472
0.304148
0.304828
0.305511
0.306197
0.306887
0.30758
0.308277
0.308978
0.309682
0.310389
0.3111
0.311815
0.312533
0.313255
0.313981
0.31471
0.315443
0.31618
0.316921
0.317665
0.318414
0.319166
0.319922
0.320682
0.321446
0.322214
0.322987
0.323763
0.324543
0.325327
0.326116
0.326909
0.327706
0.328507
0.329312
0.330122
0.330936
0.331755
0.332577
0.333405
0.334236
0.335073
0.335913
0.336759
0.337609
0.338463
0.339323
0.340187
0.341056
0.341929
0.342807
0.343691
0.344579
0.345472
0.34637
0.347273
0.348181
0.349094
0.350013
0.350936
0.351865
0.352799
0.353738
0.354683
0.355633
0.356589
0.35755
0.358516
0.359488
0.360466
0.361449
0.362438
0.363433
0.364434
0.36544
0.366453
0.367471
0.368495
0.369525
0.370562
0.371605
0.370831
0.370053
0.36927
0.368483
0.367691
0.366896
0.366097
0.365295
0.364489
0.36368
0.362869
0.362054
0.361237
0.360417
0.359595
0.358771
0.357945
0.357117
0.356287
0.355456
0.354624
0.35379
0.352955
0.352119
0.351282
0.350444
0.349606
0.348767
0.347928
0.347089
0.346249
0.345409
0.344569
0.34373
0.34289
0.342051
0.341213
0.340375
0.339537
0.3387
0.337864
0.337029
0.336194
0.335361
0.334529
0.333698
0.332868
0.332039
0.331212
0.330386
0.329561
0.328738
0.327917
0.327097
0.32628
0.325463
0.324649
0.323836
0.323026
0.322217
0.321411
0.320606
0.319804
0.319003
0.318205
0.317409
0.316615
0.315824
0.315035
0.314248
0.313464
0.312682
0.311902
0.311125
0.310351
0.309579
0.30881
0.308043
0.307279
0.306517
0.305758
0.305002
0.304248
0.303497
0.302749
0.302004
0.301261
0.300521
0.299784
0.29905
0.298318
0.29759
0.296864
0.296141
0.295421
0.294704
0.29399
0.293278
0.29257
0.291864
0.291161
0.290462
0.289765
0.289071
0.28838
0.287692
0.287007
0.286324
0.285645
0.284969
0.284296
0.283625
0.282958
0.282293
0.281632
0.280973
0.280317
0.279665
0.279015
0.278368
0.277724
0.277083
0.276445
0.27581
0.275178
0.274549
0.273922
0.273299
0.272678
0.272061
0.271446
0.270834
0.270225
0.269619
0.269016
0.268416
0.267818
0.267224
0.266632
0.266043
0.265457
0.264873
0.264293
0.263715
0.26314
0.262568
0.261999
0.261432
0.260868
0.260307
0.259749
0.259194
0.258641
0.258091
0.257543
0.256999
0.256456
0.255917
0.25538
0.254846
0.254315
0.253786
0.25326
0.252737
0.252216
0.251697
0.251182
0.250669
0.250158
0.24965
0.249145
0.248642
0.248141
0.247643
0.247148
0.246655
0.246165
0.245677
0.245191
0.244708
0.244227
0.243749
0.243273
0.2428
0.242329
0.24186
0.241394
0.24093
0.240469
0.240009
0.239552
0.239098
0.238646
0.238196
0.237748
0.237302
0.236859
0.236418
0.23598
0.235543
0.235109
0.234677
0.234247
0.233819
0.233394
0.23297
0.232549
0.23213
0.231713
0.231299
0.230886
0.230475
0.230067
0.22966
0.229256
0.228854
0.228453
0.228055
0.227659
0.227265
0.226873
0.226482
0.226094
0.225708
0.225324
0.224941
0.224561
0.224182
0.223806
0.223431
0.223059
0.222688
0.222319
0.221952
0.221587
0.221223
0.220862
0.220502
0.220144
0.219788
0.219434
0.219082
0.218731
0.218382
0.218035
0.21769
0.217346
0.217004
0.216664
0.216326
0.215989
0.215654
0.215321
0.21499
0.21466
0.214332
0.214005
0.21368
0.213357
0.213035
0.212715
0.212397
0.21208
0.211765
0.211451
0.211139
0.210829
0.21052
0.210213
0.209907
0.209603
0.209301
0.209
0.2087
0.208402
0.208105
0.20781
0.207517
0.207225
0.206934
0.206645
0.206357
0.206071
0.205786
0.205503
0.205221
0.204941
0.204662
0.204384
0.204108
0.203833
0.20356
0.203288
0.203017
0.202748
0.20248
0.202213
0.201948
0.201684
0.201422
0.20116
0.2009
0.200642
0.200385
0.200129
0.199874
0.19962
0.199368
0.199118
0.198868
0.19862
0.198373
0.198127
0.197882
0.197639
0.197397
0.197156
0.196917
0.196678
0.196441
0.196205
0.19597
0.195737
0.195504
0.195273
0.195043
0.194814
0.194587
0.19436
0.194135
0.193911
0.193688
0.193466
0.193245
0.193025
0.192807
0.192589
0.192373
0.192158
0.191944
0.191731
0.191519
0.191308
0.191098
0.19089
0.190682
0.190476
0.19027
0.190066
0.189863
0.18966
0.189459
0.189259
0.18906
0.188862
0.188665
0.188469
0.188273
0.188079
0.187886
0.187694
0.187503
0.187313
0.187124
0.186936
0.186749
0.186563
0.186378
0.186194
0.186011
0.185829
0.185648
0.185467
0.185288
0.18511
0.184932
0.184756
0.18458
0.184406
0.184232
0.184059
0.183887
0.183717
0.183547
0.183377
0.183209
0.183042
0.182876
0.18271
0.182546
0.182382
0.182219
0.182057
0.181896
0.181736
0.181577
0.181418
0.181261
0.181104
0.180948
0.180793
0.180639
0.180486
0.180333
0.180182
0.180031
0.179881
0.179732
0.179583
0.179436
0.179289
0.179144
0.178999
0.178854
0.178711
0.178569
0.178427
0.178286
0.178146
0.178006
0.177868
0.17773
0.177593
0.177457
0.177322
0.177187
0.177053
0.17692
0.176788
0.176656
0.176526
0.176396
0.176266
0.176138
0.17601
0.175883
0.175757
0.175631
0.175507
0.175383
0.17526
0.175137
0.175015
0.174894
0.174774
0.174654
0.174536
0.174418
0.1743
0.174184
0.174068
0.173952
0.173838
0.173724
0.173611
0.173499
0.173387
0.173276
0.173166
0.173056
0.172947
0.172839
0.172732
0.172625
0.172519
0.172413
0.172308
0.172204
0.172101
0.171998
0.171896
0.171795
0.171694
0.171594
0.171495
0.171396
0.171298
0.171201
0.171104
0.171008
0.170913
0.170818
0.170724
0.17063
0.170538
0.170445
0.170354
0.170263
0.170173
0.170083
0.169994
0.169906
0.169818
0.169731
0.169645
0.169559
0.169474
0.16939
0.169306
0.169223
0.16914
0.169058
0.168977
0.168896
0.168816
0.168736
0.168657
0.168579
0.168501
0.168424
0.168348
0.168272
0.168196
0.168122
0.168048
0.167974
0.167901
0.167829
0.167757
0.167686
0.167616
0.167546
0.167477
0.167408
0.16734
0.167272
0.167205
0.167139
0.167073
0.167008
0.166943
0.166879
0.166816
0.166753
0.16669
0.166629
0.166567
0.166507
0.166447
0.166387
0.166328
0.16627
0.166212
0.166155
0.166098
0.166042
0.165987
0.165932
0.165877
0.165823
0.16577
0.165717
0.165665
0.165613
0.165562
0.165512
0.165462
0.165412
0.165364
0.165315
0.165267
0.16522
0.165173
0.165127
0.165082
0.165037
0.164992
0.164948
0.164905
0.164862
0.164819
0.164777
0.164736
0.164695
0.164655
0.164615
0.164576
0.164537
0.164499
0.164462
0.164425
0.164388
0.164352
0.164316
0.164281
0.164247
0.164213
0.16418
0.164147
0.164114
0.164083
0.164051
0.16402
0.16399
0.16396
0.163931
0.163902
0.163874
0.163846
0.163819
0.163793
0.163766
0.163741
0.163715
0.163691
0.163667
0.163643
0.16362
0.163597
0.163575
0.163554
0.163532
0.163512
0.163492
0.163472
0.163453
0.163435
0.163416
0.163399
0.163382
0.163365
0.163349
0.163334
0.163318
0.163304
0.16329
0.163276
0.163263
0.16325
0.163238
0.163227
0.163216
0.163205
0.163195
0.163185
0.163176
0.163167
0.163159
0.163152
0.163144
0.163138
0.163131
0.163126
0.163121
0.163116
0.163112
0.163108
0.163104
0.163102
0.163099
0.163098
0.163096
0.163095
0.163095
0.163095
0.163096
0.163097
0.163098
0.1631
0.163103
0.163106
0.16311
0.163114
0.163118
0.163123
0.163128
0.163134
0.163141
0.163148
0.163155
0.163163
0.163171
0.16318
0.163189
0.163199
0.163209
0.16322
0.163231
0.163243
0.163255
0.163267
0.163281
0.163294
0.163308
0.163323
0.163338
0.163353
0.163369
0.163386
0.163402
0.16342
0.163438
0.163456
0.163475
0.163494
0.163514
0.163534
0.163555
0.163576
0.163598
0.16362
0.163643
0.163666
0.163689
0.163713
0.163738
0.163763
0.163788
0.163814
0.163841
0.163867
0.163895
0.163923
0.163951
0.16398
0.164009
0.164039
0.164069
0.1641
0.164131
0.164162
0.164194
0.164227
0.16426
0.164294
0.164328
0.164362
0.164397
0.164432
0.164468
0.164505
0.164542
0.164579
0.164617
0.164655
0.164694
0.164733
0.164773
0.164813
0.164854
0.164895
0.164936
0.164978
0.165021
0.165064
0.165108
0.165152
0.165196
0.165241
0.165286
0.165332
0.165379
0.165426
0.165473
0.165521
0.165569
0.165618
0.165667
0.165717
0.165767
0.165818
0.165869
0.165921
0.165973
0.166025
0.166078
0.166132
0.166186
0.166241
0.166296
0.166351
0.166407
0.166464
0.166521
0.166578
0.166636
0.166695
0.166753
0.166813
0.166873
0.166933
0.166994
0.167055
0.167117
0.16718
0.167242
0.167306
0.167369
0.167434
0.167498
0.167564
0.16763
0.167696
0.167763
0.16783
0.167897
0.167966
0.168034
0.168104
0.168173
0.168244
0.168314
0.168385
0.168457
0.168529
0.168602
0.168675
0.168749
0.168823
0.168898
0.168973
0.169049
0.169125
0.169202
0.169279
0.169356
0.169435
0.169513
0.169593
0.169672
0.169753
0.169833
0.169915
0.169996
0.170079
0.170161
0.170245
0.170328
0.170413
0.170498
0.170583
0.170669
0.170755
0.170842
0.170929
0.171017
0.171106
0.171195
0.171284
0.171374
0.171465
0.171556
0.171647
0.17174
0.171832
0.171925
0.172019
0.172113
0.172208
0.172303
0.172399
0.172495
0.172592
0.172689
0.172787
0.172886
0.172985
0.173084
0.173184
0.173285
0.173386
0.173488
0.17359
0.173693
0.173796
0.1739
0.174004
0.174109
0.174215
0.174321
0.174427
0.174534
0.174642
0.17475
0.174859
0.174968
0.175078
0.175189
0.1753
0.175411
0.175523
0.175636
0.175749
0.175863
0.175977
0.176092
0.176208
0.176324
0.17644
0.176558
0.176675
0.176794
0.176913
0.177032
0.177152
0.177273
0.177394
0.177516
0.177638
0.177761
0.177884
0.178009
0.178133
0.178259
0.178384
0.178511
0.178638
0.178766
0.178894
0.179023
0.179152
0.179282
0.179413
0.179544
0.179676
0.179808
0.179941
0.180075
0.180209
0.180344
0.180479
0.180615
0.180752
0.180889
0.181027
0.181166
0.181305
0.181445
0.181585
0.181726
0.181868
0.18201
0.182153
0.182296
0.18244
0.182585
0.182731
0.182877
0.183023
0.183171
0.183319
0.183467
0.183617
0.183766
0.183917
0.184068
0.18422
0.184373
0.184526
0.18468
0.184834
0.184989
0.185145
0.185301
0.185459
0.185616
0.185775
0.185934
0.186094
0.186254
0.186415
0.186577
0.18674
0.186903
0.187067
0.187231
0.187397
0.187563
0.187729
0.187897
0.188065
0.188234
0.188403
0.188573
0.188744
0.188916
0.189088
0.189261
0.189434
0.189609
0.189784
0.18996
0.190136
0.190314
0.190492
0.190671
0.19085
0.19103
0.191211
0.191393
0.191575
0.191759
0.191942
0.192127
0.192313
0.192499
0.192686
0.192873
0.193062
0.193251
0.193441
0.193632
0.193823
0.194016
0.194209
0.194402
0.194597
0.194793
0.194989
0.195186
0.195383
0.195582
0.195781
0.195982
0.196183
0.196384
0.196587
0.19679
0.196994
0.1972
0.197405
0.197612
0.197819
0.198028
0.198237
0.198447
0.198658
0.198869
0.199082
0.199295
0.199509
0.199724
0.19994
0.200157
0.200375
0.200593
0.200812
0.201033
0.201254
0.201476
0.201699
0.201922
0.202147
0.202372
0.202599
0.202826
0.203054
0.203283
0.203513
0.203744
0.203976
0.204209
0.204442
0.204677
0.204912
0.205149
0.205386
0.205625
0.205864
0.206104
0.206345
0.206587
0.20683
0.207074
0.207319
0.207565
0.207812
0.20806
0.208309
0.208559
0.208809
0.209061
0.209314
0.209568
0.209823
0.210079
0.210335
0.210593
0.210852
0.211112
0.211373
0.211635
0.211898
0.212162
0.212427
0.212693
0.21296
0.213228
0.213498
0.213768
0.21404
0.214312
0.214586
0.21486
0.215136
0.215413
0.215691
0.21597
0.21625
0.216531
0.216814
0.217097
0.217382
0.217668
0.217955
0.218243
0.218532
0.218822
0.219114
0.219406
0.2197
0.219995
0.220292
0.220589
0.220887
0.221187
0.221488
0.22179
0.222094
0.222398
0.222704
0.223011
0.223319
0.223629
0.22394
0.224252
0.224565
0.22488
0.225195
0.225512
0.225831
0.22615
0.226471
0.226793
0.227117
0.227442
0.227768
0.228095
0.228424
0.228754
0.229086
0.229418
0.229753
0.230088
0.230425
0.230763
0.231103
0.231444
0.231786
0.23213
0.232475
0.232822
0.23317
0.233519
0.23387
0.234223
0.234576
0.234932
0.235288
0.235647
0.236006
0.236367
0.23673
0.237094
0.23746
0.237827
0.238195
0.238566
0.238937
0.239311
0.239685
0.240062
0.24044
0.240819
0.2412
0.241583
0.241967
0.242353
0.242741
0.24313
0.243521
0.243913
0.244307
0.244703
0.2451
0.245499
0.2459
0.246303
0.246707
0.247113
0.24752
0.24793
0.248341
0.248753
0.249168
0.249584
0.250002
0.250422
0.250844
0.251268
0.251693
0.25212
0.252549
0.25298
0.253413
0.253847
0.254284
0.254722
0.255162
0.255604
0.256048
0.256494
0.256942
0.257392
0.257844
0.258298
0.258754
0.259211
0.259671
0.260133
0.260597
0.261063
0.261531
0.262001
0.262473
0.262947
0.263423
0.263902
0.264382
0.264865
0.26535
0.265837
0.266326
0.266817
0.267311
0.267806
0.268304
0.268805
0.269307
0.269812
0.270319
0.270828
0.27134
0.271854
0.27237
0.272889
0.27341
0.273933
0.274459
0.274987
0.275518
0.276051
0.276586
0.277124
0.277664
0.278207
0.278753
0.279301
0.279851
0.280404
0.28096
0.281518
0.282079
0.282643
0.283209
0.283777
0.284349
0.284923
0.2855
0.286079
0.286662
0.287247
0.287835
0.288425
0.289019
0.289615
0.290214
0.290816
0.291421
0.292029
0.29264
0.293253
0.29387
0.294489
0.295112
0.295738
0.296366
0.296998
0.297633
0.298271
0.298912
0.299556
0.300204
0.300854
0.301508
0.302165
0.302825
0.303489
0.304155
0.304826
0.305499
0.306176
0.306856
0.30754
0.308227
0.308917
0.309611
0.310309
0.31101
0.311715
0.312423
0.313135
0.31385
0.314569
0.315292
0.316018
0.316749
0.317483
0.318221
0.318962
0.319708
0.320457
0.32121
0.321967
0.322728
0.323493
0.324263
0.325036
0.325813
0.326594
0.32738
0.328169
0.328963
0.329761
0.330564
0.33137
0.332181
0.332996
0.333816
0.33464
0.335469
0.336302
0.337139
0.337981
0.338828
0.339679
0.340535
0.341396
0.342261
0.343132
0.344007
0.344887
0.345771
0.346661
0.347555
0.348455
0.34936
0.350269
0.351184
0.352104
0.353029
0.35396
0.354896
0.355837
0.356783
0.357735
0.358692
0.359655
0.360623
0.361597
0.362577
0.363562
0.364553
0.36555
0.366552
0.367561
0.368575
0.369595
0.370622
0.371654
0.370889
0.370119
0.369345
0.368566
0.367783
0.366997
0.366207
0.365413
0.364616
0.363816
0.363013
0.362207
0.361399
0.360588
0.359775
0.35896
0.358143
0.357324
0.356503
0.355681
0.354857
0.354032
0.353206
0.35238
0.351552
0.350723
0.349894
0.349064
0.348234
0.347404
0.346573
0.345742
0.344912
0.344081
0.343251
0.342421
0.341591
0.340762
0.339934
0.339106
0.338279
0.337452
0.336627
0.335802
0.334979
0.334157
0.333336
0.332516
0.331698
0.330881
0.330065
0.329251
0.328438
0.327628
0.326818
0.326011
0.325205
0.324401
0.323599
0.322799
0.322001
0.321205
0.320412
0.31962
0.31883
0.318043
0.317257
0.316474
0.315694
0.314915
0.314139
0.313366
0.312594
0.311826
0.311059
0.310296
0.309534
0.308776
0.308019
0.307266
0.306515
0.305767
0.305021
0.304278
0.303538
0.3028
0.302066
0.301334
0.300604
0.299878
0.299154
0.298433
0.297715
0.297
0.296287
0.295578
0.294871
0.294167
0.293466
0.292768
0.292072
0.29138
0.29069
0.290004
0.28932
0.288639
0.287961
0.287286
0.286614
0.285945
0.285279
0.284615
0.283955
0.283297
0.282643
0.281991
0.281342
0.280697
0.280054
0.279414
0.278776
0.278142
0.277511
0.276883
0.276257
0.275634
0.275015
0.274398
0.273784
0.273173
0.272564
0.271959
0.271357
0.270757
0.27016
0.269566
0.268975
0.268387
0.267801
0.267218
0.266638
0.266061
0.265487
0.264915
0.264347
0.263781
0.263217
0.262657
0.262099
0.261544
0.260992
0.260442
0.259895
0.259351
0.258809
0.25827
0.257734
0.257201
0.25667
0.256141
0.255616
0.255093
0.254572
0.254054
0.253539
0.253026
0.252516
0.252009
0.251504
0.251001
0.250501
0.250004
0.249509
0.249016
0.248526
0.248039
0.247554
0.247071
0.246591
0.246113
0.245638
0.245165
0.244694
0.244226
0.243761
0.243297
0.242836
0.242377
0.241921
0.241467
0.241015
0.240566
0.240118
0.239674
0.239231
0.23879
0.238352
0.237916
0.237483
0.237051
0.236622
0.236195
0.23577
0.235347
0.234927
0.234508
0.234092
0.233678
0.233266
0.232856
0.232448
0.232042
0.231638
0.231237
0.230837
0.23044
0.230044
0.229651
0.229259
0.22887
0.228482
0.228097
0.227713
0.227332
0.226952
0.226575
0.226199
0.225825
0.225453
0.225083
0.224715
0.224349
0.223984
0.223622
0.223261
0.222903
0.222546
0.222191
0.221837
0.221486
0.221136
0.220788
0.220442
0.220098
0.219755
0.219414
0.219075
0.218738
0.218402
0.218068
0.217736
0.217406
0.217077
0.21675
0.216424
0.2161
0.215778
0.215458
0.215139
0.214822
0.214506
0.214192
0.21388
0.213569
0.21326
0.212952
0.212646
0.212342
0.212039
0.211737
0.211437
0.211139
0.210842
0.210547
0.210253
0.209961
0.20967
0.209381
0.209093
0.208807
0.208522
0.208239
0.207957
0.207677
0.207398
0.20712
0.206844
0.206569
0.206296
0.206024
0.205753
0.205484
0.205216
0.20495
0.204685
0.204421
0.204159
0.203898
0.203638
0.20338
0.203123
0.202867
0.202613
0.20236
0.202108
0.201858
0.201608
0.201361
0.201114
0.200869
0.200625
0.200382
0.20014
0.1999
0.199661
0.199423
0.199187
0.198951
0.198717
0.198484
0.198252
0.198022
0.197793
0.197564
0.197337
0.197112
0.196887
0.196664
0.196441
0.19622
0.196
0.195781
0.195564
0.195347
0.195132
0.194918
0.194704
0.194492
0.194281
0.194072
0.193863
0.193655
0.193449
0.193243
0.193039
0.192836
0.192633
0.192432
0.192232
0.192033
0.191835
0.191638
0.191442
0.191247
0.191054
0.190861
0.190669
0.190478
0.190289
0.1901
0.189912
0.189725
0.18954
0.189355
0.189171
0.188989
0.188807
0.188626
0.188446
0.188268
0.18809
0.187913
0.187737
0.187562
0.187388
0.187215
0.187043
0.186872
0.186701
0.186532
0.186364
0.186196
0.18603
0.185864
0.185699
0.185536
0.185373
0.185211
0.18505
0.18489
0.18473
0.184572
0.184414
0.184258
0.184102
0.183947
0.183793
0.18364
0.183488
0.183337
0.183186
0.183036
0.182888
0.18274
0.182592
0.182446
0.182301
0.182156
0.182012
0.18187
0.181727
0.181586
0.181446
0.181306
0.181167
0.181029
0.180892
