1.10715
1.10616
1.10517
1.10418
1.10317
1.10216
1.10114
1.10011
1.09908
1.09804
1.097
1.09594
1.09489
1.09382
1.09275
1.09167
1.09059
1.0895
1.0884
1.0873
1.0862
1.08508
1.08396
1.08284
1.08171
1.08058
1.07944
1.07829
1.07714
1.07598
1.07482
1.07366
1.07249
1.07131
1.07013
1.06895
1.06776
1.06656
1.06537
1.06416
1.06296
1.06175
1.06053
1.05931
1.05809
1.05687
1.05564
1.0544
1.05317
1.05192
1.05068
1.04943
1.04818
1.04693
1.04567
1.04441
1.04315
1.04188
1.04061
1.03934
1.03807
1.03679
1.03551
1.03423
1.03294
1.03166
1.03037
1.02908
1.02778
1.02649
1.02519
1.02389
1.02259
1.02128
1.01998
1.01867
1.01736
1.01605
1.01474
1.01343
1.01211
1.01079
1.00948
1.00816
1.00684
1.00552
1.00419
1.00287
1.00154
1.00022
0.99889
0.997562
0.996233
0.994903
0.993573
0.992242
0.99091
0.989577
0.988244
0.98691
0.985576
0.984241
0.982906
0.98157
0.980234
0.978897
0.97756
0.976223
0.974886
0.973548
0.972211
0.970873
0.969535
0.968197
0.966858
0.96552
0.964182
0.962844
0.961506
0.960168
0.95883
0.957493
0.956155
0.954818
0.953481
0.952144
0.950808
0.949471
0.948136
0.9468
0.945465
0.94413
0.942796
0.941462
0.940129
0.938796
0.937463
0.936131
0.9348
0.933469
0.932139
0.930809
0.92948
0.928152
0.926824
0.925497
0.924171
0.922846
0.921521
0.920196
0.918873
0.91755
0.916229
0.914908
0.913587
0.912268
0.910949
0.909632
0.908315
0.906999
0.905684
0.904369
0.903056
0.901744
0.900432
0.899122
0.897812
0.896504
0.895196
0.89389
0.892584
0.89128
0.889976
0.888674
0.887372
0.886072
0.884772
0.883474
0.882177
0.880881
0.879586
0.878292
0.876999
0.875707
0.874416
0.873127
0.871838
0.870551
0.869265
0.86798
0.866696
0.865414
0.864132
0.862852
0.861573
0.860295
0.859019
0.857743
0.856469
0.855196
0.853924
0.852653
0.851384
0.850116
0.848849
0.847583
0.846318
0.845055
0.843793
0.842533
0.841273
0.840015
0.838758
0.837502
0.836248
0.834995
0.833743
0.832493
0.831243
0.829995
0.828749
0.827503
0.826259
0.825016
0.823775
0.822535
0.821296
0.820058
0.818822
0.817587
0.816354
0.815121
0.813891
0.812661
0.811433
0.810206
0.80898
0.807756
0.806533
0.805311
0.804091
0.802872
0.801654
0.800438
0.799223
0.79801
0.796797
0.795586
0.794377
0.793169
0.791962
0.790756
0.789552
0.78835
0.787148
0.785948
0.784749
0.783552
0.782356
0.781162
0.779968
0.778776
0.777586
0.776397
0.775209
0.774022
0.772837
0.771654
0.770471
0.76929
0.768111
0.766933
0.765756
0.76458
0.763406
0.762233
0.761062
0.759892
0.758723
0.757556
0.75639
0.755226
0.754062
0.752901
0.75174
0.750581
0.749423
0.748267
0.747112
0.745959
0.744806
0.743656
0.742506
0.741358
0.740211
0.739066
0.737922
0.736779
0.735638
0.734498
0.73336
0.732223
0.731087
0.729952
0.728819
0.727688
0.726557
0.725428
0.724301
0.723175
0.72205
0.720926
0.719804
0.718683
0.717564
0.716446
0.715329
0.714214
0.7131
0.711988
0.710876
0.709767
0.708658
0.707551
0.706445
0.705341
0.704238
0.703136
0.702036
0.700937
0.699839
0.698743
0.697648
0.696554
0.695462
0.694371
0.693281
0.692193
0.691106
0.690021
0.688937
0.687854
0.686773
0.685692
0.684614
0.683536
0.68246
0.681385
0.680312
0.67924
0.678169
0.6771
0.676032
0.674965
0.6739
0.672836
0.671773
0.670712
0.669652
0.668593
0.667535
0.666479
0.665425
0.664371
0.663319
0.662268
0.661219
0.660171
0.659124
0.658079
0.657034
0.655992
0.65495
0.65391
0.652871
0.651834
0.650797
0.649762
0.648729
0.647696
0.646665
0.645636
0.644607
0.64358
0.642554
0.64153
0.640507
0.639485
0.638464
0.637445
0.636427
0.635411
0.634395
0.633381
0.632368
0.631357
0.630347
0.629338
0.62833
0.627324
0.626319
0.625315
0.624312
0.623311
0.622311
0.621313
0.620315
0.619319
0.618325
0.617331
0.616339
0.615348
0.614358
0.61337
0.612383
0.611397
0.610412
0.609429
0.608447
0.607466
0.606486
0.605508
0.604531
0.603555
0.602581
0.601608
0.600636
0.599665
0.598695
0.597727
0.59676
0.595794
0.59483
0.593867
0.592905
0.591944
0.590984
0.590026
0.589069
0.588113
0.587159
0.586205
0.585253
0.584302
0.583353
0.582404
0.581457
0.580511
0.579567
0.578623
0.577681
0.57674
0.5758
0.574861
0.573924
0.572988
0.572053
0.571119
0.570187
0.569255
0.568325
0.567396
0.566469
0.565542
0.564617
0.563693
0.56277
0.561848
0.560928
0.560009
0.55909
0.558174
0.557258
0.556343
0.55543
0.554518
0.553607
0.552697
0.551789
0.550881
0.549975
0.54907
0.548166
0.547264
0.546362
0.545462
0.544563
0.543665
0.542768
0.541872
0.540978
0.540085
0.539192
0.538301
0.537412
0.536523
0.535635
0.534749
0.533864
0.53298
0.532097
0.531215
0.530335
0.529455
0.528577
0.5277
0.526824
0.525949
0.525075
0.524203
0.523331
0.522461
0.521592
0.520724
0.519857
0.518991
0.518126
0.517263
0.5164
0.515539
0.514679
0.51382
0.512962
0.512105
0.511249
0.510395
0.509541
0.508689
0.507837
0.506987
0.506138
0.50529
0.504443
0.503598
0.502753
0.501909
0.501067
0.500226
0.499385
0.498546
0.497708
0.496871
0.496035
0.4952
0.494366
0.493534
0.492702
0.491872
0.491042
0.490214
0.489386
0.48856
0.487735
0.486911
0.486088
0.485266
0.484445
0.483625
0.482806
0.481988
0.481172
0.480356
0.479541
0.478728
0.477915
0.477104
0.476293
0.475484
0.474676
0.473868
0.473062
0.472257
0.471453
0.47065
0.469847
0.469046
0.468246
0.467447
0.466649
0.465852
0.465056
0.464261
0.463467
0.462674
0.461882
0.461091
0.460301
0.459513
0.458725
0.457938
0.457152
0.456367
0.455583
0.4548
0.454018
0.453237
0.452457
0.451678
0.4509
0.450123
0.449347
0.448572
0.447798
0.448573
0.449349
0.450124
0.450901
0.451678
0.452455
0.453233
0.454011
0.45479
0.455569
0.456349
0.45713
0.457911
0.458693
0.459475
0.460258
0.461042
0.461827
0.462612
0.463398
0.464184
0.464972
0.46576
0.466549
0.467339
0.468129
0.468921
0.469713
0.470506
0.4713
0.472095
0.472891
0.473687
0.474485
0.475283
0.476083
0.476883
0.477684
0.478487
0.47929
0.480094
0.480899
0.481706
0.482513
0.483321
0.484131
0.484941
0.485752
0.486565
0.487379
0.488193
0.489009
0.489826
0.490644
0.491464
0.492284
0.493106
0.493928
0.494752
0.495577
0.496404
0.497231
0.49806
0.49889
0.499721
0.500553
0.501387
0.502222
0.503058
0.503895
0.504734
0.505574
0.506415
0.507257
0.508101
0.508946
0.509793
0.510641
0.51149
0.51234
0.513192
0.514045
0.514899
0.515755
0.516612
0.517471
0.518331
0.519192
0.520055
0.520919
0.521785
0.522652
0.52352
0.52439
0.525261
0.526134
0.527008
0.527883
0.52876
0.529639
0.530518
0.5314
0.532283
0.533167
0.534053
0.53494
0.535829
0.536719
0.537611
0.538504
0.539399
0.540295
0.541193
0.542092
0.542993
0.543895
0.544799
0.545705
0.546612
0.54752
0.54843
0.549342
0.550255
0.55117
0.552086
0.553004
0.553924
0.554845
0.555767
0.556692
0.557618
0.558545
0.559474
0.560405
0.561337
0.562271
0.563206
0.564143
0.565082
0.566022
0.566964
0.567907
0.568852
0.569799
0.570748
0.571698
0.572649
0.573603
0.574557
0.575514
0.576472
0.577432
0.578394
0.579357
0.580322
0.581288
0.582257
0.583226
0.584198
0.585171
0.586146
0.587123
0.588101
0.589081
0.590062
0.591046
0.592031
0.593017
0.594006
0.594996
0.595988
0.596981
0.597976
0.598973
0.599972
0.600972
0.601974
0.602977
0.603983
0.60499
0.605999
0.607009
0.608022
0.609036
0.610051
0.611069
0.612088
0.613109
0.614131
0.615156
0.616182
0.61721
0.618239
0.61927
0.620303
0.621338
0.622375
0.623413
0.624453
0.625494
0.626538
0.627583
0.62863
0.629679
0.630729
0.631781
0.632835
0.633891
0.634948
0.636008
0.637069
0.638131
0.639196
0.640262
0.64133
0.6424
0.643471
0.644545
0.64562
0.646697
0.647775
0.648856
0.649938
0.651022
0.652107
0.653195
0.654284
0.655375
0.656468
0.657562
0.658658
0.659756
0.660856
0.661958
0.663061
0.664167
0.665274
0.666382
0.667493
0.668605
0.669719
0.670835
0.671953
0.673072
0.674193
0.675316
0.676441
0.677568
0.678696
0.679826
0.680958
0.682092
0.683227
0.684364
0.685503
0.686644
0.687787
0.688931
0.690078
0.691226
0.692375
0.693527
0.69468
0.695835
0.696992
0.698151
0.699312
0.700474
0.701638
0.702804
0.703972
0.705141
0.706312
0.707485
0.70866
0.709837
0.711015
0.712195
0.713377
0.714561
0.715747
0.716934
0.718123
0.719314
0.720507
0.721702
0.722898
0.724096
0.725296
0.726498
0.727701
0.728906
0.730113
0.731322
0.732533
0.733745
0.73496
0.736176
0.737393
0.738613
0.739834
0.741057
0.742282
0.743509
0.744738
0.745968
0.7472
0.748434
0.749669
0.750907
0.752146
0.753387
0.75463
0.755874
0.757121
0.758369
0.759619
0.76087
0.762124
0.763379
0.764636
0.765895
0.767156
0.768418
0.769682
0.770948
0.772216
0.773485
0.774756
0.776029
0.777304
0.77858
0.779859
0.781139
0.782421
0.783704
0.78499
0.786277
0.787566
0.788856
0.790149
0.791443
0.792739
0.794037
0.795336
0.796637
0.79794
0.799245
0.800552
0.80186
0.80317
0.804482
0.805795
0.80711
0.808427
0.809746
0.811067
0.812389
0.813713
0.815039
0.816366
0.817696
0.819026
0.820359
0.821694
0.82303
0.824368
0.825707
0.827049
0.828392
0.829737
0.831083
0.832432
0.833782
0.835134
0.836487
0.837842
0.839199
0.840558
0.841918
0.84328
0.844644
0.84601
0.847377
0.848746
0.850117
0.851489
0.852863
0.854239
0.855616
0.856996
0.858377
0.859759
0.861143
0.862529
0.863917
0.865307
0.866698
0.86809
0.869485
0.870881
0.872279
0.873678
0.875079
0.876482
0.877887
0.879293
0.880701
0.882111
0.883522
0.884935
0.886349
0.887765
0.889183
0.890603
0.892024
0.893447
0.894871
0.896298
0.897725
0.899155
0.900586
0.902019
0.903453
0.904889
0.906327
0.907766
0.909207
0.91065
0.912094
0.91354
0.914987
0.916436
0.917887
0.919339
0.920793
0.922249
0.923706
0.925164
0.926625
0.928087
0.92955
0.931015
0.932482
0.933951
0.935421
0.936892
0.938365
0.93984
0.941316
0.942794
0.944273
0.945754
0.947237
0.948721
0.950207
0.951694
0.953183
0.954673
0.956165
0.957659
0.959154
0.96065
0.962149
0.963648
0.96515
0.966652
0.968157
0.969662
0.97117
0.972679
0.974189
0.975701
0.977214
0.978729
0.980246
0.981764
0.983283
0.984804
0.986326
0.98785
0.989376
0.990903
0.992431
0.993961
0.995493
0.997025
0.99856
1.0001
1.00163
1.00317
1.00471
1.00625
1.0078
1.00934
1.01089
1.01243
1.01398
1.01553
1.01709
1.01864
1.02019
1.02175
1.02331
1.02487
1.02643
1.02799
1.02955
1.03111
1.03268
1.03425
1.03582
1.03739
1.03896
1.04053
1.04211
1.04368
1.04526
1.04684
1.04842
1.05
1.05158
1.05316
1.05475
1.05633
1.05792
1.05951
1.0611
1.06269
1.06429
1.06588
1.06748
1.06907
1.07067
1.07227
1.07387
1.07548
1.07708
1.07868
1.08029
1.0819
1.08351
1.08512
1.08673
1.08834
1.08995
1.09157
1.09319
1.0948
1.09642
1.09804
1.09966
1.10129
1.10291
1.10453
1.10616
1.10779
1.10942
1.11105
1.11268
1.11431
1.11594
1.11758
1.11921
1.12085
1.12249
1.12413
1.12577
1.12741
1.12905
1.1307
1.13234
1.13399
1.13564
1.13728
1.13893
1.14058
1.14224
1.14389
1.14554
1.1472
1.14886
1.15051
1.15217
1.15383
1.15549
1.15715
1.15882
1.16048
1.16215
1.16381
1.16548
1.16715
1.16882
1.17049
1.17216
1.17383
1.1755
1.17718
1.17885
1.18053
1.18221
1.18389
1.18557
1.18725
1.18893
1.19061
1.19229
1.19398
1.19566
1.19735
1.19904
1.20073
1.20242
1.20411
1.2058
1.20749
1.20918
1.21088
1.21257
1.21427
1.21596
1.21766
1.21936
1.22106
1.22276
1.22446
1.22616
1.22787
1.22957
1.23127
1.23298
1.23469
1.23639
1.2381
1.23981
1.24152
1.24323
1.24494
1.24665
1.24837
1.25008
1.25179
1.25351
1.25523
1.25694
1.25866
1.26038
1.2621
1.26382
1.26554
1.26726
1.26898
1.27071
1.27243
1.27416
1.27588
1.27761
1.27933
1.28106
1.28279
1.28452
1.28625
1.28798
1.28971
1.29144
1.29317
1.2949
1.29664
1.29837
1.30011
1.30184
1.30358
1.30532
1.30705
1.30879
1.31053
1.31227
1.31401
1.31575
1.31749
1.31923
1.32097
1.32272
1.32446
1.3262
1.32795
1.32969
1.33144
1.33319
1.33493
1.33668
1.33843
1.34018
1.34192
1.34367
1.34542
1.34717
1.34892
1.35068
1.35243
1.35418
1.35593
1.35769
1.35944
1.36119
1.36295
1.3647
1.36646
1.36821
1.36997
1.37173
1.37348
1.37524
1.377
1.37876
1.38052
1.38227
1.38403
1.38579
1.38755
1.38931
1.39107
1.39284
1.3946
1.39636
1.39812
1.39988
1.40165
1.40341
1.40517
1.40694
1.4087
1.41047
1.41223
1.414
1.41576
1.41753
1.41929
1.42106
1.42282
1.42459
1.42636
1.42812
1.42989
1.43166
1.43343
1.43519
1.43696
1.43873
1.4405
1.44227
1.44404
1.44581
1.44757
1.44934
1.45111
1.45288
1.45465
1.45642
1.45819
1.45996
1.46173
1.4635
1.46527
1.46704
1.46881
1.47059
1.47236
1.47413
1.4759
1.47767
1.47944
1.48121
1.48298
1.48475
1.48653
1.4883
1.49007
1.49184
1.49361
1.49538
1.49716
1.49893
1.5007
1.50247
1.50424
1.50601
1.50778
1.50956
1.51133
1.5131
1.51487
1.51664
1.51841
1.52018
1.52195
1.52372
1.5255
1.52727
1.52904
1.53081
1.53258
1.53435
1.53612
1.53789
1.53966
1.54143
1.5432
1.54497
1.54674
1.54851
1.55028
1.55205
1.55381
1.55558
1.55735
1.55912
1.56089
1.56266
1.56442
1.56619
1.56796
1.56972
1.57149
1.57326
1.57502
1.57679
1.57856
1.58032
1.58209
1.58385
1.58562
1.58738
1.58915
1.59091
1.59267
1.59444
1.5962
1.59796
1.59972
1.60149
1.60325
1.60501
1.60677
1.60853
1.61029
1.61205
1.61381
1.61557
1.61733
1.61909
1.62085
1.6226
1.62436
1.62612
1.62788
1.62963
1.63139
1.63314
1.6349
1.63665
1.63841
1.64016
1.64191
1.64367
1.64542
1.64717
1.64892
1.65067
1.65242
1.65417
1.65592
1.65767
1.65942
1.66117
1.66292
1.66466
1.66641
1.66816
1.6699
1.67165
1.67339
1.67514
1.67688
1.67862
1.68037
1.68211
1.68385
1.68559
1.68733
1.68907
1.69081
1.69255
1.69428
1.69602
1.69776
1.69949
1.70123
1.70296
1.7047
1.70643
1.70816
1.7099
1.71163
1.71336
1.71509
1.71682
1.71855
1.72028
1.722
1.72373
1.72546
1.72718
1.72891
1.73063
1.73236
1.73408
1.7358
1.73752
1.73924
1.74096
1.74268
1.7444
1.74612
1.74784
1.74955
1.75127
1.75298
1.7547
1.75641
1.75813
1.75984
1.76155
1.76326
1.76497
1.76668
1.76839
1.77009
1.7718
1.77351
1.77521
1.77691
1.77862
1.78032
1.78202
1.78372
1.78542
1.78712
1.78882
1.79052
1.79222
1.79391
1.79561
1.7973
1.79899
1.80069
1.80238
1.80407
1.80576
1.80745
1.80914
1.81082
1.81251
1.81419
1.81588
1.81756
1.81925
1.82093
1.82261
1.82429
1.82597
1.82765
1.82932
1.831
1.83267
1.83435
1.83602
1.83769
1.83937
1.84104
1.84271
1.84438
1.84604
1.84771
1.84938
1.85104
1.8527
1.85437
1.85603
1.85769
1.85935
1.86101
1.86267
1.86432
1.86598
1.86764
1.86929
1.87094
1.87259
1.87425
1.8759
1.87754
1.87919
1.88084
1.88248
1.88413
1.88577
1.88742
1.88906
1.8907
1.89234
1.89398
1.89561
1.89725
1.89888
1.90052
1.90215
1.90378
1.90541
1.90704
1.90867
1.9103
1.91193
1.91355
1.91518
1.9168
1.91842
1.92004
1.92166
1.92328
1.9249
1.92651
1.92813
1.92974
1.93136
1.93297
1.93458
1.93619
1.9378
1.93941
1.94101
1.94262
1.94422
1.94582
1.94743
1.94903
1.95063
1.95222
1.95382
1.95542
1.95701
1.95861
1.9602
1.96179
1.96338
1.96497
1.96656
1.96814
1.96973
1.97131
1.97289
1.97448
1.97606
1.97764
1.97921
1.98079
1.98237
1.98394
1.98551
1.98708
1.98866
1.99023
1.99179
1.99336
1.99493
1.99649
1.99805
1.99962
2.00118
2.00274
2.00429
2.00585
2.00741
2.00896
2.01052
2.01207
2.01362
2.01517
2.01672
2.01826
2.01981
2.02135
2.0229
2.02444
2.02598
2.02752
2.02906
2.03059
2.03213
2.03366
2.0352
2.03673
2.03826
2.03979
2.04132
2.04284
2.04437
2.04589
2.04742
2.04894
2.05046
2.05198
2.05349
2.05501
2.05652
2.05804
2.05955
2.06106
2.06257
2.06408
2.06559
2.06709
2.0686
2.0701
2.0716
2.0731
2.0746
2.0761
2.07759
2.07909
2.08058
2.08207
2.08357
2.08506
2.08654
2.08803
2.08952
2.091
2.09248
2.09396
2.09545
2.09692
2.0984
2.09988
2.10135
2.10283
2.1043
2.10577
2.10724
2.10871
2.11017
2.11164
2.1131
2.11456
2.11603
2.11749
2.11894
2.1204
2.12186
2.12331
2.12476
2.12622
2.12767
2.12911
2.13056
2.13201
2.13345
2.1349
2.13634
2.13778
2.13922
2.14066
2.14209
2.14353
2.14496
2.14639
2.14782
2.14925
2.15068
2.15211
2.15353
2.15496
2.15638
2.1578
2.15922
2.16064
2.16206
2.16347
2.16489
2.1663
2.16771
2.16912
2.17053
2.17193
2.17334
2.17474
2.17615
2.17755
2.17895
2.18035
2.18174
2.18314
2.18453
2.18593
2.18732
2.18871
2.1901
2.19149
2.19287
2.19426
2.19564
2.19702
2.1984
2.19978
2.20116
2.20253
2.20391
2.20528
2.20665
2.20802
2.20939
2.21076
2.21212
2.21349
2.21485
2.21621
2.21757
2.21893
2.22029
2.22165
2.223
2.22435
2.22571
2.22706
2.22841
2.22975
2.2311
2.23244
2.23379
2.23513
2.23647
2.23781
2.23915
2.24048
2.24182
2.24315
2.24448
2.24581
2.24714
2.24847
2.24979
2.25112
2.25244
2.25376
2.25508
2.2564
2.25772
2.25904
2.26035
2.26167
2.26298
2.26429
2.2656
2.2669
2.26821
2.26951
2.27082
2.27212
2.27342
2.27472
2.27602
2.27731
2.27861
2.2799
2.28119
2.28248
2.28377
2.28506
2.28634
2.28763
2.28891
2.29019
2.29147
2.29275
2.29403
2.29531
2.29658
2.29785
2.29913
2.3004
2.30166
2.30293
2.3042
2.30546
2.30673
2.30799
2.30925
2.31051
2.31176
2.31302
2.31427
2.31553
2.31678
2.31803
2.31928
2.32053
2.32177
2.32302
2.32426
2.3255
2.32674
2.32798
2.32922
2.33045
2.33169
2.33292
2.33415
2.33538
2.33661
2.33784
2.33907
2.34029
2.34151
2.34274
2.34396
2.34518
2.34639
2.34761
2.34882
2.35004
2.35125
2.35246
2.35367
2.35488
2.35608
2.35729
2.35849
2.35969
2.36089
2.36209
2.36329
2.36449
2.36568
2.36688
2.36807
2.36926
2.37045
2.37164
2.37282
2.37401
2.37519
2.37637
2.37755
2.37873
2.37991
2.38109
2.38226
2.38344
2.38461
2.38578
2.38695
2.38812
2.38929
2.39045
2.39162
2.39278
2.39394
2.3951
2.39626
2.39742
2.39857
2.39973
2.40088
2.40203
2.40318
2.40433
2.40548
2.40662
2.40777
2.40891
2.41005
2.41119
2.41233
2.41347
2.41461
2.41574
2.41688
2.41801
2.41914
2.42027
2.4214
2.42252
2.42365
2.42477
2.42589
2.42702
2.42814
2.42925
2.43037
2.43149
2.4326
2.43371
2.43483
2.43594
2.43705
2.43815
2.43926
2.44036
2.44147
2.44257
2.44367
2.44477
2.44587
2.44696
2.44806
2.44915
2.45025
2.45134
2.45243
2.45352
2.4546
2.45569
2.45677
2.45786
2.45894
2.46002
2.4611
2.46218
2.46325
2.46433
2.4654
2.46648
2.46755
2.46862
2.46968
2.47075
2.47182
2.47288
2.47395
2.47501
2.47607
2.47713
2.47818
2.47924
2.4803
2.48135
2.4824
2.48345
2.4845
2.48555
2.4866
2.48765
2.48869
2.48973
2.49078
2.49182
2.49286
2.4939
2.49493
2.49597
2.497
2.49803
2.49907
2.5001
2.50113
2.50215
2.50318
2.50421
2.50523
2.50625
2.50727
2.50829
2.50931
2.51033
2.51135
2.51236
2.51337
2.51439
2.5154
2.51641
2.51741
2.51842
2.51943
2.52043
2.52144
2.52244
2.52344
2.52444
2.52544
2.52643
2.52743
2.52842
2.52942
2.53041
2.5314
2.53239
2.53338
2.53436
2.53535
2.53633
2.53732
2.5383
2.53928
2.54026
2.54124
2.54221
2.54319
2.54416
2.54514
2.54611
2.54708
2.54805
2.54902
2.54998
2.55095
2.55191
2.55288
2.55384
2.5548
2.55576
2.55672
2.55768
2.55863
2.55959
2.56054
2.56149
2.56244
2.56339
2.56434
2.56529
2.56623
2.56718
2.56812
2.56907
2.57001
2.57095
2.57189
2.57282
2.57376
2.5747
2.57563
2.57656
2.57749
2.57843
2.57935
2.58028
2.58121
2.58214
2.58306
2.58398
2.58491
2.58583
2.58675
2.58767
2.58858
2.5895
2.59042
2.59133
2.59224
2.59315
2.59406
2.59497
2.59588
2.59679
2.59769
2.5986
2.5995
2.60041
2.60131
2.60221
2.60311
2.604
2.6049
2.6058
2.60669
2.60758
2.60848
2.60937
2.61026
2.61114
2.61203
2.61292
2.6138
2.61469
2.61557
2.61645
2.61733
2.61821
2.61909
2.61997
2.62085
2.62172
2.6226
2.62347
2.62434
2.62521
2.62608
2.62695
2.62782
2.62868
2.62955
2.63041
2.63128
2.63214
2.633
2.63386
2.63472
2.63557
2.63643
2.63729
2.63814
2.63899
2.63985
2.6407
2.64155
2.6424
2.64324
2.64409
2.64494
2.64578
2.64662
2.64747
2.64831
2.64915
2.64999
2.65083
2.65166
2.6525
2.65334
2.65417
2.655
2.65583
2.65667
2.6575
2.65832
2.65915
2.65998
2.66081
2.66163
2.66245
2.66328
2.66245
2.66163
2.6608
2.65997
2.65915
2.65832
2.65749
2.65666
2.65583
2.655
2.65417
2.65334
2.65251
2.65168
2.65085
2.65001
2.64918
2.64834
2.64751
2.64667
2.64583
2.645
2.64416
2.64332
2.64248
2.64164
2.6408
2.63995
2.63911
2.63826
2.63742
2.63657
2.63573
2.63488
2.63403
2.63318
2.63233
2.63148
2.63062
2.62977
2.62891
2.62806
2.6272
2.62634
2.62548
2.62462
2.62376
2.6229
2.62203
2.62117
2.6203
2.61944
2.61857
2.6177
2.61683
2.61596
2.61508
2.61421
2.61334
2.61246
2.61158
2.6107
2.60982
2.60894
2.60806
2.60717
2.60629
2.6054
2.60451
2.60362
2.60273
2.60184
2.60095
2.60006
2.59916
2.59826
2.59736
2.59646
2.59556
2.59466
2.59376
2.59285
2.59194
2.59104
2.59013
2.58922
2.5883
2.58739
2.58647
2.58556
2.58464
2.58372
2.5828
2.58188
2.58095
2.58003
2.5791
2.57817
2.57724
2.57631
2.57538
2.57444
2.57351
2.57257
2.57163
2.57069
2.56975
2.5688
2.56786
2.56691
2.56596
2.56501
2.56406
2.56311
2.56215
2.5612
2.56024
2.55928
2.55832
2.55736
2.55639
2.55543
2.55446
2.55349
2.55252
2.55155
2.55057
2.5496
2.54862
2.54764
2.54666
2.54568
2.5447
2.54371
2.54273
2.54174
2.54075
2.53975
2.53876
2.53777
2.53677
2.53577
2.53477
2.53377
2.53277
2.53176
2.53075
2.52975
2.52874
2.52772
2.52671
2.52569
2.52468
2.52366
2.52264
2.52162
2.52059
2.51957
2.51854
2.51751
2.51648
2.51545
2.51441
2.51338
2.51234
2.5113
2.51026
2.50922
2.50817
2.50713
2.50608
2.50503
2.50398
2.50293
2.50187
2.50081
2.49976
2.4987
2.49763
2.49657
2.4955
2.49444
2.49337
2.4923
2.49123
2.49015
2.48908
2.488
2.48692
2.48584
2.48475
2.48367
2.48258
2.4815
2.48041
2.47931
2.47822
2.47712
2.47603
2.47493
2.47383
2.47273
2.47162
2.47052
2.46941
2.4683
2.46719
2.46607
2.46496
2.46384
2.46272
2.4616
2.46048
2.45936
2.45823
2.4571
2.45598
2.45484
2.45371
2.45258
2.45144
2.4503
2.44916
2.44802
2.44688
2.44573
2.44458
2.44344
2.44228
2.44113
2.43998
2.43882
2.43766
2.4365
2.43534
2.43418
2.43301
2.43185
2.43068
2.42951
2.42834
2.42716
2.42599
2.42481
2.42363
2.42245
2.42126
2.42008
2.41889
2.4177
2.41651
2.41532
2.41413
2.41293
2.41173
2.41054
2.40933
2.40813
2.40693
2.40572
2.40451
2.4033
2.40209
2.40088
2.39966
2.39844
2.39722
2.396
2.39478
2.39356
2.39233
2.3911
2.38987
2.38864
2.38741
2.38617
2.38494
2.3837
2.38246
2.38121
2.37997
2.37872
2.37748
2.37623
2.37497
2.37372
2.37247
2.37121
2.36995
2.36869
2.36743
2.36616
2.3649
2.36363
2.36236
2.36109
2.35982
2.35854
2.35727
2.35599
2.35471
2.35343
2.35214
2.35086
2.34957
2.34828
2.34699
2.3457
2.34441
2.34311
2.34181
2.34051
2.33921
2.33791
2.3366
2.3353
2.33399
2.33268
2.33137
2.33005
2.32874
2.32742
2.3261
2.32478
2.32346
2.32213
2.32081
2.31948
2.31815
2.31682
2.31549
2.31415
2.31282
2.31148
2.31014
2.3088
2.30745
2.30611
2.30476
2.30341
2.30206
2.30071
2.29936
2.298
2.29664
2.29528
2.29392
2.29256
2.2912
2.28983
2.28846
2.28709
2.28572
2.28435
2.28298
2.2816
2.28022
2.27884
2.27746
2.27608
2.27469
2.27331
2.27192
2.27053
2.26914
2.26774
2.26635
2.26495
2.26355
2.26215
2.26075
2.25935
2.25794
2.25654
2.25513
2.25372
2.25231
2.25089
2.24948
2.24806
2.24664
2.24522
2.2438
2.24238
2.24095
2.23953
2.2381
2.23667
2.23524
2.2338
2.23237
2.23093
2.22949
2.22805
2.22661
2.22517
2.22372
2.22228
2.22083
2.21938
2.21793
2.21648
2.21502
2.21356
2.21211
2.21065
2.20919
2.20772
2.20626
2.20479
2.20333
2.20186
2.20039
2.19891
2.19744
2.19597
2.19449
2.19301
2.19153
2.19005
2.18856
2.18708
2.18559
2.18411
2.18262
2.18112
2.17963
2.17814
2.17664
2.17514
2.17365
2.17214
2.17064
2.16914
2.16763
2.16613
2.16462
2.16311
2.1616
2.16009
2.15857
2.15706
2.15554
2.15402
2.1525
2.15098
2.14946
2.14793
2.1464
2.14488
2.14335
2.14182
2.14028
2.13875
2.13722
2.13568
2.13414
2.1326
2.13106
2.12952
2.12797
2.12643
2.12488
2.12333
2.12178
2.12023
2.11868
2.11713
2.11557
2.11401
2.11246
2.1109
2.10934
2.10777
2.10621
2.10464
2.10308
2.10151
2.09994
2.09837
2.0968
2.09522
2.09365
2.09207
2.09049
2.08892
2.08733
2.08575
2.08417
2.08259
2.081
2.07941
2.07782
2.07623
2.07464
2.07305
2.07146
2.06986
2.06826
2.06667
2.06507
2.06347
2.06187
2.06026
2.05866
2.05705
2.05545
2.05384
2.05223
2.05062
2.04901
2.04739
2.04578
2.04416
2.04254
2.04093
2.03931
2.03769
2.03606
2.03444
2.03282
2.03119
2.02956
2.02794
2.02631
2.02468
2.02304
2.02141
2.01978
2.01814
2.01651
2.01487
2.01323
2.01159
2.00995
2.00831
2.00666
2.00502
2.00337
2.00173
2.00008
1.99843
1.99678
1.99513
1.99347
1.99182
1.99017
1.98851
1.98685
1.9852
1.98354
1.98188
1.98021
1.97855
1.97689
1.97522
1.97356
1.97189
1.97022
1.96856
1.96689
1.96522
1.96354
1.96187
1.9602
1.95852
1.95685
1.95517
1.95349
1.95181
1.95013
1.94845
1.94677
1.94509
1.9434
1.94172
1.94003
1.93834
1.93666
1.93497
1.93328
1.93159
1.9299
1.9282
1.92651
1.92482
1.92312
1.92143
1.91973
1.91803
1.91633
1.91463
1.91293
1.91123
1.90953
1.90782
1.90612
1.90442
1.90271
1.901
1.8993
1.89759
1.89588
1.89417
1.89246
1.89075
1.88903
1.88732
1.88561
1.88389
1.88218
1.88046
1.87874
1.87702
1.87531
1.87359
1.87187
1.87014
1.86842
1.8667
1.86498
1.86325
1.86153
1.8598
1.85808
1.85635
1.85462
1.8529
1.85117
1.84944
1.84771
1.84598
1.84424
1.84251
1.84078
1.83905
1.83731
1.83558
1.83384
1.8321
1.83037
1.82863
1.82689
1.82515
1.82341
1.82168
1.81993
1.81819
1.81645
1.81471
1.81297
1.81122
1.80948
1.80774
1.80599
1.80425
1.8025
1.80075
1.79901
1.79726
1.79551
1.79376
1.79201
1.79026
1.78851
1.78676
1.78501
1.78326
1.78151
1.77976
1.778
1.77625
1.7745
1.77274
1.77099
1.76923
1.76748
1.76572
1.76396
1.76221
1.76045
1.75869
1.75694
1.75518
1.75342
1.75166
1.7499
1.74814
1.74638
1.74462
1.74286
1.7411
1.73934
1.73758
1.73581
1.73405
1.73229
1.73053
1.72876
1.727
1.72523
1.72347
1.72171
1.71994
1.71818
1.71641
1.71465
1.71288
1.71111
1.70935
1.70758
1.70582
1.70405
1.70228
1.70051
1.69875
1.69698
1.69521
1.69344
1.69168
1.68991
1.68814
1.68637
1.6846
1.68283
1.68106
1.67929
1.67753
1.67576
1.67399
1.67222
1.67045
1.66868
1.66691
1.66514
1.66337
1.6616
1.65983
1.65806
1.65629
1.65452
1.65275
1.65098
1.6492
1.64743
1.64566
1.64389
1.64212
1.64035
1.63858
1.63681
1.63504
1.63327
1.6315
1.62973
1.62796
1.62619
1.62442
1.62265
1.62088
1.61911
1.61734
1.61557
1.6138
1.61203
1.61026
1.60849
1.60672
1.60495
1.60318
1.60141
1.59964
1.59787
1.5961
1.59433
1.59256
1.5908
1.58903
1.58726
1.58549
1.58372
1.58196
1.58019
1.57842
1.57665
1.57489
1.57312
1.57135
1.56959
1.56782
1.56606
1.56429
1.56253
1.56076
1.559
1.55723
1.55547
1.5537
1.55194
1.55018
1.54841
1.54665
1.54489
1.54313
1.54136
1.5396
1.53784
1.53608
1.53432
1.53256
1.5308
1.52904
1.52728
1.52552
1.52376
1.522
1.52025
1.51849
1.51673
1.51497
1.51322
1.51146
1.50971
1.50795
1.5062
1.50444
1.50269
1.50093
1.49918
1.49743
1.49568
1.49392
1.49217
1.49042
1.48867
1.48692
1.48517
1.48342
1.48168
1.47993
1.47818
1.47643
1.47469
1.47294
1.47119
1.46945
1.46771
1.46596
1.46422
1.46248
1.46073
1.45899
1.45725
1.45551
1.45377
1.45203
1.45029
1.44855
1.44681
1.44508
1.44334
1.4416
1.43987
1.43813
1.4364
1.43467
1.43293
1.4312
1.42947
1.42774
1.42601
1.42428
1.42255
1.42082
1.41909
1.41737
1.41564
1.41391
1.41219
1.41046
1.40874
1.40702
1.40529
1.40357
1.40185
1.40013
1.39841
1.39669
1.39497
1.39326
1.39154
1.38982
1.38811
1.38639
1.38468
1.38297
1.38125
1.37954
1.37783
1.37612
1.37441
1.3727
1.371
1.36929
1.36758
1.36588
1.36417
1.36247
1.36077
1.35906
1.35736
1.35566
1.35396
1.35226
1.35057
1.34887
1.34717
1.34548
1.34378
1.34209
1.3404
1.3387
1.33701
1.33532
1.33363
1.33194
1.33026
1.32857
1.32688
1.3252
1.32351
1.32183
1.32015
1.31847
1.31679
1.31511
1.31343
1.31175
1.31007
1.3084
1.30672
1.30505
1.30337
1.3017
1.30003
1.29836
1.29669
1.29502
1.29335
1.29169
1.29002
1.28836
1.28669
1.28503
1.28337
1.28171
1.28005
1.27839
1.27673
1.27508
1.27342
1.27176
1.27011
1.26846
1.26681
1.26516
1.26351
1.26186
1.26021
1.25856
1.25692
1.25527
1.25363
1.25199
1.25035
1.24871
1.24707
1.24543
1.24379
1.24215
1.24052
1.23889
1.23725
1.23562
1.23399
1.23236
1.23073
1.2291
1.22748
1.22585
1.22423
1.22261
1.22098
1.21936
1.21774
1.21612
1.21451
1.21289
1.21127
1.20966
1.20805
1.20644
1.20482
1.20322
1.20161
1.2
1.19839
1.19679
1.19518
1.19358
1.19198
1.19038
1.18878
1.18718
1.18558
1.18399
1.18239
1.1808
1.17921
1.17762
1.17603
1.17444
1.17285
1.17126
1.16968
1.16809
1.16651
1.16493
1.16335
1.16177
1.16019
1.15862
1.15704
1.15547
1.15389
1.15232
1.15075
1.14918
1.14761
1.14604
1.14448
1.14291
1.14135
1.13979
1.13823
1.13667
1.13511
1.13355
1.132
1.13044
1.12889
1.12734
1.12578
1.12424
1.12269
1.12114
1.11959
1.11805
1.11651
1.11496
1.11342
1.11188
1.11034
1.10881
1.10727
1.10574
1.1042
1.10267
1.10114
1.09961
1.09808
1.09656
1.09503
1.09351
1.09198
1.09046
1.08894
1.08742
1.08591
1.08439
1.08287
1.08136
1.07985
1.07834
1.07683
1.07532
1.07381
1.07231
1.0708
1.0693
1.0678
1.0663
1.0648
1.0633
1.0618
1.06031
1.05881
1.05732
1.05583
1.05434
1.05285
1.05136
1.04988
1.04839
1.04691
1.04543
1.04395
1.04247
1.04099
1.03951
1.03804
1.03656
1.03509
1.03362
1.03215
1.03068
1.02921
1.02775
1.02628
1.02482
1.02336
1.0219
1.02044
1.01898
1.01753
1.01607
1.01462
1.01317
1.01172
1.01027
1.00882
1.00737
1.00593
1.00448
1.00304
1.0016
1.00016
0.998722
0.997286
0.99585
0.994416
0.992983
0.991552
0.990122
0.988693
0.987266
0.985841
0.984416
0.982993
0.981572
0.980151
0.978733
0.977315
0.975899
0.974485
0.973071
0.97166
0.970249
0.96884
0.967433
0.966026
0.964622
0.963218
0.961816
0.960416
0.959016
0.957619
0.956222
0.954827
0.953434
0.952042
0.950651
0.949261
0.947873
0.946487
0.945102
0.943718
0.942336
0.940955
0.939576
0.938198
0.936821
0.935446
0.934072
0.932699
0.931329
0.929959
0.928591
0.927224
0.925859
0.924495
0.923132
0.921771
0.920412
0.919054
0.917697
0.916341
0.914987
0.913635
0.912284
0.910934
0.909586
0.908239
0.906894
0.90555
0.904207
0.902866
0.901526
0.900188
0.898851
0.897516
0.896182
0.894849
0.893518
0.892188
0.89086
0.889533
0.888207
0.886883
0.885561
0.884239
0.88292
0.881601
0.880284
0.878969
0.877655
0.876342
0.875031
0.873721
0.872413
0.871106
0.8698
0.868496
0.867194
0.865892
0.864593
0.863294
0.861997
0.860702
0.859408
0.858115
0.856824
0.855534
0.854246
0.852959
0.851673
0.850389
0.849106
0.847825
0.846545
0.845267
0.84399
0.842714
0.84144
0.840167
0.838896
0.837626
0.836358
0.835091
0.833825
0.832561
0.831298
0.830037
0.828777
0.827518
0.826261
0.825006
0.823751
0.822499
0.821247
0.819997
0.818749
0.817501
0.816256
0.815011
0.813769
0.812527
0.811287
0.810049
0.808811
0.807576
0.806341
0.805108
0.803877
0.802647
0.801418
0.800191
0.798965
0.79774
0.796517
0.795296
0.794075
0.792856
0.791639
0.790423
0.789209
0.787995
0.786784
0.785573
0.784364
0.783157
0.781951
0.780746
0.779543
0.778341
0.77714
0.775941
0.774743
0.773547
0.772352
0.771159
0.769967
0.768776
0.767587
0.766399
0.765212
0.764027
0.762843
0.761661
0.76048
0.759301
0.758122
0.756946
0.75577
0.754596
0.753424
0.752253
0.751083
0.749915
0.748748
0.747582
0.746418
0.745255
0.744094
0.742934
0.741775
0.740618
0.739462
0.738307
0.737154
0.736002
0.734852
0.733703
0.732555
0.731409
0.730264
0.729121
0.727979
0.726838
0.725699
0.724561
0.723424
0.722289
0.721155
0.720022
0.718891
0.717761
0.716633
0.715506
0.71438
0.713256
0.712133
0.711011
0.709891
0.708772
0.707655
0.706539
0.705424
0.70431
0.703198
0.702088
0.700978
0.69987
0.698764
0.697658
0.696554
0.695452
0.69435
0.693251
0.692152
0.691055
0.689959
0.688864
0.687771
0.686679
0.685589
0.6845
0.683412
0.682325
0.68124
0.680156
0.679074
0.677992
0.676913
0.675834
0.674757
0.673681
0.672607
0.671533
0.670461
0.669391
0.668322
0.667254
0.666187
0.665122
0.664058
0.662995
0.661934
0.660874
0.659815
0.658758
0.657702
0.656647
0.655594
0.654541
0.653491
0.652441
0.651393
0.650346
0.6493
0.648256
0.647213
0.646171
0.645131
0.644092
0.643054
0.642017
0.640982
0.639948
0.638915
0.637884
0.636854
0.635825
0.634797
0.633771
0.632746
0.631723
0.6307
0.629679
0.628659
0.627641
0.626623
0.625607
0.624592
0.623579
0.622567
0.621556
0.620546
0.619538
0.618531
0.617525
0.61652
0.615517
0.614514
0.613514
0.612514
0.611516
0.610518
0.609523
0.608528
0.607535
0.606543
0.605552
0.604562
0.603574
0.602587
0.601601
0.600616
0.599633
0.59865
0.597669
0.59669
0.595711
0.594734
0.593758
0.592783
0.59181
0.590837
0.589866
0.588896
0.587927
0.58696
0.585994
0.585029
0.584065
0.583102
0.582141
0.581181
0.580222
0.579264
0.578307
0.577352
0.576398
0.575445
0.574493
0.573542
0.572593
0.571645
0.570698
0.569752
0.568807
0.567864
0.566922
0.565981
0.565041
0.564102
0.563165
0.562228
0.561293
0.560359
0.559426
0.558495
0.557564
0.556635
0.555707
0.55478
0.553854
0.552929
0.552006
0.551084
0.550162
0.549242
0.548323
0.547406
0.546489
0.545574
0.54466
0.543746
0.542834
0.541924
0.541014
0.540105
0.539198
0.538292
0.537386
0.536482
0.53558
0.534678
0.533777
0.532878
0.531979
0.531082
0.530186
0.529291
0.528397
0.527504
0.526612
0.525722
0.524832
0.523944
0.523057
0.52217
0.521285
0.520401
0.519519
0.518637
0.517756
0.516877
0.515998
0.515121
0.514244
0.513369
0.512495
0.511622
0.51075
0.509879
0.509009
0.50814
0.507273
0.506406
0.50554
0.506408
0.507277
0.508145
0.509015
0.509884
0.510755
0.511625
0.512497
0.513368
0.514241
0.515114
0.515988
0.516862
0.517737
0.518613
0.519489
0.520366
0.521244
0.522123
0.523002
0.523882
0.524763
0.525644
0.526527
0.52741
0.528295
0.52918
0.530066
0.530952
0.53184
0.532729
0.533619
0.534509
0.535401
0.536293
0.537187
0.538081
0.538977
0.539873
0.540771
0.54167
0.542569
0.54347
0.544372
0.545275
0.546179
0.547085
0.547991
0.548898
0.549807
0.550717
0.551628
0.55254
0.553454
0.554368
0.555284
0.556201
0.557119
0.558039
0.55896
0.559882
0.560805
0.56173
0.562656
0.563583
0.564511
0.565441
0.566372
0.567305
0.568239
0.569174
0.57011
0.571048
0.571987
0.572928
0.57387
0.574814
0.575758
0.576705
0.577652
0.578601
0.579552
0.580504
0.581457
0.582412
0.583368
0.584326
0.585285
0.586246
0.587208
0.588172
0.589137
0.590104
0.591072
0.592041
0.593013
0.593985
0.59496
0.595935
0.596913
0.597892
0.598872
0.599854
0.600837
0.601822
0.602809
0.603797
0.604787
0.605778
0.606771
0.607766
0.608762
0.60976
0.610759
0.61176
0.612763
0.613767
0.614773
0.61578
0.616789
0.6178
0.618812
0.619826
0.620842
0.621859
0.622878
0.623898
0.624921
0.625944
0.62697
0.627997
0.629026
0.630057
0.631089
0.632123
0.633158
0.634196
0.635235
0.636275
0.637318
0.638362
0.639407
0.640455
0.641504
0.642555
0.643608
0.644662
0.645718
0.646776
0.647835
0.648896
0.649959
0.651024
0.65209
0.653158
0.654228
0.6553
0.656373
0.657448
0.658525
0.659603
0.660684
0.661766
0.662849
0.663935
0.665022
0.666111
0.667202
0.668295
0.669389
0.670485
0.671583
0.672683
0.673784
0.674887
0.675992
0.677099
0.678207
0.679317
0.680429
0.681543
0.682659
0.683776
0.684895
0.686016
0.687139
0.688263
0.689389
0.690518
0.691647
0.692779
0.693912
0.695048
0.696185
0.697323
0.698464
0.699606
0.70075
0.701896
0.703044
0.704194
0.705345
0.706498
0.707653
0.70881
0.709968
0.711129
0.712291
0.713455
0.71462
0.715788
0.716957
0.718128
0.719301
0.720476
0.721652
0.722831
0.724011
0.725193
0.726377
0.727562
0.72875
0.729939
0.73113
0.732322
0.733517
0.734713
0.735912
0.737112
0.738313
0.739517
0.740722
0.74193
0.743139
0.74435
0.745562
0.746777
0.747993
0.749211
0.750431
0.751652
0.752876
0.754101
0.755328
0.756557
0.757788
0.75902
0.760255
0.761491
0.762728
0.763968
0.76521
0.766453
0.767698
0.768945
0.770194
0.771444
0.772696
0.77395
0.775206
0.776464
0.777724
0.778985
0.780248
0.781513
0.782779
0.784048
0.785318
0.78659
0.787864
0.78914
0.790417
0.791696
0.792977
0.79426
0.795544
0.796831
0.798119
0.799409
0.8007
0.801994
0.803289
0.804586
0.805885
0.807186
0.808488
0.809792
0.811098
0.812406
0.813715
0.815026
0.816339
0.817654
0.818971
0.820289
0.821609
0.822931
0.824255
0.82558
0.826907
0.828236
0.829567
0.830899
0.832233
0.833569
0.834907
0.836246
0.837588
0.83893
0.840275
0.841622
0.84297
0.84432
0.845671
0.847025
0.84838
0.849737
0.851095
0.852456
0.853818
0.855182
0.856547
0.857914
0.859283
0.860654
0.862027
0.863401
0.864777
0.866154
0.867534
0.868915
0.870297
0.871682
0.873068
0.874456
0.875846
0.877237
0.87863
0.880025
0.881421
0.882819
0.884219
0.885621
0.887024
0.888429
0.889835
0.891243
0.892653
0.894065
0.895478
0.896893
0.89831
0.899728
0.901148
0.90257
0.903993
0.905418
0.906845
0.908273
0.909703
0.911135
0.912568
0.914003
0.91544
0.916878
0.918318
0.919759
0.921203
0.922647
0.924094
0.925542
0.926992
0.928443
0.929896
0.931351
0.932807
0.934265
0.935724
0.937185
0.938648
0.940112
0.941578
0.943046
0.944515
0.945985
0.947458
0.948932
0.950407
0.951884
0.953363
0.954843
0.956325
0.957808
0.959293
0.96078
0.962268
0.963758
0.965249
0.966742
0.968236
0.969732
0.97123
0.972729
0.974229
0.975731
0.977235
0.97874
0.980247
0.981755
0.983265
0.984776
0.986289
0.987803
0.989319
0.990837
0.992356
0.993876
0.995398
0.996921
0.998446
0.999973
1.0015
1.00303
1.00456
1.00609
1.00763
1.00916
1.0107
1.01224
1.01378
1.01532
1.01686
1.0184
1.01995
1.0215
1.02305
1.0246
1.02615
1.0277
1.02925
1.03081
1.03237
1.03392
1.03548
1.03705
1.03861
1.04017
1.04174
1.04331
1.04487
1.04644
1.04801
1.04959
1.05116
1.05274
1.05431
1.05589
1.05747
1.05905
1.06063
1.06222
1.0638
1.06539
1.06697
1.06856
1.07015
1.07174
1.07334
1.07493
1.07653
1.07812
1.07972
1.08132
1.08292
1.08452
1.08613
1.08773
1.08934
1.09094
1.09255
1.09416
1.09577
1.09739
1.099
1.10061
1.10223
1.10385
1.10547
1.10708
1.10871
1.11033
1.11195
1.11358
1.1152
1.11683
1.11846
1.12009
1.12172
1.12335
1.12498
1.12662
1.12825
1.12989
1.13153
1.13317
1.13481
1.13645
1.13809
1.13973
1.14138
1.14302
1.14467
1.14632
1.14797
1.14962
1.15127
1.15292
1.15458
1.15623
1.15789
1.15954
1.1612
1.16286
1.16452
1.16618
1.16785
1.16951
1.17117
1.17284
1.17451
1.17617
1.17784
1.17951
1.18118
1.18286
1.18453
1.1862
1.18788
1.18955
1.19123
1.19291
1.19459
1.19627
1.19795
1.19963
1.20131
1.203
1.20468
1.20637
1.20806
1.20974
1.21143
1.21312
1.21481
1.2165
1.2182
1.21989
1.22158
1.22328
1.22498
1.22667
1.22837
1.23007
1.23177
1.23347
1.23517
1.23687
1.23858
1.24028
1.24199
1.24369
1.2454
1.24711
1.24881
1.25052
1.25223
1.25394
1.25566
1.25737
1.25908
1.26079
1.26251
1.26423
1.26594
1.26766
1.26938
1.2711
1.27281
1.27453
1.27626
1.27798
1.2797
1.28142
1.28315
1.28487
1.2866
1.28832
1.29005
1.29178
1.2935
1.29523
1.29696
1.29869
1.30042
1.30215
1.30389
1.30562
1.30735
1.30909
1.31082
1.31256
1.31429
1.31603
1.31777
1.3195
1.32124
1.32298
1.32472
1.32646
1.3282
1.32994
1.33168
1.33343
1.33517
1.33691
1.33866
1.3404
1.34215
1.34389
1.34564
1.34739
1.34913
1.35088
1.35263
1.35438
1.35613
1.35788
1.35963
1.36138
1.36313
1.36488
1.36663
1.36838
1.37014
1.37189
1.37364
1.3754
1.37715
1.37891
1.38066
1.38242
1.38418
1.38593
1.38769
1.38945
1.3912
1.39296
1.39472
1.39648
1.39824
1.4
1.40176
1.40352
1.40528
1.40704
1.4088
1.41056
1.41233
1.41409
1.41585
1.41761
1.41938
1.42114
1.4229
1.42467
1.42643
1.42819
1.42996
1.43172
1.43349
1.43525
1.43702
1.43879
1.44055
1.44232
1.44408
1.44585
1.44762
1.44938
1.45115
1.45292
1.45469
1.45645
1.45822
1.45999
1.46176
1.46353
1.46529
1.46706
1.46883
1.4706
1.47237
1.47414
1.47591
1.47768
1.47944
1.48121
1.48298
1.48475
1.48652
1.48829
1.49006
1.49183
1.4936
1.49537
1.49714
1.49891
1.50068
1.50245
1.50422
1.50599
1.50776
1.50953
1.5113
1.51307
1.51484
1.51661
1.51838
1.52015
1.52192
1.52369
1.52545
1.52722
1.52899
1.53076
1.53253
1.5343
1.53607
1.53784
1.53961
1.54138
1.54314
1.54491
1.54668
1.54845
1.55022
1.55198
1.55375
1.55552
1.55729
1.55905
1.56082
1.56259
1.56435
1.56612
1.56789
1.56965
1.57142
1.57318
1.57495
1.57671
1.57848
1.58024
1.58201
1.58377
1.58554
1.5873
1.58906
1.59083
1.59259
1.59435
1.59612
1.59788
1.59964
1.6014
1.60316
1.60492
1.60668
1.60844
1.6102
1.61196
1.61372
1.61548
1.61724
1.619
1.62076
1.62251
1.62427
1.62603
1.62778
1.62954
1.63129
1.63305
1.6348
1.63656
1.63831
1.64007
1.64182
1.64357
1.64532
1.64708
1.64883
1.65058
1.65233
1.65408
1.65583
1.65758
1.65933
1.66107
1.66282
1.66457
1.66632
1.66806
1.66981
1.67155
1.6733
1.67504
1.67679
1.67853
1.68027
1.68201
1.68375
1.6855
1.68724
1.68898
1.69072
1.69245
1.69419
1.69593
1.69767
1.6994
1.70114
1.70287
1.70461
1.70634
1.70808
1.70981
1.71154
1.71327
1.715
1.71673
1.71846
1.72019
1.72192
1.72365
1.72538
1.7271
1.72883
1.73055
1.73228
1.734
1.73573
1.73745
1.73917
1.74089
1.74261
1.74433
1.74605
1.74777
1.74948
1.7512
1.75292
1.75463
1.75635
1.75806
1.75977
1.76149
1.7632
1.76491
1.76662
1.76833
1.77004
1.77174
1.77345
1.77516
1.77686
1.77857
1.78027
1.78197
1.78368
1.78538
1.78708
1.78878
1.79048
1.79218
1.79387
1.79557
1.79727
1.79896
1.80065
1.80235
1.80404
1.80573
1.80742
1.80911
1.8108
1.81249
1.81417
1.81586
1.81755
1.81923
1.82091
1.8226
1.82428
1.82596
1.82764
1.82932
1.831
1.83267
1.83435
1.83602
1.8377
1.83937
1.84105
1.84272
1.84439
1.84606
1.84773
1.84939
1.85106
1.85273
1.85439
1.85606
1.85772
1.85938
1.86104
1.8627
1.86436
1.86602
1.86768
1.86933
1.87099
1.87264
1.87429
1.87595
1.8776
1.87925
1.8809
1.88254
1.88419
1.88584
1.88748
1.88913
1.89077
1.89241
1.89405
1.89569
1.89733
1.89897
1.9006
1.90224
1.90387
1.90551
1.90714
1.90877
1.9104
1.91203
1.91366
1.91528
1.91691
1.91853
1.92016
1.92178
1.9234
1.92502
1.92664
1.92826
1.92988
1.93149
1.93311
1.93472
1.93633
1.93794
1.93955
1.94116
1.94277
1.94438
1.94598
1.94759
1.94919
1.95079
1.95239
1.95399
1.95559
1.95719
1.95879
1.96038
1.96198
1.96357
1.96516
1.96675
1.96834
1.96993
1.97152
1.9731
1.97469
1.97627
1.97785
1.97943
1.98101
1.98259
1.98417
1.98575
1.98732
1.9889
1.99047
1.99204
1.99361
1.99518
1.99675
1.99831
1.99988
2.00144
2.00301
2.00457
2.00613
2.00769
2.00924
2.0108
2.01236
2.01391
2.01546
2.01702
2.01857
2.02012
2.02166
2.02321
2.02476
2.0263
2.02784
2.02938
2.03092
2.03246
2.034
2.03554
2.03707
2.03861
2.04014
2.04167
2.0432
2.04473
2.04626
2.04778
2.04931
2.05083
2.05236
2.05388
2.0554
2.05692
2.05843
2.05995
2.06146
2.06298
2.06449
2.066
2.06751
2.06902
2.07052
2.07203
2.07353
2.07504
2.07654
2.07804
2.07954
2.08103
2.08253
2.08403
2.08552
2.08701
2.0885
2.08999
2.09148
2.09297
2.09445
2.09594
2.09742
2.0989
2.10038
2.10186
2.10334
2.10481
2.10629
2.10776
2.10923
2.11071
2.11217
2.11364
2.11511
2.11658
2.11804
2.1195
2.12096
2.12242
2.12388
2.12534
2.12679
2.12825
2.1297
2.13115
2.1326
2.13405
2.1355
2.13695
2.13839
2.13984
2.14128
2.14272
2.14416
2.1456
2.14703
2.14847
2.1499
2.15133
2.15276
2.15419
2.15562
2.15705
2.15848
2.1599
2.16132
2.16274
2.16416
2.16558
2.167
2.16842
2.16983
2.17124
2.17265
2.17406
2.17547
2.17688
2.17829
2.17969
2.18109
2.1825
2.1839
2.1853
2.18669
2.18809
2.18948
2.19088
2.19227
2.19366
2.19505
2.19644
2.19782
2.19921
2.20059
2.20198
2.20336
2.20474
2.20611
2.20749
2.20886
2.21024
2.21161
2.21298
2.21435
2.21572
2.21709
2.21845
2.21982
2.22118
2.22254
2.2239
2.22526
2.22661
2.22797
2.22932
2.23067
2.23203
2.23338
2.23472
2.23607
2.23742
2.23876
2.2401
2.24144
2.24278
2.24412
2.24546
2.24679
2.24813
2.24946
2.25079
2.25212
2.25345
2.25478
2.2561
2.25743
2.25875
2.26007
2.26139
2.26271
2.26403
2.26534
2.26666
2.26797
2.26928
2.27059
2.2719
2.27321
2.27451
2.27582
2.27712
2.27842
2.27972
2.28102
2.28232
2.28361
2.28491
2.2862
2.28749
2.28878
2.29007
2.29136
2.29264
2.29393
2.29521
2.29649
2.29777
2.29905
2.30033
2.3016
2.30288
2.30415
2.30542
2.30669
2.30796
2.30923
2.31049
2.31176
2.31302
2.31428
2.31554
2.3168
2.31806
2.31931
2.32057
2.32182
2.32307
2.32432
2.32557
2.32682
2.32807
2.32931
2.33055
2.3318
2.33304
2.33428
2.33551
2.33675
2.33798
2.33922
2.34045
2.34168
2.34291
2.34414
2.34536
2.34659
2.34781
2.34903
2.35025
2.35147
2.35269
2.35391
2.35512
2.35634
2.35755
2.35876
2.35997
2.36118
2.36238
2.36359
2.36479
2.366
2.3672
2.3684
2.36959
2.37079
2.37199
2.37318
2.37437
2.37557
2.37676
2.37794
2.37913
2.38032
2.3815
2.38268
2.38387
2.38505
2.38622
2.3874
2.38858
2.38975
2.39093
2.3921
2.39327
2.39444
2.3956
2.39677
2.39794
2.3991
2.40026
2.40142
2.40258
2.40374
2.4049
2.40605
2.40721
2.40836
2.40951
2.41066
2.41181
2.41296
2.4141
2.41525
2.41639
2.41753
2.41867
2.41981
2.42095
2.42208
2.42322
2.42435
2.42548
2.42661
2.42774
2.42887
2.43
2.43112
2.43225
2.43337
2.43449
2.43561
2.43673
2.43785
2.43896
2.44008
2.44119
2.4423
2.44341
2.44452
2.44563
2.44673
2.44784
2.44894
2.45005
2.45115
2.45225
2.45335
2.45444
2.45554
2.45663
2.45773
2.45882
2.45991
2.461
2.46208
2.46317
2.46426
2.46534
2.46642
2.4675
2.46858
2.46966
2.47074
2.47181
2.47289
2.47396
2.47503
2.4761
2.47717
2.47824
2.47931
2.48037
2.48144
2.4825
2.48356
2.48462
2.48568
2.48674
2.48779
2.48885
2.4899
2.49096
2.49201
2.49306
2.4941
2.49515
2.4962
2.49724
2.49829
2.49933
2.50037
2.50141
2.50245
2.50348
2.50452
2.50555
2.50659
2.50762
2.50865
2.50968
2.51071
2.51173
2.51276
2.51378
2.5148
2.51583
2.51685
2.51787
2.51888
2.5199
2.52092
2.52193
2.52294
2.52395
2.52496
2.52597
2.52698
2.52799
2.52899
2.53
2.531
2.532
2.533
2.534
2.535
2.536
2.53699
2.53799
2.53898
2.53997
2.54096
2.54195
2.54294
2.54393
2.54491
2.5459
2.54688
2.54786
2.54884
2.54982
2.5508
2.55178
2.55275
2.55373
2.5547
2.55567
2.55664
2.55761
2.55858
2.55955
2.56052
2.56148
2.56244
2.56341
2.56437
2.56533
2.56629
2.56725
2.5682
2.56916
2.57011
2.57107
2.57202
2.57297
2.57392
2.57487
2.57581
2.57676
2.57771
2.57865
2.57959
2.58053
2.58147
2.58241
2.58335
2.58429
2.58522
2.58616
2.58709
2.58802
2.58895
2.58988
2.59081
2.59174
2.59267
2.59359
2.59452
2.59544
2.59636
2.59728
2.5982
2.59912
2.60004
2.60096
2.60187
2.60278
2.6037
2.60461
2.60552
2.60643
2.60734
2.60825
2.60915
2.61006
2.61096
2.61186
2.61096
2.61005
2.60915
2.60824
2.60733
2.60642
2.60551
2.6046
2.60369
2.60278
2.60187
2.60096
2.60005
2.59913
2.59822
2.5973
2.59639
2.59547
2.59456
2.59364
2.59272
2.5918
2.59088
2.58996
2.58904
2.58811
2.58719
2.58627
2.58534
2.58442
2.58349
2.58256
2.58163
2.5807
2.57977
2.57884
2.5779
2.57697
2.57604
2.5751
2.57416
2.57322
2.57228
2.57134
2.5704
2.56946
2.56851
2.56757
2.56662
2.56568
2.56473
2.56378
2.56283
2.56187
2.56092
2.55997
2.55901
2.55805
2.55709
2.55613
2.55517
2.55421
2.55325
2.55228
2.55132
2.55035
2.54938
2.54841
2.54744
2.54646
2.54549
2.54451
2.54354
2.54256
2.54158
2.5406
2.53961
2.53863
2.53764
2.53666
2.53567
2.53468
2.53369
2.53269
2.5317
2.5307
2.5297
2.52871
2.52771
2.5267
2.5257
2.52469
2.52369
2.52268
2.52167
2.52066
2.51965
2.51863
2.51762
2.5166
2.51558
2.51456
2.51354
2.51251
2.51149
2.51046
2.50943
2.5084
2.50737
2.50634
2.5053
2.50427
2.50323
2.50219
2.50115
2.50011
2.49906
2.49802
2.49697
2.49592
2.49487
2.49381
2.49276
2.4917
2.49065
2.48959
2.48852
2.48746
2.4864
2.48533
2.48426
2.48319
2.48212
2.48105
2.47997
2.4789
2.47782
2.47674
2.47566
2.47457
2.47349
2.4724
2.47131
2.47022
2.46913
2.46804
2.46694
2.46585
2.46475
2.46365
2.46254
2.46144
2.46033
2.45923
2.45812
2.45701
2.45589
2.45478
2.45366
2.45254
2.45142
2.4503
2.44918
2.44805
2.44693
2.4458
2.44467
2.44354
2.4424
2.44127
2.44013
2.43899
2.43785
2.4367
2.43556
2.43441
2.43327
2.43212
2.43096
2.42981
2.42865
2.4275
2.42634
2.42518
2.42401
2.42285
2.42168
2.42052
2.41935
2.41817
2.417
2.41583
2.41465
2.41347
2.41229
2.41111
2.40992
2.40874
2.40755
2.40636
2.40517
2.40398
2.40278
2.40158
2.40038
2.39918
2.39798
2.39678
2.39557
2.39436
2.39316
2.39194
2.39073
2.38952
2.3883
2.38708
2.38586
2.38464
2.38341
2.38219
2.38096
2.37973
2.3785
2.37727
2.37603
2.3748
2.37356
2.37232
2.37108
2.36983
2.36859
2.36734
2.36609
2.36484
2.36359
2.36233
2.36108
2.35982
2.35856
2.3573
2.35603
2.35477
2.3535
2.35223
2.35096
2.34969
2.34841
2.34714
2.34586
2.34458
2.3433
2.34201
2.34073
2.33944
2.33815
2.33686
2.33557
2.33428
2.33298
2.33168
2.33038
2.32908
2.32778
2.32648
2.32517
2.32386
2.32255
2.32124
2.31992
2.31861
2.31729
2.31597
2.31465
2.31333
2.31201
2.31068
2.30935
2.30802
2.30669
2.30536
2.30402
2.30269
2.30135
2.30001
2.29866
2.29732
2.29598
2.29463
2.29328
2.29193
2.29058
2.28922
2.28787
2.28651
2.28515
2.28379
2.28243
2.28106
2.27969
2.27833
2.27696
2.27558
2.27421
2.27284
2.27146
2.27008
2.2687
2.26732
2.26593
2.26455
2.26316
2.26177
2.26038
2.25899
2.2576
2.2562
2.2548
2.2534
2.252
2.2506
2.2492
2.24779
2.24638
2.24497
2.24356
2.24215
2.24074
2.23932
2.2379
2.23648
2.23506
2.23364
2.23222
2.23079
2.22936
2.22793
2.2265
2.22507
2.22363
2.2222
2.22076
2.21932
2.21788
2.21644
2.21499
2.21355
2.2121
2.21065
2.2092
2.20775
2.20629
2.20484
2.20338
2.20192
2.20046
2.199
2.19754
2.19607
2.1946
2.19313
2.19166
2.19019
2.18872
2.18724
2.18577
2.18429
2.18281
2.18133
2.17985
2.17836
2.17687
2.17539
2.1739
2.17241
2.17091
2.16942
2.16793
2.16643
2.16493
2.16343
2.16193
2.16042
2.15892
2.15741
2.15591
2.1544
2.15288
2.15137
2.14986
2.14834
2.14683
2.14531
2.14379
2.14227
2.14074
2.13922
2.13769
2.13616
2.13464
2.1331
2.13157
2.13004
2.1285
2.12697
2.12543
2.12389
2.12235
2.12081
2.11926
2.11772
2.11617
2.11462
2.11307
2.11152
2.10997
2.10842
2.10686
2.1053
2.10375
2.10219
2.10063
2.09906
2.0975
2.09593
2.09437
2.0928
2.09123
2.08966
2.08809
2.08651
2.08494
2.08336
2.08178
2.08021
2.07862
2.07704
2.07546
2.07388
2.07229
2.0707
2.06911
2.06752
2.06593
2.06434
2.06275
2.06115
2.05955
2.05796
2.05636
2.05476
2.05316
2.05155
2.04995
2.04834
2.04674
2.04513
2.04352
2.04191
2.0403
2.03868
2.03707
2.03545
2.03383
2.03222
2.0306
2.02898
2.02735
2.02573
2.02411
2.02248
2.02085
2.01923
2.0176
2.01597
2.01433
2.0127
2.01107
2.00943
2.0078
2.00616
2.00452
2.00288
2.00124
1.9996
1.99795
1.99631
1.99466
1.99302
1.99137
1.98972
1.98807
1.98642
1.98476
1.98311
1.98146
1.9798
1.97814
1.97649
1.97483
1.97317
1.97151
1.96984
1.96818
1.96651
1.96485
1.96318
1.96152
1.95985
1.95818
1.95651
1.95483
1.95316
1.95149
1.94981
1.94814
1.94646
1.94478
1.9431
1.94142
1.93974
1.93806
1.93638
1.9347
1.93301
1.93132
1.92964
1.92795
1.92626
1.92457
1.92288
1.92119
1.9195
1.91781
1.91611
1.91442
1.91272
1.91102
1.90933
1.90763
1.90593
1.90423
1.90253
1.90082
1.89912
1.89742
1.89571
1.89401
1.8923
1.89059
1.88889
1.88718
1.88547
1.88376
1.88205
1.88033
1.87862
1.87691
1.87519
1.87348
1.87176
1.87005
1.86833
1.86661
1.86489
1.86317
1.86145
1.85973
1.85801
1.85628
1.85456
1.85284
1.85111
1.84939
1.84766
1.84593
1.84421
1.84248
1.84075
1.83902
1.83729
1.83556
1.83383
1.83209
1.83036
1.82863
1.82689
1.82516
1.82342
1.82169
1.81995
1.81821
1.81647
1.81473
1.813
1.81126
1.80952
1.80778
1.80603
1.80429
1.80255
1.80081
1.79906
1.79732
1.79557
1.79383
1.79208
1.79034
1.78859
1.78684
1.78509
1.78335
1.7816
1.77985
1.7781
1.77635
1.7746
1.77285
1.77109
1.76934
1.76759
1.76584
1.76408
1.76233
1.76058
1.75882
1.75707
1.75531
1.75356
1.7518
1.75004
1.74829
1.74653
1.74477
1.74301
1.74125
1.7395
1.73774
1.73598
1.73422
1.73246
1.7307
1.72894
1.72718
1.72541
1.72365
1.72189
1.72013
1.71837
1.7166
1.71484
1.71308
1.71131
1.70955
1.70779
1.70602
1.70426
1.70249
1.70073
1.69896
1.6972
1.69543
1.69367
1.6919
1.69013
1.68837
1.6866
1.68483
1.68307
1.6813
1.67953
1.67777
1.676
1.67423
1.67246
1.6707
1.66893
1.66716
1.66539
1.66362
1.66186
1.66009
1.65832
1.65655
1.65478
1.65301
1.65124
1.64948
1.64771
1.64594
1.64417
1.6424
1.64063
1.63886
1.63709
1.63532
1.63355
1.63179
1.63002
1.62825
1.62648
1.62471
1.62294
1.62117
1.6194
1.61763
1.61587
1.6141
1.61233
1.61056
1.60879
1.60702
1.60525
1.60349
1.60172
1.59995
1.59818
1.59641
1.59465
1.59288
1.59111
1.58934
1.58758
1.58581
1.58404
1.58228
1.58051
1.57874
1.57698
1.57521
1.57345
1.57168
1.56992
1.56815
1.56639
1.56462
1.56286
1.56109
1.55933
1.55756
1.5558
1.55404
1.55227
1.55051
1.54875
1.54699
1.54522
1.54346
1.5417
1.53994
1.53818
1.53642
1.53466
1.5329
1.53114
1.52938
1.52762
1.52586
1.5241
1.52235
1.52059
1.51883
1.51707
1.51532
1.51356
1.51181
1.51005
1.5083
1.50654
1.50479
1.50303
1.50128
1.49953
1.49777
1.49602
1.49427
1.49252
1.49077
1.48902
1.48727
1.48552
1.48377
1.48202
1.48027
1.47853
1.47678
1.47503
1.47329
1.47154
1.46979
1.46805
1.46631
1.46456
1.46282
1.46108
1.45933
1.45759
1.45585
1.45411
1.45237
1.45063
1.44889
1.44715
1.44542
1.44368
1.44194
1.44021
1.43847
1.43674
1.435
1.43327
1.43154
1.4298
1.42807
1.42634
1.42461
1.42288
1.42115
1.41942
1.4177
1.41597
1.41424
1.41252
1.41079
1.40907
1.40734
1.40562
1.4039
1.40217
1.40045
1.39873
1.39701
1.39529
1.39357
1.39186
1.39014
1.38842
1.38671
1.38499
1.38328
1.38156
1.37985
1.37814
1.37643
1.37472
1.37301
1.3713
1.36959
1.36788
1.36618
1.36447
1.36277
1.36106
1.35936
1.35766
1.35595
1.35425
1.35255
1.35085
1.34916
1.34746
1.34576
1.34406
1.34237
1.34068
1.33898
1.33729
1.3356
1.33391
1.33222
1.33053
1.32884
1.32715
1.32546
1.32378
1.32209
1.32041
1.31873
1.31704
1.31536
1.31368
1.312
1.31032
1.30864
1.30697
1.30529
1.30362
1.30194
1.30027
1.2986
1.29693
1.29526
1.29359
1.29192
1.29025
1.28858
1.28692
1.28525
1.28359
1.28193
1.28027
1.2786
1.27694
1.27529
1.27363
1.27197
1.27032
1.26866
1.26701
1.26535
1.2637
1.26205
1.2604
1.25875
1.2571
1.25546
1.25381
1.25217
1.25052
1.24888
1.24724
1.2456
1.24396
1.24232
1.24068
1.23905
1.23741
1.23578
1.23415
1.23251
1.23088
1.22925
1.22762
1.226
1.22437
1.22274
1.22112
1.2195
1.21787
1.21625
1.21463
1.21301
1.21139
1.20978
1.20816
1.20655
1.20493
1.20332
1.20171
1.2001
1.19849
1.19688
1.19528
1.19367
1.19207
1.19046
1.18886
1.18726
1.18566
1.18406
1.18246
1.18087
1.17927
1.17768
1.17609
1.17449
1.1729
1.17131
1.16973
1.16814
1.16655
1.16497
1.16339
1.1618
1.16022
1.15864
1.15706
1.15549
1.15391
1.15234
1.15076
1.14919
1.14762
1.14605
1.14448
1.14291
1.14134
1.13978
1.13821
1.13665
1.13509
1.13353
1.13197
1.13041
1.12886
1.1273
1.12575
1.12419
1.12264
1.12109
1.11954
1.11799
1.11645
1.1149
1.11336
1.11181
1.11027
1.10873
1.10719
1.10565
1.10412
1.10258
1.10105
1.09952
1.09798
1.09645
1.09492
1.0934
1.09187
1.09035
1.08882
1.0873
1.08578
1.08426
1.08274
1.08122
1.07971
1.07819
1.07668
1.07517
1.07365
1.07214
1.07064
1.06913
1.06762
1.06612
1.06462
1.06311
1.06161
1.06012
1.05862
1.05712
1.05563
1.05413
1.05264
1.05115
1.04966
1.04817
1.04668
1.0452
1.04371
1.04223
1.04075
1.03927
1.03779
1.03631
1.03483
1.03336
1.03189
1.03041
1.02894
1.02747
1.026
1.02454
1.02307
1.02161
1.02014
1.01868
1.01722
1.01576
1.01431
1.01285
1.0114
1.00994
1.00849
1.00704
1.00559
1.00414
1.0027
1.00125
0.999807
0.998365
0.996924
0.995484
0.994046
0.992609
0.991173
0.989739
0.988306
0.986875
0.985445
0.984016
0.982589
0.981163
0.979739
0.978315
0.976894
0.975473
0.974054
0.972637
0.971221
0.969806
0.968392
0.96698
0.96557
0.96416
0.962753
0.961346
0.959941
0.958537
0.957135
0.955734
0.954335
0.952937
0.95154
0.950145
0.948751
0.947358
0.945967
0.944578
0.943189
0.941803
0.940417
0.939033
0.93765
0.936269
0.934889
0.933511
0.932134
0.930758
0.929384
0.928011
0.92664
0.92527
0.923901
0.922534
0.921168
0.919804
0.918441
0.917079
0.915719
0.91436
0.913003
0.911647
0.910293
0.90894
0.907588
0.906238
0.904889
0.903542
0.902196
0.900851
0.899508
0.898166
0.896826
0.895487
0.894149
0.892813
0.891478
0.890145
0.888813
0.887483
0.886154
0.884826
0.8835
0.882175
0.880852
0.87953
0.878209
0.87689
0.875572
0.874256
0.872941
0.871628
0.870316
0.869005
0.867696
0.866388
0.865082
0.863777
0.862473
0.861171
0.859871
0.858571
0.857273
0.855977
0.854682
0.853388
0.852096
0.850805
0.849516
0.848228
0.846941
0.845656
0.844373
0.84309
0.841809
0.84053
0.839252
0.837975
0.8367
0.835426
0.834154
0.832883
0.831613
0.830345
0.829078
0.827813
0.826549
0.825287
0.824025
0.822766
0.821507
0.820251
0.818995
0.817741
0.816488
0.815237
0.813987
0.812739
0.811492
0.810246
0.809002
0.807759
0.806518
0.805278
0.804039
0.802802
0.801567
0.800332
0.799099
0.797868
0.796638
0.795409
0.794181
0.792956
0.791731
0.790508
0.789286
0.788066
0.786847
0.785629
0.784413
0.783198
0.781985
0.780773
0.779563
0.778353
0.777146
0.775939
0.774734
0.773531
0.772328
0.771128
0.769928
0.76873
0.767534
0.766338
0.765144
0.763952
0.762761
0.761571
0.760383
0.759196
0.75801
0.756826
0.755643
0.754462
0.753282
0.752103
0.750926
0.74975
0.748576
0.747403
0.746231
0.74506
0.743891
0.742724
0.741558
0.740393
0.739229
0.738067
0.736906
0.735747
0.734589
0.733432
0.732277
0.731123
0.72997
0.728819
0.727669
0.726521
0.725374
0.724228
0.723083
0.72194
0.720799
0.719658
0.718519
0.717382
0.716246
0.715111
0.713977
0.712845
0.711714
0.710585
0.709456
0.70833
0.707204
0.70608
0.704957
0.703836
0.702716
0.701597
0.70048
0.699364
0.698249
0.697135
0.696023
0.694913
0.693803
0.692695
0.691588
0.690483
0.689379
0.688276
0.687175
0.686075
0.684976
0.683879
0.682783
0.681688
0.680594
0.679502
0.678411
0.677322
0.676234
0.675147
0.674061
0.672977
0.671894
0.670812
0.669732
0.668653
0.667575
0.666499
0.665424
0.66435
0.663278
0.662206
0.661137
0.660068
0.659001
0.657935
0.65687
0.655807
0.654744
0.653684
0.652624
0.651566
0.650509
0.649453
0.648399
0.647346
0.646294
0.645243
0.644194
0.643146
0.642099
0.641054
0.64001
0.638967
0.637925
0.636885
0.635846
0.634808
0.633771
0.632736
0.631702
0.630669
0.629638
0.628608
0.627579
0.626551
0.625524
0.624499
0.623475
0.622453
0.621431
0.620411
0.619392
0.618374
0.617358
0.616342
0.615328
0.614316
0.613304
0.612294
0.611285
0.610277
0.60927
0.608265
0.607261
0.606258
0.605256
0.604256
0.603256
0.602258
0.601261
0.600266
0.599271
0.598278
0.597286
0.596296
0.595306
0.594318
0.593331
0.592345
0.59136
0.590376
0.589394
0.588413
0.587433
0.586454
0.585477
0.5845
0.583525
0.582551
0.581578
0.580607
0.579636
0.578667
0.577699
0.576732
0.575766
0.574802
0.573839
0.572876
0.571915
0.570955
0.569997
0.569039
0.568083
0.567128
0.566174
0.565221
0.564269
0.563318
0.562369
0.561421
0.560473
0.559527
0.558583
0.557639
0.556696
0.555755
0.554814
0.553875
0.552937
0.552
0.551065
0.552001
0.552938
0.553876
0.554814
0.555752
0.556691
0.557631
0.558571
0.559512
0.560454
0.561396
0.562339
0.563282
0.564227
0.565172
0.566117
0.567064
0.568011
0.568959
0.569908
0.570858
0.571808
0.572759
0.573712
0.574665
0.575619
0.576574
0.57753
0.578486
0.579444
0.580403
0.581363
0.582323
0.583285
0.584248
0.585212
0.586177
0.587143
0.58811
0.589078
0.590047
0.591018
0.591989
0.592962
0.593936
0.594911
0.595887
0.596864
0.597843
0.598822
0.599803
0.600786
0.601769
0.602754
0.60374
0.604727
0.605716
0.606706
0.607697
0.608689
0.609683
0.610678
0.611674
0.612672
0.613671
0.614672
0.615674
0.616677
0.617682
0.618688
0.619695
0.620704
0.621714
0.622726
0.623739
0.624754
0.62577
0.626787
0.627806
0.628827
0.629848
0.630872
0.631897
0.632923
0.633951
0.63498
0.636011
0.637044
0.638078
0.639113
0.64015
0.641189
0.642229
0.643271
0.644314
0.645359
0.646405
0.647453
0.648503
0.649554
0.650607
0.651661
0.652717
0.653775
0.654834
0.655895
0.656957
0.658021
0.659087
0.660154
0.661223
0.662294
0.663366
0.66444
0.665515
0.666593
0.667672
0.668752
0.669834
0.670918
0.672004
0.673091
0.67418
0.675271
0.676363
0.677457
0.678553
0.67965
0.680749
0.68185
0.682953
0.684057
0.685163
0.686271
0.68738
0.688491
0.689604
0.690719
0.691835
0.692953
0.694073
0.695195
0.696318
0.697443
0.69857
0.699698
0.700829
0.701961
0.703095
0.70423
0.705367
0.706507
0.707647
0.70879
0.709934
0.71108
0.712228
0.713378
0.71453
0.715683
0.716838
0.717995
0.719153
0.720313
0.721476
0.722639
0.723805
0.724973
0.726142
0.727313
0.728486
0.72966
0.730837
0.732015
0.733195
0.734377
0.73556
0.736746
0.737933
0.739122
0.740313
0.741505
0.7427
0.743896
0.745094
0.746294
0.747495
0.748699
0.749904
0.751111
0.752319
0.75353
0.754742
0.755957
0.757173
0.75839
0.75961
0.760831
0.762055
0.76328
0.764507
0.765735
0.766966
0.768198
0.769432
0.770668
0.771905
0.773145
0.774386
0.775629
0.776874
0.778121
0.779369
0.78062
0.781872
0.783126
0.784381
0.785639
0.786898
0.788159
0.789422
0.790687
0.791954
0.793222
0.794492
0.795764
0.797038
0.798313
0.799591
0.80087
0.802151
0.803433
0.804718
0.806004
0.807292
0.808582
0.809874
0.811167
0.812463
0.81376
0.815058
0.816359
0.817662
0.818966
0.820272
0.82158
0.822889
0.824201
0.825514
0.826829
0.828145
0.829464
0.830784
0.832106
0.83343
0.834755
0.836083
0.837412
0.838743
0.840076
0.84141
0.842746
0.844084
0.845424
0.846765
0.848109
0.849454
0.8508
0.852149
0.853499
0.854851
0.856205
0.857561
0.858918
0.860277
0.861638
0.863
0.864365
0.865731
0.867098
0.868468
0.869839
0.871212
0.872587
0.873963
0.875342
0.876721
0.878103
0.879486
0.880872
0.882258
0.883647
0.885037
0.886429
0.887823
0.889218
0.890615
0.892014
0.893414
0.894817
0.896221
0.897626
0.899034
0.900443
0.901853
0.903266
0.90468
0.906096
0.907513
0.908932
0.910353
0.911775
0.9132
0.914626
0.916053
0.917482
0.918913
0.920346
0.92178
0.923216
0.924653
0.926092
0.927533
0.928976
0.93042
0.931866
0.933313
0.934762
0.936213
0.937665
0.939119
0.940575
0.942032
0.943491
0.944951
0.946413
0.947877
0.949342
0.950809
0.952278
0.953748
0.95522
0.956693
0.958168
0.959645
0.961123
0.962603
0.964084
0.965567
0.967052
0.968538
0.970025
0.971515
0.973006
0.974498
0.975992
0.977487
0.978985
0.980483
0.981983
0.983485
0.984988
0.986493
0.988
0.989508
0.991017
0.992528
0.994041
0.995555
0.99707
0.998587
1.00011
1.00163
1.00315
1.00467
1.0062
1.00772
1.00925
1.01078
1.01231
1.01384
1.01537
1.01691
1.01845
1.01998
1.02152
1.02306
1.02461
1.02615
1.0277
1.02924
1.03079
1.03234
1.03389
1.03544
1.037
1.03855
1.04011
1.04167
1.04323
1.04479
1.04635
1.04792
1.04948
1.05105
1.05262
1.05419
1.05576
1.05733
1.0589
1.06048
1.06206
1.06363
1.06521
1.06679
1.06838
1.06996
1.07154
1.07313
1.07472
1.07631
1.0779
1.07949
1.08108
1.08267
1.08427
1.08587
1.08746
1.08906
1.09066
1.09226
1.09387
1.09547
1.09708
1.09869
1.10029
1.1019
1.10351
1.10513
1.10674
1.10835
1.10997
1.11159
1.11321
1.11483
1.11645
1.11807
1.11969
1.12132
1.12294
1.12457
1.1262
1.12783
1.12946
1.13109
1.13272
1.13436
1.13599
1.13763
1.13927
1.1409
1.14254
1.14419
1.14583
1.14747
1.14912
1.15076
1.15241
1.15406
1.15571
1.15736
1.15901
1.16066
1.16231
1.16397
1.16563
1.16728
1.16894
1.1706
1.17226
1.17392
1.17558
1.17725
1.17891
1.18058
1.18224
1.18391
1.18558
1.18725
1.18892
1.19059
1.19227
1.19394
1.19561
1.19729
1.19897
1.20065
1.20232
1.204
1.20568
1.20737
1.20905
1.21073
1.21242
1.2141
1.21579
1.21748
1.21917
1.22086
1.22255
1.22424
1.22593
1.22762
1.22932
1.23101
1.23271
1.2344
1.2361
1.2378
1.2395
1.2412
1.2429
1.2446
1.24631
1.24801
1.24972
1.25142
1.25313
1.25483
1.25654
1.25825
1.25996
1.26167
1.26338
1.26509
1.26681
1.26852
1.27023
1.27195
1.27367
1.27538
1.2771
1.27882
1.28054
1.28226
1.28398
1.2857
1.28742
1.28914
1.29087
1.29259
1.29432
1.29604
1.29777
1.29949
1.30122
1.30295
1.30468
1.30641
1.30814
1.30987
1.3116
1.31333
1.31507
1.3168
1.31853
1.32027
1.322
1.32374
1.32548
1.32721
1.32895
1.33069
1.33243
1.33417
1.33591
1.33765
1.33939
1.34113
1.34287
1.34462
1.34636
1.3481
1.34985
1.35159
1.35334
1.35508
1.35683
1.35858
1.36033
1.36207
1.36382
1.36557
1.36732
1.36907
1.37082
1.37257
1.37432
1.37607
1.37783
1.37958
1.38133
1.38309
1.38484
1.38659
1.38835
1.3901
1.39186
1.39362
1.39537
1.39713
1.39888
1.40064
1.4024
1.40416
1.40592
1.40767
1.40943
1.41119
1.41295
1.41471
1.41647
1.41823
1.41999
1.42176
1.42352
1.42528
1.42704
1.4288
1.43057
1.43233
1.43409
1.43585
1.43762
1.43938
1.44115
1.44291
1.44467
1.44644
1.4482
1.44997
1.45173
1.4535
1.45527
1.45703
1.4588
1.46056
1.46233
1.4641
1.46586
1.46763
1.4694
1.47116
1.47293
1.4747
1.47647
1.47823
1.48
1.48177
1.48354
1.4853
1.48707
1.48884
1.49061
1.49238
1.49414
1.49591
1.49768
1.49945
1.50122
1.50299
1.50475
1.50652
1.50829
1.51006
1.51183
1.5136
1.51536
1.51713
1.5189
1.52067
1.52244
1.52421
1.52597
1.52774
1.52951
1.53128
1.53305
1.53481
1.53658
1.53835
1.54012
1.54188
1.54365
1.54542
1.54719
1.54895
1.55072
1.55249
1.55425
1.55602
1.55779
1.55955
1.56132
1.56308
1.56485
1.56662
1.56838
1.57015
1.57191
1.57368
1.57544
1.57721
1.57897
1.58073
1.5825
1.58426
1.58602
1.58779
1.58955
1.59131
1.59307
1.59484
1.5966
1.59836
1.60012
1.60188
1.60364
1.6054
1.60716
1.60892
1.61068
1.61244
1.6142
1.61596
1.61772
1.61947
1.62123
1.62299
1.62474
1.6265
1.62826
1.63001
1.63177
1.63352
1.63528
1.63703
1.63878
1.64054
1.64229
1.64404
1.64579
1.64755
1.6493
1.65105
1.6528
1.65455
1.6563
1.65805
1.6598
1.66154
1.66329
1.66504
1.66678
1.66853
1.67028
1.67202
1.67377
1.67551
1.67725
1.679
1.68074
1.68248
1.68422
1.68596
1.6877
1.68944
1.69118
1.69292
1.69466
1.6964
1.69814
1.69987
1.70161
1.70334
1.70508
1.70681
1.70855
1.71028
1.71201
1.71374
1.71548
1.71721
1.71894
1.72067
1.72239
1.72412
1.72585
1.72758
1.7293
1.73103
1.73275
1.73448
1.7362
1.73792
1.73965
1.74137
1.74309
1.74481
1.74653
1.74825
1.74997
1.75168
1.7534
1.75511
1.75683
1.75854
1.76026
1.76197
1.76368
1.76539
1.76711
1.76882
1.77052
1.77223
1.77394
1.77565
1.77735
1.77906
1.78076
1.78247
1.78417
1.78587
1.78757
1.78928
1.79097
1.79267
1.79437
1.79607
1.79777
1.79946
1.80116
1.80285
1.80454
1.80624
1.80793
1.80962
1.81131
1.813
1.81469
1.81637
1.81806
1.81974
1.82143
1.82311
1.8248
1.82648
1.82816
1.82984
1.83152
1.8332
1.83487
1.83655
1.83823
1.8399
1.84157
1.84325
1.84492
1.84659
1.84826
1.84993
1.8516
1.85326
1.85493
1.8566
1.85826
1.85992
1.86159
1.86325
1.86491
1.86657
1.86823
1.86988
1.87154
1.87319
1.87485
1.8765
1.87816
1.87981
1.88146
1.88311
1.88476
1.8864
1.88805
1.88969
1.89134
1.89298
1.89462
1.89627
1.89791
1.89955
1.90118
1.90282
1.90446
1.90609
1.90773
1.90936
1.91099
1.91262
1.91425
1.91588
1.91751
1.91913
1.92076
1.92238
1.92401
1.92563
1.92725
1.92887
1.93049
1.9321
1.93372
1.93534
1.93695
1.93856
1.94018
1.94179
1.9434
1.94501
1.94661
1.94822
1.94983
1.95143
1.95303
1.95463
1.95624
1.95783
1.95943
1.96103
1.96263
1.96422
1.96582
1.96741
1.969
1.97059
1.97218
1.97377
1.97535
1.97694
1.97852
1.98011
1.98169
1.98327
1.98485
1.98643
1.98801
1.98958
1.99116
1.99273
1.9943
1.99587
1.99744
1.99901
2.00058
2.00215
2.00371
2.00528
2.00684
2.0084
2.00996
2.01152
2.01308
2.01463
2.01619
2.01774
2.0193
2.02085
2.0224
2.02395
2.02549
2.02704
2.02859
2.03013
2.03167
2.03322
2.03476
2.03629
2.03783
2.03937
2.0409
2.04244
2.04397
2.0455
2.04703
2.04856
2.05009
2.05162
2.05314
2.05466
2.05619
2.05771
2.05923
2.06075
2.06226
2.06378
2.06529
2.06681
2.06832
2.06983
2.07134
2.07285
2.07436
2.07586
2.07737
2.07887
2.08037
2.08187
2.08337
2.08487
2.08636
2.08786
2.08935
2.09085
2.09234
2.09383
2.09531
2.0968
2.09829
2.09977
2.10125
2.10274
2.10422
2.1057
2.10717
2.10865
2.11013
2.1116
2.11307
2.11454
2.11601
2.11748
2.11895
2.12041
2.12188
2.12334
2.1248
2.12626
2.12772
2.12918
2.13064
2.13209
2.13354
2.135
2.13645
2.1379
2.13934
2.14079
2.14224
2.14368
2.14512
2.14656
2.148
2.14944
2.15088
2.15231
2.15375
2.15518
2.15661
2.15804
2.15947
2.1609
2.16233
2.16375
2.16517
2.16659
2.16802
2.16943
2.17085
2.17227
2.17368
2.1751
2.17651
2.17792
2.17933
2.18074
2.18214
2.18355
2.18495
2.18636
2.18776
2.18916
2.19055
2.19195
2.19335
2.19474
2.19613
2.19753
2.19892
2.2003
2.20169
2.20308
2.20446
2.20584
2.20723
2.20861
2.20998
2.21136
2.21274
2.21411
2.21548
2.21686
2.21823
2.2196
2.22096
2.22233
2.22369
2.22506
2.22642
2.22778
2.22914
2.2305
2.23185
2.23321
2.23456
2.23591
2.23726
2.23861
2.23996
2.24131
2.24265
2.24399
2.24534
2.24668
2.24802
2.24935
2.25069
2.25203
2.25336
2.25469
2.25602
2.25735
2.25868
2.26001
2.26133
2.26266
2.26398
2.2653
2.26662
2.26794
2.26925
2.27057
2.27188
2.2732
2.27451
2.27582
2.27712
2.27843
2.27974
2.28104
2.28234
2.28364
2.28494
2.28624
2.28754
2.28884
2.29013
2.29142
2.29271
2.294
2.29529
2.29658
2.29786
2.29915
2.30043
2.30171
2.30299
2.30427
2.30555
2.30682
2.3081
2.30937
2.31064
2.31191
2.31318
2.31445
2.31572
2.31698
2.31824
2.31951
2.32077
2.32202
2.32328
2.32454
2.32579
2.32705
2.3283
2.32955
2.3308
2.33204
2.33329
2.33454
2.33578
2.33702
2.33826
2.3395
2.34074
2.34198
2.34321
2.34444
2.34568
2.34691
2.34814
2.34937
2.35059
2.35182
2.35304
2.35426
2.35548
2.3567
2.35792
2.35914
2.36036
2.36157
2.36278
2.36399
2.3652
2.36641
2.36762
2.36883
2.37003
2.37123
2.37243
2.37363
2.37483
2.37603
2.37723
2.37842
2.37962
2.38081
2.382
2.38319
2.38438
2.38556
2.38675
2.38793
2.38911
2.39029
2.39147
2.39265
2.39383
2.395
2.39618
2.39735
2.39852
2.39969
2.40086
2.40203
2.40319
2.40436
2.40552
2.40668
2.40784
2.409
2.41016
2.41132
2.41247
2.41363
2.41478
2.41593
2.41708
2.41823
2.41937
2.42052
2.42166
2.42281
2.42395
2.42509
2.42623
2.42736
2.4285
2.42964
2.43077
2.4319
2.43303
2.43416
2.43529
2.43642
2.43754
2.43866
2.43979
2.44091
2.44203
2.44315
2.44426
2.44538
2.4465
2.44761
2.44872
2.44983
2.45094
2.45205
2.45316
2.45426
2.45537
2.45647
2.45757
2.45867
2.45977
2.46087
2.46196
2.46306
2.46415
2.46524
2.46633
2.46742
2.46851
2.4696
2.47069
2.47177
2.47285
2.47393
2.47502
2.47609
2.47717
2.47825
2.47932
2.4804
2.48147
2.48254
2.48361
2.48468
2.48575
2.48682
2.48788
2.48895
2.49001
2.49107
2.49213
2.49319
2.49424
2.4953
2.49636
2.49741
2.49846
2.49951
2.50056
2.50161
2.50266
2.5037
2.50475
2.50579
2.50683
2.50788
2.50892
2.50995
2.51099
2.51203
2.51306
2.5141
2.51513
2.51616
2.51719
2.51822
2.51924
2.52027
2.52129
2.52232
2.52334
2.52436
2.52538
2.5264
2.52742
2.52843
2.52945
2.53046
2.53147
2.53249
2.5335
2.5345
2.53551
2.53652
2.53752
2.53853
2.53953
2.54053
2.54153
2.54253
2.54353
2.54453
2.54552
2.54652
2.54751
2.5485
2.54949
2.55048
2.55147
2.55246
2.55344
2.55443
2.55541
2.55639
2.55738
2.55836
2.55933
2.56031
2.56129
2.56226
2.56324
2.56421
2.56518
2.56615
2.56712
2.56809
2.56906
2.57003
2.57099
2.57195
2.57099
2.57002
2.56906
2.56809
2.56713
2.56616
2.56519
2.56422
2.56325
2.56228
2.56131
2.56034
2.55937
2.5584
2.55742
2.55645
2.55548
2.5545
2.55352
2.55255
2.55157
2.55059
2.54961
2.54863
2.54765
2.54667
2.54568
2.5447
2.54371
2.54273
2.54174
2.54075
2.53976
2.53877
2.53778
2.53679
2.53579
2.5348
2.5338
2.53281
2.53181
2.53081
2.52981
2.52881
2.52781
2.5268
2.5258
2.52479
2.52379
2.52278
2.52177
2.52076
2.51974
2.51873
2.51772
2.5167
2.51568
2.51466
2.51364
2.51262
2.5116
2.51058
2.50955
2.50852
2.5075
2.50647
2.50544
2.5044
2.50337
2.50234
2.5013
2.50026
2.49922
2.49818
2.49714
2.4961
2.49505
2.494
2.49296
2.49191
2.49085
2.4898
2.48875
2.48769
2.48664
2.48558
2.48452
2.48346
2.48239
2.48133
2.48026
2.47919
2.47812
2.47705
2.47598
2.47491
2.47383
2.47275
2.47167
2.47059
2.46951
2.46843
2.46734
2.46625
2.46517
2.46408
2.46298
2.46189
2.4608
2.4597
2.4586
2.4575
2.4564
2.45529
2.45419
2.45308
2.45197
2.45086
2.44975
2.44864
2.44752
2.44641
2.44529
2.44417
2.44305
2.44192
2.4408
2.43967
2.43854
2.43741
2.43628
2.43514
2.43401
2.43287
2.43173
2.43059
2.42945
2.4283
2.42716
2.42601
2.42486
2.42371
2.42255
2.4214
2.42024
2.41908
2.41792
2.41676
2.4156
2.41443
2.41327
2.4121
2.41093
2.40975
2.40858
2.4074
2.40622
2.40505
2.40386
2.40268
2.4015
2.40031
2.39912
2.39793
2.39674
2.39554
2.39435
2.39315
2.39195
2.39075
2.38955
2.38834
2.38714
2.38593
2.38472
2.38351
2.38229
2.38108
2.37986
2.37864
2.37742
2.3762
2.37497
2.37375
2.37252
2.37129
2.37006
2.36882
2.36759
2.36635
2.36511
2.36387
2.36263
2.36139
2.36014
2.35889
2.35764
2.35639
2.35514
2.35388
2.35263
2.35137
2.35011
2.34885
2.34758
2.34632
2.34505
2.34378
2.34251
2.34123
2.33996
2.33868
2.3374
2.33612
2.33484
2.33356
2.33227
2.33099
2.3297
2.3284
2.32711
2.32582
2.32452
2.32322
2.32192
2.32062
2.31932
2.31801
2.31671
2.3154
2.31409
2.31277
2.31146
2.31014
2.30883
2.30751
2.30618
2.30486
2.30354
2.30221
2.30088
2.29955
2.29822
2.29689
2.29555
2.29421
2.29287
2.29153
2.29019
2.28885
2.2875
2.28615
2.2848
2.28345
2.2821
2.28074
2.27939
2.27803
2.27667
2.2753
2.27394
2.27258
2.27121
2.26984
2.26847
2.2671
2.26572
2.26435
2.26297
2.26159
2.26021
2.25883
2.25744
2.25605
2.25467
2.25328
2.25189
2.25049
2.2491
2.2477
2.2463
2.2449
2.2435
2.2421
2.24069
2.23928
2.23788
2.23647
2.23505
2.23364
2.23223
2.23081
2.22939
2.22797
2.22655
2.22512
2.2237
2.22227
2.22084
2.21941
2.21798
2.21655
2.21511
2.21367
2.21223
2.21079
2.20935
2.20791
2.20646
2.20502
2.20357
2.20212
2.20066
2.19921
2.19776
2.1963
2.19484
2.19338
2.19192
2.19045
2.18899
2.18752
2.18605
2.18458
2.18311
2.18164
2.18017
2.17869
2.17721
2.17573
2.17425
2.17277
2.17128
2.1698
2.16831
2.16682
2.16533
2.16384
2.16235
2.16085
2.15935
2.15785
2.15635
2.15485
2.15335
2.15185
2.15034
2.14883
2.14732
2.14581
2.1443
2.14279
2.14127
2.13975
2.13823
2.13671
2.13519
2.13367
2.13215
2.13062
2.12909
2.12756
2.12603
2.1245
2.12297
2.12143
2.1199
2.11836
2.11682
2.11528
2.11374
2.11219
2.11065
2.1091
2.10755
2.106
2.10445
2.1029
2.10135
2.09979
2.09823
2.09668
2.09512
2.09355
2.09199
2.09043
2.08886
2.0873
2.08573
2.08416
2.08259
2.08102
2.07944
2.07787
2.07629
2.07471
2.07313
2.07155
2.06997
2.06839
2.0668
2.06522
2.06363
2.06204
2.06045
2.05886
2.05727
2.05567
2.05408
2.05248
2.05088
2.04929
2.04768
2.04608
2.04448
2.04288
2.04127
2.03966
2.03805
2.03645
2.03483
2.03322
2.03161
2.02999
2.02838
2.02676
2.02514
2.02352
2.0219
2.02028
2.01866
2.01703
2.01541
2.01378
2.01215
2.01052
2.00889
2.00726
2.00563
2.00399
2.00236
2.00072
1.99908
1.99745
1.99581
1.99416
1.99252
1.99088
1.98923
1.98759
1.98594
1.98429
1.98264
1.98099
1.97934
1.97769
1.97604
1.97438
1.97273
1.97107
1.96941
1.96775
1.96609
1.96443
1.96277
1.9611
1.95944
1.95777
1.95611
1.95444
1.95277
1.9511
1.94943
1.94776
1.94609
1.94441
1.94274
1.94106
1.93939
1.93771
1.93603
1.93435
1.93267
1.93099
1.9293
1.92762
1.92594
1.92425
1.92256
1.92088
1.91919
1.9175
1.91581
1.91412
1.91243
1.91073
1.90904
1.90734
1.90565
1.90395
1.90225
1.90056
1.89886
1.89716
1.89545
1.89375
1.89205
1.89035
1.88864
1.88694
1.88523
1.88352
1.88182
1.88011
1.8784
1.87669
1.87498
1.87326
1.87155
1.86984
1.86812
1.86641
1.86469
1.86298
1.86126
1.85954
1.85782
1.8561
1.85438
1.85266
1.85094
1.84922
1.84749
1.84577
1.84405
1.84232
1.8406
1.83887
1.83714
1.83541
1.83368
1.83195
1.83022
1.82849
1.82676
1.82503
1.8233
1.82157
1.81983
1.8181
1.81636
1.81463
1.81289
1.81115
1.80942
1.80768
1.80594
1.8042
1.80246
1.80072
1.79898
1.79724
1.79549
1.79375
1.79201
1.79026
1.78852
1.78678
1.78503
1.78329
1.78154
1.77979
1.77804
1.7763
1.77455
1.7728
1.77105
1.7693
1.76755
1.7658
1.76405
1.7623
1.76055
1.75879
1.75704
1.75529
1.75354
1.75178
1.75003
1.74827
1.74652
1.74476
1.74301
1.74125
1.73949
1.73774
1.73598
1.73422
1.73246
1.73071
1.72895
1.72719
1.72543
1.72367
1.72191
1.72015
1.71839
1.71663
1.71487
1.71311
1.71134
1.70958
1.70782
1.70606
1.70429
1.70253
1.70077
1.69901
1.69724
1.69548
1.69371
1.69195
1.69019
1.68842
1.68666
1.68489
1.68313
1.68136
1.67959
1.67783
1.67606
1.6743
1.67253
1.67077
1.669
1.66723
1.66547
1.6637
1.66193
1.66017
1.6584
1.65663
1.65486
1.6531
1.65133
1.64956
1.64779
1.64603
1.64426
1.64249
1.64072
1.63896
1.63719
1.63542
1.63365
1.63188
1.63012
1.62835
1.62658
1.62481
1.62305
1.62128
1.61951
1.61774
1.61597
1.61421
1.61244
1.61067
1.6089
1.60714
1.60537
1.6036
1.60184
1.60007
1.5983
1.59653
1.59477
1.593
1.59123
1.58947
1.5877
1.58594
1.58417
1.5824
1.58064
1.57887
1.57711
1.57534
1.57358
1.57181
1.57005
1.56828
1.56652
1.56475
1.56299
1.56123
1.55946
1.5577
1.55594
1.55417
1.55241
1.55065
1.54889
1.54713
1.54536
1.5436
1.54184
1.54008
1.53832
1.53656
1.5348
1.53304
1.53128
1.52952
1.52776
1.52601
1.52425
1.52249
1.52073
1.51898
1.51722
1.51546
1.51371
1.51195
1.5102
1.50844
1.50669
1.50493
1.50318
1.50143
1.49967
1.49792
1.49617
1.49442
1.49267
1.49092
1.48917
1.48742
1.48567
1.48392
1.48217
1.48042
1.47867
1.47692
1.47518
1.47343
1.47169
1.46994
1.4682
1.46645
1.46471
1.46296
1.46122
1.45948
1.45774
1.456
1.45426
1.45252
1.45078
1.44904
1.4473
1.44556
1.44382
1.44209
1.44035
1.43861
1.43688
1.43514
1.43341
1.43168
1.42994
1.42821
1.42648
1.42475
1.42302
1.42129
1.41956
1.41783
1.4161
1.41438
1.41265
1.41092
1.4092
1.40747
1.40575
1.40403
1.4023
1.40058
1.39886
1.39714
1.39542
1.3937
1.39198
1.39027
1.38855
1.38683
1.38512
1.3834
1.38169
1.37997
1.37826
1.37655
1.37484
1.37313
1.37142
1.36971
1.368
1.36629
1.36459
1.36288
1.36117
1.35947
1.35777
1.35606
1.35436
1.35266
1.35096
1.34926
1.34756
1.34586
1.34417
1.34247
1.34077
1.33908
1.33739
1.33569
1.334
1.33231
1.33062
1.32893
1.32724
1.32555
1.32387
1.32218
1.32049
1.31881
1.31713
1.31544
1.31376
1.31208
1.3104
1.30872
1.30704
1.30537
1.30369
1.30201
1.30034
1.29867
1.29699
1.29532
1.29365
1.29198
1.29031
1.28864
1.28698
1.28531
1.28364
1.28198
1.28032
1.27866
1.27699
1.27533
1.27367
1.27202
1.27036
1.2687
1.26705
1.26539
1.26374
1.26209
1.26043
1.25878
1.25713
1.25549
1.25384
1.25219
1.25055
1.2489
1.24726
1.24562
1.24398
1.24234
1.2407
1.23906
1.23742
1.23579
1.23415
1.23252
1.23088
1.22925
1.22762
1.22599
1.22436
1.22274
1.22111
1.21948
1.21786
1.21624
1.21461
1.21299
1.21137
1.20975
1.20814
1.20652
1.2049
1.20329
1.20168
1.20006
1.19845
1.19684
1.19524
1.19363
1.19202
1.19042
1.18881
1.18721
1.18561
1.18401
1.18241
1.18081
1.17921
1.17761
1.17602
1.17442
1.17283
1.17124
1.16965
1.16806
1.16647
1.16489
1.1633
1.16172
1.16013
1.15855
1.15697
1.15539
1.15381
1.15223
1.15066
1.14908
1.14751
1.14594
1.14436
1.14279
1.14123
1.13966
1.13809
1.13653
1.13496
1.1334
1.13184
1.13028
1.12872
1.12716
1.1256
1.12405
1.12249
1.12094
1.11939
1.11784
1.11629
1.11474
1.11319
1.11165
1.1101
1.10856
1.10702
1.10548
1.10394
1.1024
1.10086
1.09933
1.09779
1.09626
1.09473
1.0932
1.09167
1.09014
1.08862
1.08709
1.08557
1.08404
1.08252
1.081
1.07948
1.07797
1.07645
1.07493
1.07342
1.07191
1.0704
1.06889
1.06738
1.06587
1.06437
1.06286
1.06136
1.05986
1.05835
1.05686
1.05536
1.05386
1.05237
1.05087
1.04938
1.04789
1.0464
1.04491
1.04342
1.04193
1.04045
1.03897
1.03748
1.036
1.03452
1.03305
1.03157
1.03009
1.02862
1.02715
1.02568
1.02421
1.02274
1.02127
1.0198
1.01834
1.01688
1.01541
1.01395
1.01249
1.01104
1.00958
1.00812
1.00667
1.00522
1.00377
1.00232
1.00087
0.999421
0.997975
0.996531
0.995088
0.993646
0.992206
0.990767
0.98933
0.987894
0.986459
0.985026
0.983593
0.982163
0.980734
0.979306
0.977879
0.976454
0.97503
0.973608
0.972187
0.970767
0.969349
0.967932
0.966517
0.965103
0.96369
0.962279
0.960869
0.95946
0.958053
0.956647
0.955243
0.95384
0.952438
0.951038
0.949639
0.948242
0.946846
0.945451
0.944058
0.942666
0.941276
0.939887
0.938499
0.937113
0.935728
0.934344
0.932962
0.931581
0.930202
0.928824
0.927448
0.926073
0.924699
0.923327
0.921956
0.920586
0.919218
0.917851
0.916486
0.915122
0.91376
0.912399
0.911039
0.909681
0.908324
0.906968
0.905614
0.904262
0.90291
0.901561
0.900212
0.898865
0.89752
0.896175
0.894832
0.893491
0.892151
0.890812
0.889475
0.88814
0.886805
0.885472
0.884141
0.88281
0.881482
0.880154
0.878828
0.877504
0.876181
0.874859
0.873539
0.87222
0.870902
0.869586
0.868272
0.866958
0.865647
0.864336
0.863027
0.861719
0.860413
0.859108
0.857805
0.856503
0.855202
0.853903
0.852605
0.851309
0.850014
0.848721
0.847428
0.846138
0.844848
0.84356
0.842274
0.840989
0.839705
0.838423
0.837142
0.835862
0.834584
0.833308
0.832032
0.830758
0.829486
0.828215
0.826945
0.825677
0.82441
0.823145
0.821881
0.820618
0.819357
0.818097
0.816838
0.815581
0.814326
0.813071
0.811819
0.810567
0.809317
0.808068
0.806821
0.805575
0.804331
0.803088
0.801846
0.800606
0.799367
0.798129
0.796893
0.795658
0.794425
0.793193
0.791963
0.790733
0.789506
0.788279
0.787054
0.785831
0.784609
0.783388
0.782168
0.78095
0.779734
0.778518
0.777304
0.776092
0.774881
0.773671
0.772463
0.771256
0.77005
0.768846
0.767643
0.766442
0.765242
0.764043
0.762846
0.76165
0.760455
0.759262
0.75807
0.756879
0.75569
0.754503
0.753316
0.752131
0.750948
0.749766
0.748585
0.747405
0.746227
0.74505
0.743875
0.742701
0.741528
0.740357
0.739187
0.738018
0.736851
0.735685
0.734521
0.733357
0.732196
0.731035
0.729876
0.728718
0.727562
0.726407
0.725253
0.724101
0.72295
0.7218
0.720652
0.719505
0.718359
0.717215
0.716072
0.71493
0.71379
0.712651
0.711514
0.710377
0.709243
0.708109
0.706977
0.705846
0.704716
0.703588
0.702461
0.701335
0.700211
0.699088
0.697967
0.696846
0.695727
0.69461
0.693494
0.692379
0.691265
0.690152
0.689041
0.687932
0.686823
0.685716
0.68461
0.683506
0.682403
0.681301
0.6802
0.679101
0.678003
0.676906
0.675811
0.674717
0.673624
0.672533
0.671443
0.670354
0.669266
0.66818
0.667095
0.666011
0.664929
0.663848
0.662768
0.66169
0.660612
0.659536
0.658462
0.657388
0.656316
0.655245
0.654176
0.653107
0.65204
0.650975
0.64991
0.648847
0.647785
0.646724
0.645665
0.644607
0.64355
0.642494
0.64144
0.640387
0.639335
0.638284
0.637235
0.636187
0.63514
0.634094
0.63305
0.632007
0.630965
0.629924
0.628885
0.627847
0.62681
0.625774
0.62474
0.623707
0.622675
0.621644
0.620614
0.619586
0.618559
0.617533
0.616508
0.615485
0.614463
0.613442
0.612422
0.611404
0.610386
0.60937
0.608355
0.607342
0.606329
0.605318
0.604308
0.603299
0.602291
0.601285
0.600279
0.599275
0.598272
0.597271
0.59627
0.595271
0.594272
0.593276
0.59228
0.591285
0.590292
0.589299
0.588308
0.587318
0.58633
0.587319
0.588309
0.5893
0.590291
0.591282
0.592275
0.593267
0.594261
0.595255
0.596249
0.597245
0.598241
0.599237
0.600235
0.601233
0.602232
0.603231
0.604232
0.605233
0.606235
0.607238
0.608242
0.609247
0.610252
0.611259
0.612266
0.613274
0.614284
0.615294
0.616305
0.617317
0.618331
0.619345
0.62036
0.621377
0.622394
0.623413
0.624432
0.625453
0.626475
0.627498
0.628522
0.629547
0.630574
0.631602
0.63263
0.63366
0.634692
0.635724
0.636758
0.637793
0.638829
0.639867
0.640905
0.641946
0.642987
0.64403
0.645074
0.646119
0.647166
0.648214
0.649263
0.650314
0.651366
0.652419
0.653474
0.654531
0.655588
0.656647
0.657708
0.65877
0.659833
0.660898
0.661964
0.663032
0.664102
0.665172
0.666244
0.667318
0.668393
0.66947
0.670548
0.671628
0.672709
0.673792
0.674876
0.675962
0.67705
0.678139
0.679229
0.680321
0.681415
0.68251
0.683607
0.684705
0.685805
0.686907
0.68801
0.689115
0.690222
0.69133
0.692439
0.693551
0.694663
0.695778
0.696894
0.698012
0.699132
0.700253
0.701376
0.7025
0.703626
0.704754
0.705884
0.707015
0.708148
0.709282
0.710418
0.711556
0.712696
0.713837
0.71498
0.716125
0.717271
0.71842
0.719569
0.720721
0.721874
0.723029
0.724186
0.725344
0.726505
0.727667
0.72883
0.729996
0.731163
0.732332
0.733502
0.734675
0.735849
0.737025
0.738202
0.739382
0.740563
0.741746
0.74293
0.744117
0.745305
0.746495
0.747686
0.74888
0.750075
0.751272
0.752471
0.753672
0.754874
0.756078
0.757284
0.758492
0.759701
0.760912
0.762125
0.76334
0.764557
0.765775
0.766995
0.768217
0.769441
0.770666
0.771894
0.773123
0.774354
0.775586
0.776821
0.778057
0.779295
0.780535
0.781777
0.78302
0.784265
0.785512
0.786761
0.788012
0.789264
0.790519
0.791775
0.793032
0.794292
0.795553
0.796817
0.798082
0.799348
0.800617
0.801887
0.80316
0.804434
0.805709
0.806987
0.808266
0.809547
0.81083
0.812115
0.813402
0.81469
0.81598
0.817272
0.818566
0.819861
0.821159
0.822458
0.823758
0.825061
0.826366
0.827672
0.82898
0.83029
0.831601
0.832915
0.83423
0.835547
0.836865
0.838186
0.839508
0.840832
0.842158
0.843486
0.844815
0.846146
0.847479
0.848814
0.85015
0.851489
0.852829
0.854171
0.855514
0.856859
0.858207
0.859555
0.860906
0.862258
0.863612
0.864968
0.866326
0.867685
0.869047
0.870409
0.871774
0.87314
0.874509
0.875879
0.87725
0.878624
0.879999
0.881375
0.882754
0.884134
0.885516
0.8869
0.888286
0.889673
0.891062
0.892453
0.893845
0.895239
0.896635
0.898033
0.899432
0.900833
0.902236
0.90364
0.905046
0.906454
0.907864
0.909275
0.910688
0.912102
0.913519
0.914937
0.916356
0.917778
0.919201
0.920626
0.922052
0.92348
0.92491
0.926342
0.927775
0.92921
0.930646
0.932084
0.933524
0.934965
0.936409
0.937853
0.9393
0.940748
0.942198
0.943649
0.945102
0.946557
0.948013
0.949471
0.950931
0.952392
0.953855
0.955319
0.956785
0.958253
0.959722
0.961193
0.962666
0.96414
0.965615
0.967093
0.968572
0.970052
0.971534
0.973018
0.974503
0.97599
0.977479
0.978969
0.980461
0.981954
0.983449
0.984945
0.986443
0.987942
0.989443
0.990946
0.99245
0.993956
0.995463
0.996972
0.998482
0.999994
1.00151
1.00302
1.00454
1.00606
1.00758
1.0091
1.01062
1.01214
1.01367
1.0152
1.01672
1.01825
1.01979
1.02132
1.02285
1.02439
1.02593
1.02747
1.02901
1.03055
1.03209
1.03364
1.03518
1.03673
1.03828
1.03983
1.04138
1.04294
1.04449
1.04605
1.04761
1.04916
1.05073
1.05229
1.05385
1.05542
1.05698
1.05855
1.06012
1.06169
1.06326
1.06483
1.06641
1.06798
1.06956
1.07114
1.07272
1.0743
1.07589
1.07747
1.07906
1.08064
1.08223
1.08382
1.08541
1.087
1.0886
1.09019
1.09179
1.09339
1.09498
1.09659
1.09819
1.09979
1.10139
1.103
1.10461
1.10621
1.10782
1.10943
1.11104
1.11266
1.11427
1.11589
1.1175
1.11912
1.12074
1.12236
1.12398
1.12561
1.12723
