1.10715
1.10586
1.10456
1.10325
1.10193
1.10059
1.09925
1.09789
1.09652
1.09514
1.09375
1.09235
1.09093
1.08951
1.08807
1.08663
1.08517
1.0837
1.08222
1.08073
1.07923
1.07772
1.0762
1.07467
1.07313
1.07158
1.07002
1.06845
1.06687
1.06528
1.06369
1.06208
1.06046
1.05884
1.05721
1.05556
1.05391
1.05226
1.05059
1.04891
1.04723
1.04554
1.04384
1.04213
1.04042
1.0387
1.03697
1.03524
1.03349
1.03175
1.02999
1.02823
1.02646
1.02469
1.0229
1.02112
1.01932
1.01753
1.01572
1.01391
1.0121
1.01028
1.00845
1.00662
1.00479
1.00295
1.0011
0.999256
0.997403
0.995546
0.993685
0.99182
0.989952
0.988079
0.986203
0.984323
0.98244
0.980554
0.978665
0.976773
0.974878
0.97298
0.971079
0.969176
0.96727
0.965362
0.963452
0.96154
0.959625
0.957709
0.955791
0.953871
0.95195
0.950026
0.948102
0.946176
0.944249
0.942321
0.940391
0.938461
0.936529
0.934597
0.932664
0.930731
0.928797
0.926862
0.924927
0.922992
0.921056
0.91912
0.917184
0.915248
0.913312
0.911377
0.909441
0.907506
0.905571
0.903636
0.901702
0.899768
0.897835
0.895902
0.89397
0.892039
0.890109
0.888179
0.886251
0.884323
0.882397
0.880471
0.878547
0.876624
0.874702
0.872782
0.870862
0.868945
0.867028
0.865113
0.8632
0.861288
0.859378
0.857469
0.855562
0.853657
0.851753
0.849852
0.847952
0.846054
0.844158
0.842264
0.840372
0.838482
0.836594
0.834708
0.832824
0.830942
0.829063
0.827185
0.82531
0.823437
0.821567
0.819699
0.817833
0.815969
0.814108
0.812249
0.810393
0.808539
0.806688
0.804839
0.802993
0.801149
0.799308
0.79747
0.795634
0.7938
0.79197
0.790142
0.788317
0.786494
0.784674
0.782857
0.781043
0.779231
0.777422
0.775616
0.773813
0.772013
0.770215
0.768421
0.766629
0.76484
0.763054
0.761271
0.759491
0.757713
0.755939
0.754168
0.752399
0.750634
0.748871
0.747112
0.745355
0.743602
0.741851
0.740104
0.738359
0.736618
0.73488
0.733144
0.731412
0.729683
0.727957
0.726234
0.724514
0.722797
0.721083
0.719373
0.717665
0.715961
0.714259
0.712561
0.710866
0.709174
0.707485
0.705799
0.704117
0.702437
0.700761
0.699088
0.697418
0.695751
0.694088
0.692427
0.69077
0.689115
0.687464
0.685817
0.684172
0.68253
0.680892
0.679257
0.677625
0.675996
0.67437
0.672748
0.671128
0.669512
0.667899
0.666289
0.664683
0.663079
0.661479
0.659882
0.658288
0.656697
0.65511
0.653525
0.651944
0.650366
0.648791
0.647219
0.645651
0.644085
0.642523
0.640964
0.639408
0.637855
0.636306
0.634759
0.633216
0.631676
0.630139
0.628605
0.627074
0.625547
0.624022
0.622501
0.620983
0.619468
0.617956
0.616448
0.614942
0.61344
0.61194
0.610444
0.608951
0.607461
0.605974
0.604491
0.60301
0.601532
0.600058
0.598587
0.597119
0.595653
0.594191
0.592732
0.591277
0.589824
0.588374
0.586928
0.585484
0.584044
0.582606
0.581172
0.57974
0.578312
0.576887
0.575465
0.574046
0.57263
0.571217
0.569807
0.5684
0.566996
0.565595
0.564197
0.562802
0.56141
0.560021
0.558635
0.557253
0.555873
0.554496
0.553122
0.551751
0.550383
0.549018
0.547656
0.546297
0.544941
0.543588
0.542237
0.54089
0.539546
0.538204
0.536866
0.535531
0.534198
0.532868
0.531542
0.530218
0.528897
0.527579
0.526264
0.524951
0.523642
0.522336
0.521032
0.519731
0.518434
0.517139
0.515847
0.514557
0.513271
0.511987
0.510707
0.509429
0.508154
0.506882
0.505612
0.504346
0.503082
0.501821
0.500563
0.499308
0.498055
0.496806
0.495559
0.494314
0.493073
0.491835
0.490599
0.489366
0.488135
0.486908
0.485683
0.484461
0.483242
0.482025
0.480811
0.4796
0.478392
0.477186
0.475983
0.474783
0.473586
0.472391
0.471199
0.470009
0.468823
0.467638
0.466457
0.465278
0.464102
0.462929
0.461758
0.46059
0.459424
0.458262
0.457101
0.455944
0.454789
0.453637
0.452487
0.45134
0.450195
0.449054
0.447914
0.446778
0.445644
0.444512
0.443383
0.442257
0.441133
0.440012
0.438893
0.437777
0.436663
0.435552
0.434444
0.433338
0.432234
0.431133
0.430035
0.428939
0.427846
0.426755
0.425667
0.424581
0.423497
0.422417
0.421338
0.420262
0.419189
0.418118
0.417049
0.415983
0.414919
0.413858
0.4128
0.411743
0.410689
0.409638
0.408589
0.407542
0.406498
0.405456
0.404417
0.40338
0.402345
0.401313
0.400283
0.399256
0.398231
0.397208
0.396188
0.39517
0.394154
0.393141
0.39213
0.391121
0.390115
0.389111
0.38811
0.38711
0.386113
0.385119
0.384126
0.383136
0.382149
0.381163
0.38018
0.379199
0.378221
0.377244
0.37627
0.375298
0.374329
0.373362
0.372397
0.371434
0.370473
0.369515
0.368559
0.367605
0.366653
0.365704
0.364757
0.363812
0.362869
0.361928
0.36099
0.360054
0.35912
0.358188
0.357258
0.356331
0.355405
0.354482
0.353561
0.352642
0.351726
0.350811
0.349899
0.348988
0.34808
0.347174
0.34627
0.345368
0.344469
0.343571
0.342676
0.341782
0.340891
0.340002
0.339114
0.338229
0.337346
0.336466
0.335587
0.33471
0.333835
0.332962
0.332092
0.331223
0.330357
0.329492
0.32863
0.327769
0.326911
0.326054
0.3252
0.324347
0.323497
0.322648
0.321802
0.320957
0.320115
0.319274
0.318436
0.317599
0.316765
0.315932
0.315102
0.314273
0.313446
0.312621
0.311798
0.310977
0.310158
0.309341
0.308526
0.307713
0.306902
0.306092
0.305285
0.304479
0.303675
0.302873
0.302073
0.301275
0.300479
0.299685
0.298892
0.298102
0.297313
0.296526
0.295741
0.294958
0.294177
0.293397
0.29262
0.291844
0.29107
0.290298
0.289527
0.288759
0.287992
0.287227
0.286464
0.285703
0.284943
0.284185
0.283429
0.282675
0.281923
0.281172
0.280423
0.279676
0.278931
0.278187
0.277445
0.276705
0.275967
0.27523
0.274496
0.273762
0.273031
0.272301
0.271573
0.270847
0.270122
0.2694
0.268679
0.267959
0.267241
0.266525
0.265811
0.265098
0.264387
0.263678
0.26297
0.262264
0.26156
0.260857
0.260156
0.259457
0.258759
0.258063
0.257368
0.256676
0.255984
0.255295
0.254607
0.25392
0.253236
0.252553
0.251871
0.251191
0.250513
0.249836
0.249161
0.248488
0.249163
0.249839
0.250517
0.251196
0.251877
0.25256
0.253244
0.253929
0.254616
0.255305
0.255995
0.256687
0.25738
0.258075
0.258772
0.25947
0.26017
0.260871
0.261575
0.26228
0.262986
0.263694
0.264404
0.265116
0.26583
0.266545
0.267262
0.267981
0.268701
0.269424
0.270148
0.270874
0.271601
0.272331
0.273063
0.273796
0.274531
0.275268
0.276007
0.276748
0.277491
0.278236
0.278982
0.279731
0.280482
0.281234
0.281989
0.282745
0.283503
0.284264
0.285026
0.285791
0.286558
0.287326
0.288097
0.288869
0.289644
0.290421
0.2912
0.291981
0.292764
0.29355
0.294337
0.295126
0.295918
0.296712
0.297508
0.298306
0.299107
0.299909
0.300714
0.301521
0.30233
0.303142
0.303955
0.304771
0.305589
0.30641
0.307233
0.308058
0.308885
0.309714
0.310546
0.311381
0.312217
0.313056
0.313897
0.314741
0.315587
0.316435
0.317286
0.318139
0.318994
0.319852
0.320712
0.321575
0.32244
0.323308
0.324178
0.32505
0.325925
0.326803
0.327683
0.328565
0.32945
0.330337
0.331227
0.332119
0.333014
0.333912
0.334812
0.335714
0.33662
0.337527
0.338437
0.33935
0.340266
0.341184
0.342104
0.343028
0.343954
0.344882
0.345813
0.346747
0.347683
0.348623
0.349564
0.350509
0.351456
0.352406
0.353358
0.354314
0.355272
0.356232
0.357196
0.358162
0.359131
0.360102
0.361077
0.362054
0.363034
0.364017
0.365002
0.365991
0.366982
0.367976
0.368972
0.369972
0.370975
0.37198
0.372988
0.373999
0.375013
0.37603
0.377049
0.378072
0.379097
0.380126
0.381157
0.382191
0.383228
0.384268
0.385311
0.386357
0.387406
0.388458
0.389513
0.39057
0.391631
0.392695
0.393762
0.394831
0.395904
0.39698
0.398059
0.399141
0.400225
0.401313
0.402404
0.403498
0.404596
0.405696
0.406799
0.407905
0.409015
0.410128
0.411243
0.412362
0.413484
0.414609
0.415737
0.416869
0.418003
0.419141
0.420282
0.421426
0.422573
0.423724
0.424877
0.426034
0.427194
0.428357
0.429524
0.430693
0.431866
0.433042
0.434222
0.435405
0.436591
0.43778
0.438972
0.440168
0.441367
0.44257
0.443775
0.444984
0.446197
0.447412
0.448631
0.449854
0.451079
0.452308
0.453541
0.454776
0.456015
0.457258
0.458504
0.459753
0.461006
0.462262
0.463521
0.464784
0.466051
0.46732
0.468594
0.46987
0.47115
0.472434
0.473721
0.475011
0.476305
0.477603
0.478904
0.480208
0.481516
0.482828
0.484143
0.485461
0.486783
0.488109
0.489438
0.49077
0.492107
0.493446
0.49479
0.496137
0.497487
0.498841
0.500199
0.50156
0.502925
0.504293
0.505665
0.507041
0.50842
0.509803
0.51119
0.51258
0.513974
0.515371
0.516772
0.518177
0.519586
0.520998
0.522414
0.523833
0.525256
0.526683
0.528114
0.529548
0.530986
0.532428
0.533874
0.535323
0.536776
0.538233
0.539693
0.541157
0.542625
0.544097
0.545573
0.547052
0.548535
0.550022
0.551513
0.553007
0.554505
0.556008
0.557513
0.559023
0.560537
0.562054
0.563575
0.5651
0.566629
0.568162
0.569699
0.571239
0.572783
0.574331
0.575884
0.577439
0.578999
0.580563
0.582131
0.583702
0.585277
0.586857
0.58844
0.590027
0.591618
0.593213
0.594812
0.596415
0.598021
0.599632
0.601247
0.602865
0.604488
0.606114
0.607744
0.609379
0.611017
0.61266
0.614306
0.615956
0.61761
0.619269
0.620931
0.622597
0.624267
0.625941
0.62762
0.629302
0.630988
0.632678
0.634373
0.636071
0.637773
0.63948
0.64119
0.642904
0.644623
0.646345
0.648072
0.649802
0.651537
0.653276
0.655018
0.656765
0.658516
0.660271
0.66203
0.663793
0.66556
0.667331
