0	0
0.1	0.0348107
0.2	0.0663255
0.3	0.0954549
0.4	0.123017
0.5	0.148814
0.6	0.173643
0.7	0.197556
0.8	0.221442
0.9	0.244529
1	0.267098
1.1	0.289296
1.2	0.311623
1.3	0.333256
1.4	0.355002
1.5	0.376392
1.6	0.397523
1.7	0.418282
1.8	0.439157
1.9	0.459405
2	0.479551
2.1	0.500516
2.2	0.521402
2.3	0.542453
2.4	0.563474
2.5	0.584803
2.6	0.605957
2.7	0.626869
2.8	0.648113
2.9	0.669401
3	0.691029
3.1	0.712907
3.2	0.734534
3.3	0.755965
3.4	0.777171
3.5	0.798985
3.6	0.820851
3.7	0.842924
3.8	0.864633
3.9	0.886392
4	0.907932
4.1	0.930042
4.2	0.951703
4.3	0.973432
4.4	0.994941
4.5	1.01655
4.6	1.03832
4.7	1.06014
4.8	1.08148
4.9	1.10321
5	1.12506
5.1	1.14671
5.2	1.16891
5.3	1.19106
5.4	1.21299
5.5	1.23534
5.6	1.25778
5.7	1.27956
5.8	1.30086
5.9	1.32249
6	1.34458
6.1	1.36667
6.2	1.38848
6.3	1.41043
6.4	1.43223
6.5	1.45413
6.6	1.47594
6.7	1.49757
6.8	1.51914
6.9	1.54063
7	1.56261
7.1	1.58455
7.2	1.6064
7.3	1.62862
7.4	1.65101
7.5	1.67351
7.6	1.69573
7.7	1.71757
7.8	1.73959
7.9	1.76157
8	1.78357
8.1	1.80517
8.2	1.82678
8.3	1.84838
8.4	1.86984
8.5	1.89144
8.6	1.91312
8.7	1.93484
8.8	1.95631
8.9	1.97806
9	1.99979
9.1	2.02113
9.2	2.04287
9.3	2.06456
9.4	2.08591
9.5	2.10731
9.6	2.12904
9.7	2.15065
9.8	2.1723
9.9	2.19409
10	2.21566
10.1	2.2375
10.2	2.2596
10.3	2.28201
10.4	2.30446
10.5	2.32738
10.6	2.35074
10.7	2.37373
10.8	2.39609
10.9	2.41798
11	2.43978
11.1	2.46136
11.2	2.48267
11.3	2.50373
11.4	2.52497
11.5	2.54665
11.6	2.56813
11.7	2.58937
11.8	2.61047
11.9	2.63159
12	2.65222
12.1	2.67305
12.2	2.69397
12.3	2.71453
12.4	2.73524
12.5	2.75561
12.6	2.77574
12.7	2.79632
12.8	2.81694
12.9	2.83811
13	2.85931
13.1	2.88022
13.2	2.90117
13.3	2.9224
13.4	2.94322
13.5	2.96431
13.6	2.98555
13.7	3.00653
13.8	3.02722
13.9	3.04791
14	3.06871
14.1	3.08941
14.2	3.11001
14.3	3.13057
14.4	3.15078
14.5	3.17139
14.6	3.19234
14.7	3.2132
14.8	3.23426
14.9	3.25537
15	3.27563
15.1	3.29564
15.2	3.31559
15.3	3.33602
15.4	3.35605
15.5	3.37632
15.6	3.39677
15.7	3.41739
15.8	3.43829
15.9	3.45895
16	3.47953
16.1	3.50046
16.2	3.5213
16.3	3.54221
16.4	3.56289
16.5	3.58409
16.6	3.60504
16.7	3.62601
16.8	3.64682
16.9	3.66764
17	3.68852
17.1	3.70903
17.2	3.7302
17.3	3.75156
17.4	3.77229
17.5	3.79308
17.6	3.81351
17.7	3.83444
17.8	3.85561
17.9	3.87652
18	3.89681
18.1	3.91702
18.2	3.93769
18.3	3.95862
18.4	3.97953
18.5	4.00078
18.6	4.02179
18.7	4.04279
18.8	4.06417
18.9	4.08494
19	4.1059
19.1	4.1273
19.2	4.14854
19.3	4.16962
19.4	4.19027
19.5	4.21123
19.6	4.23245
19.7	4.25395
19.8	4.27541
19.9	4.29668
20	4.31766
20.1	4.33891
20.2	4.35996
20.3	4.38077
20.4	4.40206
20.5	4.42278
20.6	4.44349
20.7	4.46442
20.8	4.4858
20.9	4.50735
21	4.52884
21.1	4.55045
21.2	4.57139
21.3	4.59237
21.4	4.61395
21.5	4.63495
21.6	4.65629
21.7	4.67731
21.8	4.69859
21.9	4.71975
22	4.74089
22.1	4.76259
22.2	4.78445
22.3	4.80619
22.4	4.82799
22.5	4.84996
22.6	4.87237
22.7	4.89453
22.8	4.91638
22.9	4.93788
23	4.95926
23.1	4.98099
23.2	5.00251
23.3	5.02448
23.4	5.04668
23.5	5.06867
23.6	5.09093
23.7	5.11277
23.8	5.13447
23.9	5.15592
24	5.1774
24.1	5.19935
24.2	5.22135
24.3	5.24363
24.4	5.26549
24.5	5.28728
24.6	5.3086
24.7	5.33028
24.8	5.35244
24.9	5.3747
25	5.39663
25.1	5.41871
25.2	5.44058
25.3	5.46188
25.4	5.48331
25.5	5.50515
25.6	5.52762
25.7	5.55017
25.8	5.57241
25.9	5.59455
26	5.61658
26.1	5.63844
26.2	5.6604
26.3	5.68277
26.4	5.70538
26.5	5.72812
26.6	5.75055
26.7	5.7728
26.8	5.79521
26.9	5.8173
27	5.83971
27.1	5.86226
27.2	5.88493
27.3	5.90685
27.4	5.92893
27.5	5.95087
27.6	5.97333
27.7	5.99579
27.8	6.01793
27.9	6.03974
28	6.06083
28.1	6.08229
28.2	6.10373
28.3	6.12516
28.4	6.14603
28.5	6.16708
28.6	6.1881
28.7	6.20962
28.8	6.23109
28.9	6.25207
29	6.27301
29.1	6.29392
29.2	6.31479
29.3	6.33591
29.4	6.35646
29.5	6.37685
29.6	6.39746
29.7	6.41821
29.8	6.43894
29.9	6.45959
30	6.48019
30.1	6.50094
30.2	6.52172
30.3	6.5425
30.4	6.56386
30.5	6.5857
30.6	6.60708
30.7	6.62861
30.8	6.65031
30.9	6.67196
31	6.69373
31.1	6.71582
31.2	6.73819
31.3	6.76037
31.4	6.78237
31.5	6.80403
31.6	6.8253
31.7	6.84683
31.8	6.86856
31.9	6.89034
32	6.91115
32.1	6.93189
32.2	6.9527
32.3	6.97325
32.4	6.99426
32.5	7.01535
32.6	7.03639
32.7	7.05719
32.8	7.07801
32.9	7.09871
33	7.11925
33.1	7.1402
33.2	7.16109
33.3	7.18172
33.4	7.20242
33.5	7.22337
33.6	7.24485
33.7	7.26602
33.8	7.28717
33.9	7.30858
34	7.33083
34.1	7.35301
34.2	7.37512
34.3	7.39676
34.4	7.41775
34.5	7.43844
34.6	7.45955
34.7	7.4802
34.8	7.5012
34.9	7.52261
35	7.54406
35.1	7.56538
35.2	7.58691
35.3	7.60801
35.4	7.6293
35.5	7.65038
35.6	7.67121
35.7	7.69215
35.8	7.71351
35.9	7.73491
36	7.75658
36.1	7.7777
36.2	7.79908
36.3	7.82074
36.4	7.84154
36.5	7.86306
36.6	7.88487
36.7	7.90694
36.8	7.92873
36.9	7.95069
37	7.97273
37.1	7.99472
37.2	8.01663
37.3	8.03833
37.4	8.06015
37.5	8.08186
37.6	8.10404
37.7	8.1262
37.8	8.14893
37.9	8.17109
38	8.19327
38.1	8.21528
38.2	8.23699
38.3	8.25813
38.4	8.27916
38.5	8.30062
38.6	8.32284
38.7	8.34516
38.8	8.36741
38.9	8.38972
39	8.41177
39.1	8.43372
39.2	8.45574
39.3	8.47743
39.4	8.49878
39.5	8.52048
39.6	8.54195
39.7	8.56313
39.8	8.58479
39.9	8.60652
40	8.62907
40.1	8.65141
40.2	8.6737
40.3	8.69601
40.4	8.71843
40.5	8.7408
40.6	8.76327
40.7	8.78563
40.8	8.80813
40.9	8.83085
41	8.85354
41.1	8.87604
41.2	8.89827
41.3	8.92014
41.4	8.94234
41.5	8.96464
41.6	8.98698
41.7	9.00892
41.8	9.0305
41.9	9.05209
42	9.0734
42.1	9.09458
42.2	9.1157
42.3	9.13674
42.4	9.15832
42.5	9.18022
42.6	9.20188
42.7	9.2233
42.8	9.24445
42.9	9.26611
43	9.2879
43.1	9.30968
43.2	9.33136
43.3	9.35312
43.4	9.37526
43.5	9.39681
43.6	9.41855
43.7	9.44026
43.8	9.46181
43.9	9.48388
44	9.50623
44.1	9.5282
44.2	9.54977
44.3	9.57144
44.4	9.59313
44.5	9.61502
44.6	9.63686
44.7	9.65844
44.8	9.67975
44.9	9.70131
45	9.72251
45.1	9.74399
45.2	9.76543
45.3	9.78732
45.4	9.80896
45.5	9.8311
45.6	9.8531
45.7	9.87474
45.8	9.89605
45.9	9.91799
46	9.94004
46.1	9.96166
46.2	9.98339
46.3	10.0052
46.4	10.0268
46.5	10.0483
46.6	10.0695
46.7	10.0911
46.8	10.1129
46.9	10.1349
47	10.1565
47.1	10.1779
47.2	10.1998
47.3	10.2215
47.4	10.2435
47.5	10.2651
47.6	10.2863
47.7	10.3072
47.8	10.3277
47.9	10.348
48	10.3684
48.1	10.3893
48.2	10.4103
48.3	10.4311
48.4	10.452
48.5	10.4732
48.6	10.4949
48.7	10.5167
48.8	10.5391
48.9	10.5613
49	10.5832
49.1	10.6055
49.2	10.6273
49.3	10.6497
49.4	10.6721
49.5	10.6939
49.6	10.715
49.7	10.7361
49.8	10.7574
49.9	10.7792
50	10.8009
50.1	10.8225
50.2	10.8439
50.3	10.8651
50.4	10.8863
50.5	10.9078
50.6	10.9296
50.7	10.9514
50.8	10.9733
50.9	10.995
51	11.0174
51.1	11.0395
51.2	11.0618
51.3	11.0843
51.4	11.1063
51.5	11.1283
51.6	11.1503
51.7	11.1715
51.8	11.1927
51.9	11.2143
52	11.2355
52.1	11.257
52.2	11.2781
52.3	11.2991
52.4	11.3201
52.5	11.3411
52.6	11.3623
52.7	11.3837
52.8	11.4047
52.9	11.4264
53	11.4481
53.1	11.4696
53.2	11.4911
53.3	11.5123
53.4	11.5338
53.5	11.555
53.6	11.5765
53.7	11.5987
53.8	11.6206
53.9	11.6427
54	11.6649
54.1	11.6875
54.2	11.7104
54.3	11.7328
54.4	11.7555
54.5	11.7776
54.6	11.7995
54.7	11.8214
54.8	11.8431
54.9	11.8643
55	11.8855
55.1	11.9068
55.2	11.9281
55.3	11.9492
55.4	11.97
55.5	11.9908
55.6	12.0121
55.7	12.0333
55.8	12.0547
55.9	12.0761
56	12.0971
56.1	12.118
56.2	12.1389
56.3	12.1593
56.4	12.1801
56.5	12.2009
56.6	12.2214
56.7	12.2419
56.8	12.2622
56.9	12.2825
57	12.3031
57.1	12.324
57.2	12.3451
57.3	12.3665
57.4	12.3881
57.5	12.4095
57.6	12.4305
57.7	12.4514
57.8	12.4723
57.9	12.4932
58	12.5139
58.1	12.5346
58.2	12.5554
58.3	12.5766
58.4	12.5976
58.5	12.6189
58.6	12.6405
58.7	12.6623
58.8	12.6835
58.9	12.7051
59	12.7264
59.1	12.7478
59.2	12.7689
59.3	12.7901
59.4	12.811
59.5	12.8319
59.6	12.8531
59.7	12.8747
59.8	12.8962
59.9	12.9183
60	12.9401
60.1	12.9616
60.2	12.9831
60.3	13.0045
60.4	13.0248
60.5	13.0451
60.6	13.0658
60.7	13.0866
60.8	13.1072
60.9	13.128
61	13.1488
61.1	13.1701
61.2	13.1913
61.3	13.2131
61.4	13.235
61.5	13.2572
61.6	13.2788
61.7	13.3
61.8	13.3211
61.9	13.3422
62	13.3634
62.1	13.385
62.2	13.4063
62.3	13.4279
62.4	13.4498
62.5	13.4719
62.6	13.4937
62.7	13.5155
62.8	13.5366
62.9	13.5574
63	13.5785
63.1	13.5993
63.2	13.62
63.3	13.6408
63.4	13.662
63.5	13.6835
63.6	13.7052
63.7	13.7269
63.8	13.7486
63.9	13.7703
64	13.7919
64.1	13.8134
64.2	13.8351
64.3	13.857
64.4	13.8787
64.5	13.9002
64.6	13.9214
64.7	13.9426
64.8	13.964
64.9	13.9853
65	14.0069
65.1	14.0282
65.2	14.0492
65.3	14.0706
65.4	14.0924
65.5	14.1146
65.6	14.1365
65.7	14.1582
65.8	14.1801
65.9	14.2019
66	14.2238
66.1	14.2457
66.2	14.268
66.3	14.2904
66.4	14.3125
66.5	14.3348
66.6	14.3568
66.7	14.3786
66.8	14.4006
66.9	14.4223
67	14.444
67.1	14.4653
67.2	14.4863
67.3	14.5079
67.4	14.5297
67.5	14.5515
67.6	14.5731
67.7	14.5947
67.8	14.6157
67.9	14.637
68	14.6587
68.1	14.6807
68.2	14.7028
68.3	14.7252
68.4	14.7472
68.5	14.7696
68.6	14.792
68.7	14.8141
68.8	14.836
68.9	14.8583
69	14.8807
69.1	14.9034
69.2	14.9255
69.3	14.9474
69.4	14.9688
69.5	14.9904
69.6	15.0115
69.7	15.0331
69.8	15.0545
69.9	15.0755
70	15.0966
70.1	15.1182
70.2	15.1397
70.3	15.1611
70.4	15.1825
70.5	15.2036
70.6	15.2245
70.7	15.2447
70.8	15.2653
70.9	15.2855
71	15.3058
71.1	15.326
71.2	15.3464
71.3	15.3669
71.4	15.3874
71.5	15.4081
71.6	15.4286
71.7	15.4491
71.8	15.4702
71.9	15.4912
72	15.5129
72.1	15.5341
72.2	15.5557
72.3	15.5774
72.4	15.5991
72.5	15.6211
72.6	15.643
72.7	15.6643
72.8	15.6849
72.9	15.7054
73	15.7262
73.1	15.747
73.2	15.7679
73.3	15.7888
73.4	15.8099
73.5	15.8309
73.6	15.8522
73.7	15.8735
73.8	15.8952
73.9	15.917
74	15.9387
74.1	15.961
74.2	15.9831
74.3	16.0055
74.4	16.028
74.5	16.0503
74.6	16.0717
74.7	16.0933
74.8	16.1143
74.9	16.1352
75	16.1565
75.1	16.1782
75.2	16.1995
75.3	16.221
75.4	16.2425
75.5	16.2637
75.6	16.2852
75.7	16.3068
75.8	16.3288
75.9	16.3507
76	16.3728
76.1	16.3945
76.2	16.4159
76.3	16.4371
76.4	16.4584
76.5	16.4797
76.6	16.501
76.7	16.5229
76.8	16.5443
76.9	16.5653
77	16.5863
77.1	16.6072
77.2	16.6283
77.3	16.6496
77.4	16.6711
77.5	16.693
77.6	16.7146
77.7	16.7366
77.8	16.7587
77.9	16.7806
78	16.8023
78.1	16.8244
78.2	16.8462
78.3	16.8681
78.4	16.8904
78.5	16.9128
78.6	16.9348
78.7	16.9566
78.8	16.9782
78.9	16.9997
79	17.0212
79.1	17.0426
79.2	17.0639
79.3	17.0855
79.4	17.1075
79.5	17.1298
79.6	17.1516
79.7	17.1737
79.8	17.1957
79.9	17.2175
80	17.2392
80.1	17.2608
80.2	17.2825
80.3	17.3043
80.4	17.3265
80.5	17.3491
80.6	17.3715
80.7	17.3934
80.8	17.4153
80.9	17.4374
81	17.4594
81.1	17.4815
81.2	17.5035
81.3	17.5252
81.4	17.5465
81.5	17.568
81.6	17.5894
81.7	17.6106
81.8	17.6318
81.9	17.653
82	17.6743
82.1	17.6961
82.2	17.7175
82.3	17.7386
82.4	17.76
82.5	17.7815
82.6	17.8031
82.7	17.8243
82.8	17.8461
82.9	17.8678
83	17.8895
83.1	17.9109
83.2	17.9322
83.3	17.9534
83.4	17.9743
83.5	17.9955
83.6	18.0168
83.7	18.0381
83.8	18.0599
83.9	18.0818
84	18.1036
84.1	18.1247
84.2	18.1458
84.3	18.1666
84.4	18.1877
84.5	18.209
84.6	18.2303
84.7	18.2517
84.8	18.2727
84.9	18.2937
85	18.3148
85.1	18.336
85.2	18.3574
85.3	18.3789
85.4	18.4004
85.5	18.4225
85.6	18.4442
85.7	18.4662
85.8	18.4878
85.9	18.5092
86	18.5307
86.1	18.5523
86.2	18.5735
86.3	18.5942
86.4	18.6153
86.5	18.6361
86.6	18.6572
86.7	18.678
86.8	18.6986
86.9	18.7197
87	18.741
87.1	18.7623
87.2	18.7837
87.3	18.8056
87.4	18.8273
87.5	18.8494
87.6	18.8711
87.7	18.8928
87.8	18.9143
87.9	18.9357
88	18.957
88.1	18.9787
88.2	19.0001
88.3	19.0217
88.4	19.043
88.5	19.0641
88.6	19.0849
88.7	19.1052
88.8	19.1258
88.9	19.1467
89	19.1676
89.1	19.189
89.2	19.2101
89.3	19.2314
89.4	19.253
89.5	19.2745
89.6	19.2962
89.7	19.3179
89.8	19.3398
89.9	19.3618
90	19.3838
90.1	19.4055
90.2	19.4264
90.3	19.4481
90.4	19.4694
90.5	19.491
90.6	19.5128
90.7	19.5352
90.8	19.5576
90.9	19.5797
91	19.6018
91.1	19.624
91.2	19.6462
91.3	19.6678
91.4	19.6896
91.5	19.7109
91.6	19.7324
91.7	19.7542
91.8	19.7755
91.9	19.7972
92	19.8186
92.1	19.8398
92.2	19.8607
92.3	19.8816
92.4	19.9026
92.5	19.9242
92.6	19.9467
92.7	19.9684
92.8	19.9903
92.9	20.0122
93	20.0338
93.1	20.0557
93.2	20.0775
93.3	20.0993
93.4	20.121
93.5	20.1431
93.6	20.1652
93.7	20.1867
93.8	20.2084
93.9	20.2301
94	20.2515
94.1	20.2727
94.2	20.2942
94.3	20.3155
94.4	20.3362
94.5	20.3569
94.6	20.3771
94.7	20.3978
94.8	20.4186
94.9	20.4395
95	20.4604
95.1	20.4817
95.2	20.5029
95.3	20.5242
95.4	20.5453
95.5	20.5666
95.6	20.5876
95.7	20.6084
95.8	20.6296
95.9	20.6507
96	20.6723
96.1	20.694
96.2	20.7158
96.3	20.7375
96.4	20.7592
96.5	20.7807
96.6	20.802
96.7	20.8233
96.8	20.8445
96.9	20.8659
97	20.8869
97.1	20.9082
97.2	20.9296
97.3	20.9507
97.4	20.9721
97.5	20.9934
97.6	21.0145
97.7	21.036
97.8	21.0569
97.9	21.0777
98	21.0984
98.1	21.1196
98.2	21.1404
98.3	21.1615
98.4	21.1828
98.5	21.2039
98.6	21.225
98.7	21.2459
98.8	21.2663
98.9	21.2868
99	21.3071
99.1	21.3273
99.2	21.3477
99.3	21.3681
99.4	21.389
99.5	21.4096
99.6	21.4302
99.7	21.4506
99.8	21.4707
99.9	21.4914
100	21.5123
100.1	21.5333
100.2	21.5537
100.3	21.5744
100.4	21.5949
100.5	21.6161
100.6	21.6376
100.7	21.659
100.8	21.6803
100.9	21.7017
101	21.7232
101.1	21.7451
101.2	21.7668
101.3	21.7886
101.4	21.8101
101.5	21.8314
101.6	21.8529
101.7	21.8747
101.8	21.8962
101.9	21.9179
102	21.9394
102.1	21.9611
102.2	21.9829
102.3	22.0049
102.4	22.0266
102.5	22.0487
102.6	22.0709
102.7	22.093
102.8	22.1144
102.9	22.1363
103	22.1581
103.1	22.18
103.2	22.202
103.3	22.2241
103.4	22.246
103.5	22.2683
103.6	22.2906
103.7	22.3126
103.8	22.3342
103.9	22.3554
104	22.3763
104.1	22.3977
104.2	22.4191
104.3	22.4405
104.4	22.4623
104.5	22.484
104.6	22.5056
104.7	22.5278
104.8	22.5498
104.9	22.5722
105	22.5945
105.1	22.6166
105.2	22.6388
105.3	22.6605
105.4	22.6826
105.5	22.7047
105.6	22.7268
105.7	22.7494
105.8	22.7718
105.9	22.7941
106	22.8167
106.1	22.8387
106.2	22.8612
106.3	22.8834
106.4	22.9056
106.5	22.9283
106.6	22.9508
106.7	22.9731
106.8	22.9956
106.9	23.0178
107	23.0401
107.1	23.0622
107.2	23.0846
107.3	23.107
107.4	23.1289
107.5	23.1504
107.6	23.1722
107.7	23.1937
107.8	23.2158
107.9	23.2375
108	23.2593
108.1	23.281
108.2	23.302
108.3	23.3236
108.4	23.3452
108.5	23.3667
108.6	23.3884
108.7	23.4102
108.8	23.4314
108.9	23.4527
109	23.474
109.1	23.4952
109.2	23.5168
109.3	23.5381
109.4	23.5597
109.5	23.5817
109.6	23.6037
109.7	23.6252
109.8	23.6465
109.9	23.6675
110	23.6888
110.1	23.7105
110.2	23.732
110.3	23.7536
110.4	23.7749
110.5	23.7962
110.6	23.8171
110.7	23.8385
110.8	23.8599
110.9	23.8816
111	23.9031
111.1	23.9244
111.2	23.9455
111.3	23.9669
111.4	23.988
111.5	24.0089
111.6	24.0299
111.7	24.0511
111.8	24.0727
111.9	24.0941
112	24.1158
112.1	24.1374
112.2	24.1586
112.3	24.18
112.4	24.2015
112.5	24.223
112.6	24.2445
112.7	24.266
112.8	24.2876
112.9	24.3087
113	24.3298
113.1	24.3507
113.2	24.3721
113.3	24.3934
113.4	24.4151
113.5	24.4368
113.6	24.4586
113.7	24.4803
113.8	24.502
113.9	24.5241
114	24.5459
114.1	24.5676
114.2	24.5891
114.3	24.6102
114.4	24.6312
114.5	24.6521
114.6	24.6735
114.7	24.695
114.8	24.7166
114.9	24.7386
115	24.7601
115.1	24.7814
115.2	24.8019
115.3	24.8223
115.4	24.8428
115.5	24.8631
115.6	24.8837
115.7	24.9042
115.8	24.9249
115.9	24.946
116	24.9674
116.1	24.9879
116.2	25.0086
116.3	25.0298
116.4	25.0509
116.5	25.072
116.6	25.0931
116.7	25.1142
116.8	25.1355
116.9	25.1567
117	25.1784
117.1	25.1998
117.2	25.221
117.3	25.2418
117.4	25.2626
117.5	25.2833
117.6	25.304
117.7	25.3255
117.8	25.3467
117.9	25.3684
118	25.39
118.1	25.4118
118.2	25.4333
118.3	25.4549
118.4	25.4767
118.5	25.4985
118.6	25.5203
118.7	25.5424
118.8	25.5641
118.9	25.5859
119	25.6079
119.1	25.63
119.2	25.6517
119.3	25.6738
119.4	25.6961
119.5	25.7182
119.6	25.7405
119.7	25.7625
119.8	25.7845
119.9	25.8068
120	25.8293
120.1	25.8516
120.2	25.8741
120.3	25.8966
120.4	25.9191
120.5	25.9415
120.6	25.9635
120.7	25.9854
120.8	26.007
120.9	26.0289
121	26.0508
121.1	26.0727
121.2	26.0945
121.3	26.116
121.4	26.1378
121.5	26.1597
121.6	26.1817
121.7	26.2039
121.8	26.2255
121.9	26.2471
122	26.2687
122.1	26.2902
122.2	26.3115
122.3	26.3324
122.4	26.353
122.5	26.3739
122.6	26.395
122.7	26.4164
122.8	26.4378
122.9	26.4591
123	26.4806
123.1	26.5017
123.2	26.5234
123.3	26.5452
123.4	26.5673
123.5	26.5886
123.6	26.6099
123.7	26.6305
123.8	26.6514
123.9	26.6724
124	26.6934
124.1	26.7145
124.2	26.7357
124.3	26.7568
124.4	26.7785
124.5	26.8002
124.6	26.822
124.7	26.8436
124.8	26.865
124.9	26.8868
125	26.9081
125.1	26.9297
125.2	26.9508
125.3	26.9721
125.4	26.9932
125.5	27.0141
125.6	27.0353
125.7	27.0561
125.8	27.0771
125.9	27.0979
126	27.1185
126.1	27.139
126.2	27.1598
126.3	27.1803
126.4	27.201
126.5	27.2219
126.6	27.2429
126.7	27.2641
126.8	27.2857
126.9	27.3074
127	27.3292
127.1	27.3512
127.2	27.373
127.3	27.3943
127.4	27.4157
127.5	27.4371
127.6	27.4581
127.7	27.4789
127.8	27.5003
127.9	27.5214
128	27.5425
128.1	27.5641
128.2	27.586
128.3	27.607
128.4	27.6285
128.5	27.6501
128.6	27.6726
128.7	27.6946
128.8	27.7165
128.9	27.7386
129	27.7606
129.1	27.7824
129.2	27.8047
129.3	27.8267
129.4	27.8489
129.5	27.8711
129.6	27.8938
129.7	27.9161
129.8	27.9385
129.9	27.9612
130	27.9833
130.1	28.0059
130.2	28.028
130.3	28.0493
130.4	28.0705
130.5	28.0919
130.6	28.1135
130.7	28.1351
130.8	28.1567
130.9	28.1784
131	28.2
131.1	28.2221
131.2	28.2437
131.3	28.2651
131.4	28.2871
131.5	28.3084
131.6	28.3299
131.7	28.3514
131.8	28.3732
131.9	28.3956
132	28.4178
132.1	28.4396
132.2	28.4617
132.3	28.4839
132.4	28.5065
132.5	28.5287
132.6	28.5506
132.7	28.5724
132.8	28.594
132.9	28.6158
133	28.6373
133.1	28.6594
133.2	28.6811
133.3	28.703
133.4	28.7246
133.5	28.7462
133.6	28.768
133.7	28.7898
133.8	28.8113
133.9	28.8327
134	28.8544
134.1	28.8764
134.2	28.8986
134.3	28.9209
134.4	28.9427
134.5	28.9643
134.6	28.9857
134.7	29.0068
134.8	29.0278
134.9	29.0489
135	29.0703
135.1	29.0916
135.2	29.1132
135.3	29.1345
135.4	29.156
135.5	29.1772
135.6	29.1981
135.7	29.2187
135.8	29.2391
135.9	29.2595
136	29.2799
136.1	29.3007
136.2	29.3221
136.3	29.3438
136.4	29.366
136.5	29.3879
136.6	29.41
136.7	29.4321
136.8	29.4538
136.9	29.4755
137	29.4976
137.1	29.5197
137.2	29.5417
137.3	29.5635
137.4	29.5853
137.5	29.6073
137.6	29.629
137.7	29.6506
137.8	29.6725
137.9	29.694
138	29.7147
138.1	29.7354
138.2	29.756
138.3	29.7771
138.4	29.7981
138.5	29.819
138.6	29.8408
138.7	29.8625
138.8	29.8838
138.9	29.9053
139	29.9265
139.1	29.9475
139.2	29.9689
139.3	29.9899
139.4	30.0113
139.5	30.0328
139.6	30.0544
139.7	30.0763
139.8	30.0984
139.9	30.1202
140	30.1417
140.1	30.1634
140.2	30.1851
140.3	30.2069
140.4	30.2289
140.5	30.2509
140.6	30.2731
140.7	30.2955
140.8	30.3179
140.9	30.3399
141	30.3617
141.1	30.3831
141.2	30.4045
141.3	30.4258
141.4	30.4471
141.5	30.4677
141.6	30.488
141.7	30.5091
141.8	30.5302
141.9	30.5512
142	30.572
142.1	30.5931
142.2	30.6147
142.3	30.6363
142.4	30.6581
142.5	30.6801
142.6	30.7024
142.7	30.724
142.8	30.7459
142.9	30.768
143	30.7901
143.1	30.812
143.2	30.8335
143.3	30.8558
143.4	30.8778
143.5	30.8998
143.6	30.9216
143.7	30.9439
143.8	30.9657
143.9	30.9874
144	31.0094
144.1	31.0315
144.2	31.0534
144.3	31.0753
144.4	31.0975
144.5	31.1193
144.6	31.1409
144.7	31.1628
144.8	31.185
144.9	31.2078
145	31.2307
145.1	31.2532
145.2	31.2758
145.3	31.2981
145.4	31.3202
145.5	31.3426
145.6	31.3646
145.7	31.3873
145.8	31.41
145.9	31.4322
146	31.4542
146.1	31.4763
146.2	31.4986
146.3	31.5206
146.4	31.543
146.5	31.5656
146.6	31.5881
146.7	31.6105
146.8	31.6326
146.9	31.6543
147	31.6759
147.1	31.6976
147.2	31.719
147.3	31.7407
147.4	31.7628
147.5	31.7847
147.6	31.8065
147.7	31.8278
147.8	31.8495
147.9	31.8713
148	31.8931
148.1	31.9148
148.2	31.9367
148.3	31.9588
148.4	31.9806
148.5	32.0021
148.6	32.0239
148.7	32.0454
148.8	32.0674
148.9	32.0889
149	32.11
149.1	32.1317
149.2	32.1533
149.3	32.175
149.4	32.1968
149.5	32.2186
149.6	32.2399
149.7	32.2609
149.8	32.2822
149.9	32.3037
150	32.326
150.1	32.3482
150.2	32.3703
150.3	32.3924
150.4	32.4144
150.5	32.4362
150.6	32.4582
150.7	32.4803
150.8	32.502
150.9	32.5239
151	32.5452
151.1	32.5668
151.2	32.5883
151.3	32.6102
151.4	32.6322
151.5	32.6543
151.6	32.6758
151.7	32.6974
151.8	32.719
151.9	32.7405
152	32.7618
152.1	32.7836
152.2	32.8057
152.3	32.8278
152.4	32.8499
152.5	32.8719
152.6	32.8938
152.7	32.9154
152.8	32.9369
152.9	32.9592
153	32.9814
153.1	33.0041
153.2	33.0264
153.3	33.0479
153.4	33.0692
153.5	33.0903
153.6	33.1121
153.7	33.1337
153.8	33.1554
153.9	33.1771
154	33.1982
154.1	33.2193
154.2	33.2406
154.3	33.2616
154.4	33.283
154.5	33.3042
154.6	33.3257
154.7	33.3474
154.8	33.3692
154.9	33.3909
155	33.4128
155.1	33.4348
155.2	33.4566
155.3	33.4785
155.4	33.5004
155.5	33.5222
155.6	33.5436
155.7	33.565
155.8	33.5863
155.9	33.6082
156	33.63
156.1	33.6515
156.2	33.6731
156.3	33.695
156.4	33.7166
156.5	33.7383
156.6	33.7598
156.7	33.7818
156.8	33.804
156.9	33.8263
157	33.8492
157.1	33.8717
157.2	33.8942
157.3	33.9165
157.4	33.9384
157.5	33.9602
157.6	33.982
157.7	34.0037
157.8	34.0251
157.9	34.0467
158	34.0683
158.1	34.0893
158.2	34.1106
158.3	34.1323
158.4	34.1541
158.5	34.1763
158.6	34.1983
158.7	34.2199
158.8	34.2416
158.9	34.2631
159	34.2848
159.1	34.3067
159.2	34.3286
159.3	34.3503
159.4	34.3721
159.5	34.3938
159.6	34.4158
159.7	34.4375
159.8	34.4587
159.9	34.4802
160	34.5022
160.1	34.5239
160.2	34.5455
160.3	34.5671
160.4	34.5889
160.5	34.6106
160.6	34.6323
160.7	34.654
160.8	34.6757
160.9	34.6975
161	34.7193
161.1	34.7417
161.2	34.7641
161.3	34.7866
161.4	34.8087
161.5	34.8306
161.6	34.8525
161.7	34.874
161.8	34.8955
161.9	34.9172
162	34.9389
162.1	34.9606
162.2	34.9821
162.3	35.0036
162.4	35.025
162.5	35.0469
162.6	35.0689
162.7	35.0906
162.8	35.1122
162.9	35.1336
163	35.155
163.1	35.1762
163.2	35.1974
163.3	35.2186
163.4	35.2403
163.5	35.2618
163.6	35.2831
163.7	35.3049
163.8	35.3267
163.9	35.3487
164	35.3708
164.1	35.3923
164.2	35.4139
164.3	35.4361
164.4	35.4586
164.5	35.4805
164.6	35.5022
164.7	35.524
164.8	35.546
164.9	35.568
165	35.5904
165.1	35.6129
165.2	35.6354
165.3	35.6576
165.4	35.6796
165.5	35.7016
165.6	35.7232
165.7	35.7445
165.8	35.7655
165.9	35.787
166	35.8089
166.1	35.8308
166.2	35.8526
166.3	35.874
166.4	35.895
166.5	35.9162
166.6	35.9372
166.7	35.9585
166.8	35.9795
166.9	36.0007
167	36.0215
167.1	36.0426
167.2	36.0636
167.3	36.0846
167.4	36.1053
167.5	36.126
167.6	36.1468
167.7	36.1679
167.8	36.1892
167.9	36.2106
168	36.2323
168.1	36.2542
168.2	36.2761
168.3	36.2979
168.4	36.3193
168.5	36.3408
168.6	36.3625
168.7	36.3842
168.8	36.4058
168.9	36.4275
169	36.449
169.1	36.4708
169.2	36.4925
169.3	36.5144
169.4	36.5359
169.5	36.5577
169.6	36.5792
169.7	36.6013
169.8	36.6228
169.9	36.645
170	36.6671
170.1	36.689
170.2	36.7108
170.3	36.7326
170.4	36.7546
170.5	36.7761
170.6	36.7974
170.7	36.8185
170.8	36.8396
170.9	36.8606
171	36.8814
171.1	36.9024
171.2	36.924
171.3	36.945
171.4	36.9663
171.5	36.9876
171.6	37.0088
171.7	37.0302
171.8	37.0517
171.9	37.0732
172	37.0945
172.1	37.1158
172.2	37.1374
172.3	37.1594
172.4	37.1813
172.5	37.2034
172.6	37.2252
172.7	37.2472
172.8	37.2688
172.9	37.2901
173	37.3112
173.1	37.3324
173.2	37.3538
173.3	37.3756
173.4	37.3977
173.5	37.4197
173.6	37.4421
173.7	37.4647
173.8	37.4873
173.9	37.5097
174	37.5323
174.1	37.5552
174.2	37.5776
174.3	37.5993
174.4	37.6208
174.5	37.6422
174.6	37.6636
174.7	37.6853
174.8	37.7071
174.9	37.7289
175	37.7505
175.1	37.7725
175.2	37.7943
175.3	37.8161
175.4	37.8377
175.5	37.8592
175.6	37.8814
175.7	37.9036
175.8	37.9256
175.9	37.9477
176	37.9699
176.1	37.992
176.2	38.0136
176.3	38.035
176.4	38.0563
176.5	38.0774
176.6	38.0985
176.7	38.1196
176.8	38.141
176.9	38.1624
177	38.1841
177.1	38.2054
177.2	38.2268
177.3	38.2481
177.4	38.2693
177.5	38.2907
177.6	38.3117
177.7	38.3326
177.8	38.3533
177.9	38.3739
178	38.3947
178.1	38.4156
178.2	38.4366
178.3	38.4574
178.4	38.4786
178.5	38.4997
178.6	38.5208
178.7	38.542
178.8	38.5634
178.9	38.585
179	38.6069
179.1	38.6293
179.2	38.6513
179.3	38.6732
179.4	38.6952
179.5	38.7167
179.6	38.738
179.7	38.7592
179.8	38.7806
179.9	38.802
180	38.8236
180.1	38.8456
180.2	38.8676
180.3	38.8894
180.4	38.9112
180.5	38.9333
180.6	38.9554
180.7	38.9772
180.8	38.9992
180.9	39.0208
181	39.0425
181.1	39.0643
181.2	39.0858
181.3	39.1079
181.4	39.1302
181.5	39.1525
181.6	39.175
181.7	39.1975
181.8	39.2199
181.9	39.2424
182	39.2647
182.1	39.2871
182.2	39.3088
182.3	39.3298
182.4	39.3507
182.5	39.3719
182.6	39.3936
182.7	39.4152
182.8	39.4372
182.9	39.4592
183	39.4814
183.1	39.5037
183.2	39.5259
183.3	39.5483
183.4	39.5701
183.5	39.5918
183.6	39.6135
183.7	39.6354
183.8	39.6571
183.9	39.6788
184	39.6999
184.1	39.7214
184.2	39.7435
184.3	39.7651
184.4	39.7869
184.5	39.809
184.6	39.831
184.7	39.8532
184.8	39.8756
184.9	39.898
185	39.9201
185.1	39.9422
185.2	39.9642
185.3	39.9864
185.4	40.0087
185.5	40.0311
185.6	40.0534
185.7	40.0757
185.8	40.0976
185.9	40.1194
186	40.1408
186.1	40.1625
186.2	40.1839
186.3	40.2053
186.4	40.2271
186.5	40.249
186.6	40.2707
186.7	40.2925
186.8	40.3146
186.9	40.3362
187	40.358
187.1	40.3801
187.2	40.4023
187.3	40.4247
187.4	40.4465
187.5	40.468
187.6	40.4896
187.7	40.5109
187.8	40.5324
187.9	40.5537
188	40.575
188.1	40.5962
188.2	40.6173
188.3	40.639
188.4	40.6607
188.5	40.6823
188.6	40.7035
188.7	40.7248
188.8	40.746
188.9	40.7671
189	40.7881
189.1	40.8089
189.2	40.8297
189.3	40.8505
189.4	40.872
189.5	40.8938
189.6	40.9156
189.7	40.9376
189.8	40.9601
189.9	40.9821
190	41.0039
190.1	41.0257
190.2	41.0476
190.3	41.0696
190.4	41.0908
190.5	41.1116
190.6	41.1323
190.7	41.1534
190.8	41.1745
190.9	41.1958
191	41.2169
191.1	41.2382
191.2	41.2592
191.3	41.2798
191.4	41.3011
191.5	41.3226
191.6	41.3442
191.7	41.366
191.8	41.3875
191.9	41.4093
192	41.4314
192.1	41.453
192.2	41.4743
192.3	41.4964
192.4	41.5187
192.5	41.5406
192.6	41.563
192.7	41.5852
192.8	41.6073
192.9	41.6293
193	41.6514
193.1	41.6731
193.2	41.6949
193.3	41.7163
193.4	41.7384
193.5	41.76
193.6	41.7817
193.7	41.8034
193.8	41.825
193.9	41.8469
194	41.8686
194.1	41.8902
194.2	41.912
194.3	41.934
194.4	41.956
194.5	41.9779
194.6	42
194.7	42.0221
194.8	42.044
194.9	42.0657
195	42.0875
195.1	42.1093
195.2	42.1309
195.3	42.1527
195.4	42.1747
195.5	42.1969
195.6	42.2183
195.7	42.24
195.8	42.2619
195.9	42.2836
196	42.3056
196.1	42.3278
196.2	42.3503
196.3	42.3726
196.4	42.3948
196.5	42.4167
196.6	42.4386
196.7	42.461
196.8	42.4832
196.9	42.505
197	42.5266
197.1	42.5487
197.2	42.5711
197.3	42.5936
197.4	42.6156
197.5	42.6371
197.6	42.6591
197.7	42.6813
197.8	42.7034
197.9	42.7257
198	42.7481
198.1	42.7698
198.2	42.7918
198.3	42.8133
198.4	42.8343
198.5	42.8558
198.6	42.8773
198.7	42.8991
198.8	42.9208
198.9	42.9426
199	42.9642
199.1	42.9853
199.2	43.0065
199.3	43.0275
199.4	43.0487
199.5	43.0699
199.6	43.0917
199.7	43.1138
199.8	43.1355
199.9	43.1572
200	43.1787
200.1	43.1999
200.2	43.2204
200.3	43.2416
200.4	43.2632
200.5	43.2849
200.6	43.307
200.7	43.3285
200.8	43.3502
200.9	43.3723
201	43.3942
201.1	43.416
201.2	43.4381
201.3	43.46
201.4	43.4824
201.5	43.5046
201.6	43.5271
201.7	43.5492
201.8	43.5714
201.9	43.5933
202	43.6153
202.1	43.6369
202.2	43.6585
202.3	43.6803
202.4	43.7023
202.5	43.724
202.6	43.7457
202.7	43.7669
202.8	43.7881
202.9	43.8094
203	43.8312
203.1	43.853
203.2	43.8748
203.3	43.8966
203.4	43.9183
203.5	43.9399
203.6	43.9623
203.7	43.985
203.8	44.0074
203.9	44.0299
204	44.0518
204.1	44.0739
204.2	44.096
204.3	44.1185
204.4	44.1405
204.5	44.1626
204.6	44.1846
204.7	44.2062
204.8	44.2275
204.9	44.2488
205	44.2694
205.1	44.2905
205.2	44.3118
205.3	44.3333
205.4	44.3549
205.5	44.3766
205.6	44.3984
205.7	44.4198
205.8	44.4416
205.9	44.4635
206	44.4854
206.1	44.5071
206.2	44.5286
206.3	44.5501
206.4	44.5715
206.5	44.5931
206.6	44.6147
206.7	44.6367
206.8	44.6588
206.9	44.6813
207	44.7036
207.1	44.7256
207.2	44.7475
207.3	44.7698
207.4	44.792
207.5	44.8147
207.6	44.8372
207.7	44.8599
207.8	44.8828
207.9	44.9059
208	44.9284
208.1	44.9512
208.2	44.9744
208.3	44.9977
208.4	45.0203
208.5	45.0425
208.6	45.0645
208.7	45.086
208.8	45.1074
208.9	45.129
209	45.1507
209.1	45.1728
209.2	45.1947
209.3	45.2167
209.4	45.239
209.5	45.2612
209.6	45.2833
209.7	45.3052
209.8	45.3266
209.9	45.3483
210	45.37
210.1	45.3915
210.2	45.4128
210.3	45.434
210.4	45.4556
210.5	45.4772
210.6	45.4991
210.7	45.5209
210.8	45.5431
210.9	45.5647
211	45.586
211.1	45.6076
211.2	45.6288
211.3	45.6504
211.4	45.6719
211.5	45.6938
211.6	45.7156
211.7	45.7373
211.8	45.759
211.9	45.7809
212	45.8027
212.1	45.8244
212.2	45.8462
212.3	45.868
212.4	45.8904
212.5	45.9128
212.6	45.9346
212.7	45.9567
212.8	45.9786
212.9	46.0003
213	46.0216
213.1	46.0429
213.2	46.0641
213.3	46.085
213.4	46.1064
213.5	46.128
213.6	46.1494
213.7	46.1706
213.8	46.1921
213.9	46.2135
214	46.2351
214.1	46.2568
214.2	46.2786
214.3	46.3005
214.4	46.3226
214.5	46.3445
214.6	46.3665
214.7	46.3884
214.8	46.4104
214.9	46.4328
215	46.4553
215.1	46.4782
215.2	46.5009
215.3	46.5235
215.4	46.5457
215.5	46.5679
215.6	46.5898
215.7	46.6122
215.8	46.6346
215.9	46.6567
216	46.6787
216.1	46.7004
216.2	46.722
216.3	46.7436
216.4	46.7651
216.5	46.787
216.6	46.8083
216.7	46.8299
216.8	46.8513
216.9	46.873
217	46.8943
217.1	46.9155
217.2	46.9364
217.3	46.9577
217.4	46.9786
217.5	46.9997
217.6	47.021
217.7	47.0427
217.8	47.064
217.9	47.0854
218	47.1066
218.1	47.1278
218.2	47.1491
218.3	47.1705
218.4	47.1926
218.5	47.2144
218.6	47.2362
218.7	47.2582
218.8	47.2804
218.9	47.3031
219	47.3255
219.1	47.3478
219.2	47.3697
219.3	47.391
219.4	47.4124
219.5	47.4343
219.6	47.4558
219.7	47.4771
219.8	47.498
219.9	47.5192
220	47.5407
220.1	47.5624
220.2	47.584
220.3	47.6052
220.4	47.6267
220.5	47.6485
220.6	47.6704
220.7	47.6922
220.8	47.7141
220.9	47.736
221	47.758
221.1	47.7799
221.2	47.8017
221.3	47.8236
221.4	47.8454
221.5	47.8673
221.6	47.8892
221.7	47.911
221.8	47.9324
221.9	47.9541
222	47.9757
222.1	47.997
222.2	48.0184
222.3	48.0405
222.4	48.0619
222.5	48.0832
222.6	48.1042
222.7	48.1251
222.8	48.1461
222.9	48.1676
223	48.1896
223.1	48.2116
223.2	48.2334
223.3	48.2551
223.4	48.2768
223.5	48.2987
223.6	48.3208
223.7	48.3429
223.8	48.3649
223.9	48.3872
224	48.4094
224.1	48.4312
224.2	48.4531
224.3	48.4746
224.4	48.4956
224.5	48.5167
224.6	48.5379
224.7	48.5591
224.8	48.5805
224.9	48.6022
225	48.6243
225.1	48.6461
225.2	48.6681
225.3	48.6897
225.4	48.7113
225.5	48.7327
225.6	48.7537
225.7	48.7744
225.8	48.7953
225.9	48.8166
226	48.8375
226.1	48.8583
226.2	48.8785
226.3	48.8991
226.4	48.9196
226.5	48.9404
226.6	48.9608
226.7	48.9813
226.8	49.0025
226.9	49.0236
227	49.0451
227.1	49.0662
227.2	49.0876
227.3	49.1089
227.4	49.1306
227.5	49.1525
227.6	49.1744
227.7	49.1968
227.8	49.2191
227.9	49.2416
228	49.2639
228.1	49.286
228.2	49.3084
228.3	49.3307
228.4	49.353
228.5	49.3751
228.6	49.3974
228.7	49.4194
228.8	49.4417
228.9	49.4641
229	49.4864
229.1	49.5089
229.2	49.5312
229.3	49.5533
229.4	49.575
229.5	49.5965
229.6	49.6184
229.7	49.6401
229.8	49.662
229.9	49.6837
230	49.7056
230.1	49.7277
230.2	49.7495
230.3	49.7707
230.4	49.7921
230.5	49.8135
230.6	49.8351
230.7	49.8568
230.8	49.8788
230.9	49.9007
231	49.9225
231.1	49.944
231.2	49.9659
231.3	49.9874
231.4	50.0088
231.5	50.031
231.6	50.0532
231.7	50.0753
231.8	50.0973
231.9	50.1194
232	50.1415
232.1	50.1632
232.2	50.1849
232.3	50.2071
232.4	50.2291
232.5	50.2513
232.6	50.2735
232.7	50.2953
232.8	50.317
232.9	50.3385
233	50.3601
233.1	50.3818
233.2	50.4036
233.3	50.4255
233.4	50.4474
233.5	50.4687
233.6	50.4899
233.7	50.5111
233.8	50.5323
233.9	50.5537
234	50.5746
234.1	50.5956
234.2	50.6172
234.3	50.639
234.4	50.6605
234.5	50.6819
234.6	50.7035
234.7	50.7253
234.8	50.7471
234.9	50.7685
235	50.7905
235.1	50.8122
235.2	50.8333
235.3	50.8543
235.4	50.8756
235.5	50.8968
235.6	50.9189
235.7	50.9408
235.8	50.9627
235.9	50.9845
236	51.0064
236.1	51.0286
236.2	51.0505
236.3	51.0717
236.4	51.0934
236.5	51.1152
236.6	51.1369
236.7	51.1588
236.8	51.1805
236.9	51.202
237	51.2236
237.1	51.2453
237.2	51.2667
237.3	51.2881
237.4	51.3097
237.5	51.3313
237.6	51.3531
237.7	51.375
237.8	51.3977
237.9	51.4204
238	51.4433
238.1	51.4657
238.2	51.4879
238.3	51.51
238.4	51.5325
238.5	51.5543
238.6	51.576
238.7	51.5976
238.8	51.6193
238.9	51.6414
239	51.6636
239.1	51.6854
239.2	51.7075
239.3	51.7295
239.4	51.7518
239.5	51.7739
239.6	51.7961
239.7	51.8179
239.8	51.8395
239.9	51.861
240	51.8821
240.1	51.9037
240.2	51.9253
240.3	51.9471
240.4	51.9688
240.5	51.9907
240.6	52.0123
240.7	52.0336
240.8	52.0551
240.9	52.0768
241	52.0985
241.1	52.1206
241.2	52.1425
241.3	52.1643
241.4	52.1866
241.5	52.2088
241.6	52.2306
241.7	52.2526
241.8	52.2749
241.9	52.2967
242	52.3187
242.1	52.3402
242.2	52.3622
242.3	52.3842
242.4	52.4064
242.5	52.4289
242.6	52.4517
242.7	52.4739
242.8	52.4959
242.9	52.5175
243	52.5389
243.1	52.5603
243.2	52.5818
243.3	52.604
243.4	52.6261
243.5	52.648
243.6	52.6699
243.7	52.6919
243.8	52.7138
243.9	52.7355
244	52.7572
244.1	52.7788
244.2	52.8005
244.3	52.8223
244.4	52.8437
244.5	52.8647
244.6	52.886
244.7	52.9073
244.8	52.9289
244.9	52.9507
245	52.9727
245.1	52.9945
245.2	53.0158
245.3	53.0371
245.4	53.0583
245.5	53.08
245.6	53.1017
245.7	53.1237
245.8	53.1457
245.9	53.1679
246	53.1904
246.1	53.2128
246.2	53.2352
246.3	53.2578
246.4	53.2805
246.5	53.303
246.6	53.3254
246.7	53.3475
246.8	53.3694
246.9	53.3909
247	53.4124
247.1	53.4336
247.2	53.4546
247.3	53.4756
247.4	53.4969
247.5	53.5183
247.6	53.5399
247.7	53.5616
247.8	53.5833
247.9	53.605
248	53.6266
248.1	53.6482
248.2	53.6698
248.3	53.6913
248.4	53.7122
248.5	53.7327
248.6	53.7534
248.7	53.7744
248.8	53.7954
248.9	53.8168
249	53.8386
249.1	53.8607
249.2	53.8829
249.3	53.905
249.4	53.9273
249.5	53.9493
249.6	53.9712
249.7	53.9928
249.8	54.0141
249.9	54.0353
250	54.0562
250.1	54.077
250.2	54.0981
250.3	54.1194
250.4	54.1408
250.5	54.1621
250.6	54.1838
250.7	54.2056
250.8	54.2268
250.9	54.2479
251	54.269
251.1	54.2896
251.2	54.3106
251.3	54.3314
251.4	54.3524
251.5	54.3736
251.6	54.3945
251.7	54.4152
251.8	54.436
251.9	54.457
252	54.4777
252.1	54.4987
252.2	54.5198
252.3	54.5408
252.4	54.562
252.5	54.5832
252.6	54.6044
252.7	54.6259
252.8	54.6476
252.9	54.6689
253	54.69
253.1	54.7111
253.2	54.732
253.3	54.7535
253.4	54.775
253.5	54.7966
253.6	54.8184
253.7	54.8401
253.8	54.8616
253.9	54.8833
254	54.9054
254.1	54.9274
254.2	54.9496
254.3	54.9714
254.4	54.9935
254.5	55.0159
254.6	55.0382
254.7	55.0602
254.8	55.0823
254.9	55.104
255	55.1255
255.1	55.1471
255.2	55.1688
255.3	55.1905
255.4	55.2125
255.5	55.2344
255.6	55.2562
255.7	55.2782
255.8	55.3005
255.9	55.3234
256	55.346
256.1	55.3682
256.2	55.3903
256.3	55.4119
256.4	55.4335
256.5	55.4554
256.6	55.4776
256.7	55.4994
256.8	55.5211
256.9	55.5424
257	55.5638
257.1	55.5852
257.2	55.607
257.3	55.6283
257.4	55.6497
257.5	55.6717
257.6	55.6933
257.7	55.7149
257.8	55.7363
257.9	55.7577
258	55.7792
258.1	55.8007
258.2	55.8225
258.3	55.8446
258.4	55.8667
258.5	55.8885
258.6	55.9105
258.7	55.9329
258.8	55.9556
258.9	55.9782
259	56.0006
259.1	56.0228
259.2	56.0451
259.3	56.0672
259.4	56.0898
259.5	56.1119
259.6	56.1341
259.7	56.1563
259.8	56.1785
259.9	56.2004
260	56.2227
260.1	56.2444
260.2	56.2662
260.3	56.288
260.4	56.3097
260.5	56.3311
260.6	56.3524
260.7	56.3741
260.8	56.3953
260.9	56.4164
261	56.4376
261.1	56.4588
261.2	56.4802
261.3	56.5021
261.4	56.5239
261.5	56.5459
261.6	56.5681
261.7	56.59
261.8	56.6119
261.9	56.6336
262	56.6554
262.1	56.6771
262.2	56.6985
262.3	56.7201
262.4	56.7412
262.5	56.7633
262.6	56.7853
262.7	56.8076
262.8	56.8303
262.9	56.8532
263	56.8756
263.1	56.8977
263.2	56.9196
263.3	56.9412
263.4	56.963
263.5	56.9846
263.6	57.0065
263.7	57.0282
263.8	57.0501
263.9	57.072
264	57.0935
264.1	57.1154
264.2	57.1371
264.3	57.159
264.4	57.1805
264.5	57.2026
264.6	57.2243
264.7	57.2465
264.8	57.2686
264.9	57.2907
265	57.3133
265.1	57.336
265.2	57.3583
265.3	57.3805
265.4	57.4022
265.5	57.4241
265.6	57.4459
265.7	57.4679
265.8	57.4898
265.9	57.5114
266	57.5325
266.1	57.5538
266.2	57.5751
266.3	57.596
266.4	57.6167
266.5	57.6371
266.6	57.6583
266.7	57.6801
266.8	57.7023
266.9	57.7248
267	57.7472
267.1	57.77
267.2	57.7929
267.3	57.8155
267.4	57.8383
267.5	57.8609
267.6	57.8834
267.7	57.9056
267.8	57.9279
267.9	57.9502
268	57.9721
268.1	57.994
268.2	58.0162
268.3	58.0381
268.4	58.0607
268.5	58.0831
268.6	58.1053
268.7	58.1278
268.8	58.1496
268.9	58.1716
269	58.1938
269.1	58.2161
269.2	58.2383
269.3	58.2605
269.4	58.2825
269.5	58.3042
269.6	58.3257
269.7	58.3475
269.8	58.3692
269.9	58.3907
270	58.4124
270.1	58.4339
270.2	58.4555
270.3	58.4772
270.4	58.4988
270.5	58.5204
270.6	58.5421
270.7	58.5636
270.8	58.5851
270.9	58.6071
271	58.6292
271.1	58.6514
271.2	58.6736
271.3	58.6955
271.4	58.7171
271.5	58.7388
271.6	58.7611
271.7	58.7829
271.8	58.8043
271.9	58.8259
272	58.8474
272.1	58.8692
272.2	58.8911
272.3	58.9131
272.4	58.9347
272.5	58.9561
272.6	58.9776
272.7	58.9992
272.8	59.0204
272.9	59.041
273	59.0614
273.1	59.0815
273.2	59.1019
273.3	59.1227
273.4	59.1438
273.5	59.165
273.6	59.1865
273.7	59.2082
273.8	59.2298
273.9	59.2519
274	59.2741
274.1	59.2958
274.2	59.3177
274.3	59.3397
274.4	59.3618
274.5	59.3837
274.6	59.4056
274.7	59.4274
274.8	59.449
274.9	59.4706
275	59.4928
275.1	59.5153
275.2	59.5374
275.3	59.5595
275.4	59.5815
275.5	59.6039
275.6	59.6257
275.7	59.6476
275.8	59.6692
275.9	59.6911
276	59.713
276.1	59.7348
276.2	59.7569
276.3	59.7789
276.4	59.8006
276.5	59.8226
276.6	59.8449
276.7	59.8669
276.8	59.8891
276.9	59.9106
277	59.932
277.1	59.9539
277.2	59.9754
277.3	59.9967
277.4	60.0179
277.5	60.04
277.6	60.062
277.7	60.0836
277.8	60.1056
277.9	60.1274
278	60.1492
278.1	60.1712
278.2	60.1931
278.3	60.2151
278.4	60.2369
278.5	60.2588
278.6	60.2807
278.7	60.3024
278.8	60.3242
278.9	60.3462
279	60.3681
279.1	60.3903
279.2	60.4125
279.3	60.4345
279.4	60.4559
279.5	60.4772
279.6	60.4984
279.7	60.5196
279.8	60.5407
279.9	60.5618
280	60.5829
280.1	60.604
280.2	60.6255
280.3	60.6474
280.4	60.6694
280.5	60.6909
280.6	60.7124
280.7	60.7336
280.8	60.7549
280.9	60.7759
281	60.7962
281.1	60.8169
281.2	60.8376
281.3	60.8583
281.4	60.8791
281.5	60.8997
281.6	60.9204
281.7	60.9417
281.8	60.9629
281.9	60.9844
282	61.0063
282.1	61.028
282.2	61.0496
282.3	61.0713
282.4	61.0936
282.5	61.1153
282.6	61.1371
282.7	61.1591
282.8	61.1811
282.9	61.2032
283	61.2255
283.1	61.2478
283.2	61.2694
283.3	61.2915
283.4	61.314
283.5	61.3361
283.6	61.3579
283.7	61.3793
283.8	61.4009
283.9	61.4222
284	61.4435
284.1	61.4647
284.2	61.4863
284.3	61.5082
284.4	61.5296
284.5	61.5509
284.6	61.572
284.7	61.5932
284.8	61.6141
284.9	61.635
285	61.656
285.1	61.6768
285.2	61.6977
285.3	61.7192
285.4	61.7406
285.5	61.7618
285.6	61.7833
285.7	61.8053
285.8	61.8264
285.9	61.8473
286	61.8681
286.1	61.889
286.2	61.9097
286.3	61.9301
286.4	61.9509
286.5	61.9713
286.6	61.9921
286.7	62.0135
286.8	62.0346
286.9	62.0551
287	62.0763
287.1	62.0978
287.2	62.119
287.3	62.1403
287.4	62.1617
287.5	62.1826
287.6	62.2039
287.7	62.2255
287.8	62.247
287.9	62.2686
288	62.2898
288.1	62.311
288.2	62.3326
288.3	62.354
288.4	62.3757
288.5	62.3972
288.6	62.4184
288.7	62.4395
288.8	62.461
288.9	62.4824
289	62.5038
289.1	62.5253
289.2	62.5466
289.3	62.5681
289.4	62.5889
289.5	62.6103
289.6	62.6318
289.7	62.6538
289.8	62.6757
289.9	62.6973
290	62.719
290.1	62.7406
290.2	62.762
290.3	62.7833
290.4	62.8045
290.5	62.8259
290.6	62.8475
290.7	62.8698
290.8	62.8918
290.9	62.9131
291	62.9342
291.1	62.9552
291.2	62.9766
291.3	62.9978
291.4	63.0195
291.5	63.0416
291.6	63.0632
291.7	63.0848
291.8	63.1061
291.9	63.1275
292	63.1489
292.1	63.1706
292.2	63.1921
292.3	63.2137
292.4	63.235
292.5	63.2565
292.6	63.2777
292.7	63.2992
292.8	63.3207
292.9	63.342
293	63.3625
293.1	63.3835
293.2	63.4046
293.3	63.4256
293.4	63.4469
293.5	63.4686
293.6	63.4899
293.7	63.511
293.8	63.532
293.9	63.5528
294	63.5738
294.1	63.595
294.2	63.6161
294.3	63.6372
294.4	63.6593
294.5	63.6809
294.6	63.7027
294.7	63.7245
294.8	63.7461
294.9	63.7678
295	63.79
295.1	63.8127
295.2	63.8352
295.3	63.8576
295.4	63.8796
295.5	63.9015
295.6	63.9234
295.7	63.9455
295.8	63.9673
295.9	63.9887
296	64.0106
296.1	64.0326
296.2	64.0545
296.3	64.0763
296.4	64.0982
296.5	64.1197
296.6	64.1414
296.7	64.1628
296.8	64.1839
296.9	64.2048
297	64.2255
297.1	64.2468
297.2	64.2682
297.3	64.2895
297.4	64.3114
297.5	64.3334
297.6	64.3552
297.7	64.3771
297.8	64.3988
297.9	64.4207
298	64.4428
298.1	64.4651
298.2	64.4872
298.3	64.5099
298.4	64.5328
298.5	64.5551
298.6	64.5767
298.7	64.5986
298.8	64.6199
298.9	64.641
299	64.6618
299.1	64.6825
299.2	64.7034
299.3	64.7239
299.4	64.7445
299.5	64.7651
299.6	64.7863
299.7	64.8074
299.8	64.8285
299.9	64.8498
300	64.8711
300.1	64.8923
300.2	64.9135
300.3	64.9348
300.4	64.9561
300.5	64.9779
300.6	65.0002
300.7	65.0219
300.8	65.0437
300.9	65.065
301	65.0864
301.1	65.1076
301.2	65.1286
301.3	65.1495
301.4	65.1703
301.5	65.1909
301.6	65.2116
301.7	65.2325
301.8	65.2533
301.9	65.2742
302	65.295
302.1	65.3155
302.2	65.3364
302.3	65.358
302.4	65.3797
302.5	65.4015
302.6	65.4237
302.7	65.4461
302.8	65.4686
302.9	65.4909
303	65.513
303.1	65.5352
303.2	65.5573
303.3	65.5792
303.4	65.6012
303.5	65.6224
303.6	65.6439
303.7	65.6656
303.8	65.6872
303.9	65.7092
304	65.7309
304.1	65.7529
304.2	65.7748
304.3	65.797
304.4	65.8189
304.5	65.8408
304.6	65.8629
304.7	65.885
304.8	65.9069
304.9	65.9286
305	65.9505
305.1	65.9721
305.2	65.9936
305.3	66.0153
305.4	66.0371
305.5	66.0589
305.6	66.081
305.7	66.1024
305.8	66.1241
305.9	66.1458
306	66.1677
306.1	66.1894
306.2	66.211
306.3	66.2331
306.4	66.2549
306.5	66.2772
306.6	66.2994
306.7	66.3219
306.8	66.344
306.9	66.3664
307	66.3887
307.1	66.4114
307.2	66.4339
307.3	66.4564
307.4	66.4785
307.5	66.5002
307.6	66.5213
307.7	66.5424
307.8	66.5638
307.9	66.5852
308	66.6069
308.1	66.629
308.2	66.6511
308.3	66.6729
308.4	66.6948
308.5	66.7165
308.6	66.7386
308.7	66.7606
308.8	66.7827
308.9	66.805
309	66.8273
309.1	66.85
309.2	66.8727
309.3	66.8951
309.4	66.9176
309.5	66.9397
309.6	66.9615
309.7	66.9833
309.8	67.0058
309.9	67.0277
310	67.0496
310.1	67.0713
310.2	67.0931
310.3	67.1152
310.4	67.1375
310.5	67.1596
310.6	67.1817
310.7	67.2038
310.8	67.226
310.9	67.2483
311	67.2707
311.1	67.2931
311.2	67.3151
311.3	67.3374
311.4	67.3594
311.5	67.3814
311.6	67.4034
311.7	67.4252
311.8	67.4467
311.9	67.4683
312	67.4901
312.1	67.512
312.2	67.5337
312.3	67.5547
312.4	67.5756
312.5	67.5961
312.6	67.6166
312.7	67.6374
312.8	67.6582
312.9	67.6794
313	67.7006
313.1	67.7225
313.2	67.7439
313.3	67.7659
313.4	67.7876
313.5	67.8095
313.6	67.8317
313.7	67.8538
313.8	67.8759
313.9	67.898
314	67.9201
314.1	67.9419
314.2	67.9643
314.3	67.9863
314.4	68.0083
314.5	68.03
314.6	68.0518
314.7	68.0738
314.8	68.0958
314.9	68.1178
315	68.1393
315.1	68.1611
315.2	68.1826
315.3	68.2043
315.4	68.2263
315.5	68.2488
315.6	68.2708
315.7	68.2931
315.8	68.3154
315.9	68.3374
316	68.3593
316.1	68.381
316.2	68.4027
316.3	68.4244
316.4	68.4462
316.5	68.468
316.6	68.4899
316.7	68.5119
316.8	68.5339
316.9	68.5554
317	68.5771
317.1	68.5988
317.2	68.62
317.3	68.6406
317.4	68.6618
317.5	68.6831
317.6	68.7047
317.7	68.7259
317.8	68.7477
317.9	68.7692
318	68.7911
318.1	68.8129
318.2	68.8349
318.3	68.8567
318.4	68.8788
318.5	68.9009
318.6	68.923
318.7	68.9451
318.8	68.9668
318.9	68.9889
319	69.0104
319.1	69.0317
319.2	69.0537
319.3	69.0761
319.4	69.098
319.5	69.1198
319.6	69.1411
319.7	69.1625
319.8	69.1839
319.9	69.2053
320	69.2266
320.1	69.2479
320.2	69.269
320.3	69.2901
320.4	69.3108
320.5	69.3315
320.6	69.3527
320.7	69.3734
320.8	69.3945
320.9	69.4155
321	69.4363
321.1	69.4573
321.2	69.4786
321.3	69.5002
321.4	69.5215
321.5	69.5434
321.6	69.5653
321.7	69.5869
321.8	69.6087
321.9	69.6297
322	69.6508
322.1	69.6716
322.2	69.6927
322.3	69.7136
322.4	69.7349
322.5	69.7564
322.6	69.7776
322.7	69.7988
322.8	69.8202
322.9	69.8417
323	69.8633
323.1	69.8851
323.2	69.9072
323.3	69.9295
323.4	69.9517
323.5	69.9739
323.6	69.9963
323.7	70.0183
323.8	70.0398
323.9	70.0612
324	70.0826
324.1	70.1039
324.2	70.1252
324.3	70.1466
324.4	70.1679
324.5	70.1896
324.6	70.2105
324.7	70.2314
324.8	70.2525
324.9	70.2734
325	70.2945
325.1	70.3155
325.2	70.3372
325.3	70.3586
325.4	70.38
325.5	70.4015
325.6	70.4233
325.7	70.4448
325.8	70.4661
325.9	70.4872
326	70.5081
326.1	70.5289
326.2	70.5497
326.3	70.571
326.4	70.5928
326.5	70.6147
326.6	70.6366
326.7	70.6585
326.8	70.6805
326.9	70.7021
327	70.7239
327.1	70.7458
327.2	70.7677
327.3	70.7893
327.4	70.8111
327.5	70.8331
327.6	70.8548
327.7	70.8761
327.8	70.8975
327.9	70.9192
328	70.9407
328.1	70.9621
328.2	70.9839
328.3	71.0059
328.4	71.028
328.5	71.0498
328.6	71.0714
328.7	71.0934
328.8	71.1155
328.9	71.1374
329	71.1591
329.1	71.1806
329.2	71.2021
329.3	71.2239
329.4	71.2456
329.5	71.2671
329.6	71.2887
329.7	71.3105
329.8	71.3321
329.9	71.3536
330	71.3749
330.1	71.3963
330.2	71.4175
330.3	71.4394
330.4	71.4613
330.5	71.4832
330.6	71.5049
330.7	71.5265
330.8	71.5482
330.9	71.5697
331	71.5917
331.1	71.6131
331.2	71.6346
331.3	71.6564
331.4	71.678
331.5	71.6997
331.6	71.721
331.7	71.7426
331.8	71.764
331.9	71.7851
332	71.8056
332.1	71.8265
332.2	71.8475
332.3	71.8686
332.4	71.89
332.5	71.9105
332.6	71.9314
332.7	71.9524
332.8	71.9734
332.9	71.9943
333	72.0154
333.1	72.0365
333.2	72.0578
333.3	72.0796
333.4	72.1016
333.5	72.1238
333.6	72.1459
333.7	72.1683
333.8	72.1909
333.9	72.2132
334	72.2355
334.1	72.2571
334.2	72.279
334.3	72.3005
334.4	72.3221
334.5	72.3434
334.6	72.3645
334.7	72.3858
334.8	72.4074
334.9	72.4291
335	72.4511
335.1	72.4734
335.2	72.4955
335.3	72.517
335.4	72.5391
335.5	72.5608
335.6	72.5827
335.7	72.6044
335.8	72.6257
335.9	72.6478
336	72.67
336.1	72.6921
336.2	72.7145
336.3	72.7367
336.4	72.7585
336.5	72.7804
336.6	72.8019
336.7	72.8236
336.8	72.8452
336.9	72.8668
337	72.888
337.1	72.9091
337.2	72.9304
337.3	72.9514
337.4	72.9727
337.5	72.994
337.6	73.0155
337.7	73.0368
337.8	73.0577
337.9	73.0788
338	73.0999
338.1	73.1211
338.2	73.1422
338.3	73.1631
338.4	73.1846
338.5	73.2057
338.6	73.2274
338.7	73.2498
338.8	73.2716
338.9	73.2927
339	73.3138
339.1	73.3354
339.2	73.357
339.3	73.3788
339.4	73.4008
339.5	73.4232
339.6	73.4453
339.7	73.4672
339.8	73.4891
339.9	73.5113
340	73.5333
340.1	73.5553
340.2	73.5772
340.3	73.5987
340.4	73.6207
340.5	73.6424
340.6	73.664
340.7	73.6853
340.8	73.7066
340.9	73.7277
341	73.7487
341.1	73.7694
341.2	73.7905
341.3	73.8111
341.4	73.8318
341.5	73.8527
341.6	73.8739
341.7	73.8954
341.8	73.9169
341.9	73.9383
342	73.96
342.1	73.9812
342.2	74.0023
342.3	74.0235
342.4	74.0445
342.5	74.0659
342.6	74.0877
342.7	74.1094
342.8	74.1309
342.9	74.1526
343	74.1738
343.1	74.1956
343.2	74.2171
343.3	74.2388
343.4	74.2606
343.5	74.2823
343.6	74.3035
343.7	74.3251
343.8	74.3467
343.9	74.3686
344	74.3905
344.1	74.4128
344.2	74.4348
344.3	74.4566
344.4	74.4783
344.5	74.4997
344.6	74.5212
344.7	74.5426
344.8	74.5639
344.9	74.5855
345	74.607
345.1	74.6291
345.2	74.6509
345.3	74.6725
345.4	74.6942
345.5	74.7158
345.6	74.7375
345.7	74.7592
345.8	74.7807
345.9	74.8028
346	74.8249
346.1	74.8468
346.2	74.8687
346.3	74.8911
346.4	74.9135
346.5	74.9365
346.6	74.9595
346.7	74.9822
346.8	75.0044
346.9	75.0262
347	75.0482
347.1	75.07
347.2	75.092
347.3	75.1137
347.4	75.1353
347.5	75.1565
347.6	75.1773
347.7	75.1982
347.8	75.219
347.9	75.2399
348	75.261
348.1	75.282
348.2	75.3033
348.3	75.3249
348.4	75.3471
348.5	75.3695
348.6	75.3915
348.7	75.4131
348.8	75.435
348.9	75.4573
349	75.4791
349.1	75.5006
349.2	75.522
349.3	75.5437
349.4	75.5656
349.5	75.5878
349.6	75.6106
349.7	75.6334
349.8	75.6565
349.9	75.6794
350	75.7019
