-1	0
-0.990751	0.0178704
-0.982242	0.0339773
-0.97452	0.04894
-0.967142	0.0630603
-0.960057	0.0761813
-0.953171	0.0887735
-0.946307	0.100771
-0.939264	0.112647
-0.932312	0.124038
-0.925293	0.135035
-0.918218	0.145739
-0.910945	0.156401
-0.903645	0.166553
-0.896402	0.176826
-0.889378	0.187002
-0.882328	0.196977
-0.875354	0.206741
-0.868329	0.216552
-0.861432	0.226008
-0.8544	0.23529
-0.847105	0.244967
-0.83987	0.254632
-0.8325	0.264314
-0.825016	0.273887
-0.817337	0.283532
-0.809712	0.293091
-0.802051	0.302441
-0.794277	0.311946
-0.786508	0.321489
-0.778496	0.331086
-0.770334	0.340747
-0.762082	0.350136
-0.753744	0.359298
-0.74538	0.36826
-0.736741	0.377444
-0.728059	0.386629
-0.719256	0.395866
-0.710577	0.404928
-0.701795	0.413933
-0.693266	0.423002
-0.684339	0.432149
-0.675382	0.440897
-0.666284	0.449557
-0.657405	0.45826
-0.648377	0.466891
-0.639229	0.475532
-0.630066	0.484198
-0.621026	0.492589
-0.611768	0.501082
-0.602384	0.509533
-0.592996	0.51781
-0.583144	0.52603
-0.573418	0.534355
-0.563627	0.542409
-0.553504	0.550433
-0.543426	0.558607
-0.533527	0.566384
-0.523863	0.574013
-0.514013	0.581708
-0.503874	0.58947
-0.493752	0.597261
-0.483615	0.604752
-0.473421	0.612309
-0.46318	0.619644
-0.452763	0.626839
-0.442377	0.633988
-0.432083	0.641084
-0.421952	0.648354
-0.411962	0.655733
-0.401791	0.663347
-0.391535	0.670803
-0.381202	0.678074
-0.370615	0.68534
-0.359873	0.692558
-0.349101	0.699849
-0.338438	0.707011
-0.327829	0.71385
-0.317094	0.720695
-0.306396	0.72754
-0.295652	0.734344
-0.285186	0.74116
-0.274621	0.747819
-0.264043	0.754448
-0.253588	0.761129
-0.243036	0.767807
-0.232448	0.77451
-0.221736	0.78105
-0.211123	0.787491
-0.200426	0.794099
-0.189698	0.800624
-0.179158	0.807035
-0.168324	0.813402
-0.157486	0.819705
-0.146864	0.825985
-0.136249	0.832337
-0.125476	0.838795
-0.114754	0.845208
-0.104171	0.851884
-0.0935323	0.858624
-0.0830914	0.865443
-0.0723779	0.872122
-0.0614307	0.878704
-0.050366	0.885438
-0.0393069	0.892235
-0.027933	0.899025
-0.0162666	0.905823
-0.0047697	0.912484
0.0064508	0.918903
0.0173637	0.925304
0.0281833	0.931761
0.0389365	0.938094
0.0496182	0.944219
0.0602361	0.950181
0.0708258	0.956386
0.0815801	0.96282
0.0920978	0.969424
0.102261	0.976304
0.112399	0.983095
0.122417	0.990067
0.132144	0.996967
0.141928	1.00398
0.151787	1.01099
0.161298	1.01811
0.170759	1.02545
0.179948	1.03281
0.189129	1.03995
0.198515	1.04726
0.20775	1.0548
0.21706	1.06274
0.226064	1.07106
0.235111	1.07907
0.24408	1.08721
0.253013	1.09562
0.261569	1.10409
0.270029	1.11286
0.278513	1.12174
0.286508	1.13085
0.294205	1.14001
0.301908	1.14916
0.309594	1.1584
0.317003	1.16779
0.324416	1.17712
0.331656	1.18654
0.338786	1.1958
0.34619	1.20513
0.353757	1.21458
0.360943	1.22427
0.367936	1.23423
0.374855	1.24428
0.381149	1.25416
0.387325	1.26393
0.393348	1.27377
0.399316	1.28396
0.405189	1.29394
0.411001	1.30411
0.416688	1.31447
0.422162	1.32506
0.427381	1.33596
0.43229	1.34685
0.437029	1.35776
0.441824	1.36886
0.446466	1.37998
0.450982	1.39119
0.455243	1.40236
0.459562	1.41382
0.463559	1.42525
0.467227	1.43681
0.470622	1.44835
0.473794	1.45996
0.476938	1.47161
0.479504	1.48319
0.481901	1.49519
0.484071	1.50734
0.486091	1.51915
0.487813	1.53104
0.489269	1.54277
0.490739	1.55478
0.492032	1.56694
0.493266	1.57897
0.494609	1.59062
0.49568	1.60225
0.496799	1.61415
0.497835	1.6262
0.499161	1.63822
0.500678	1.6504
0.501845	1.66249
0.502965	1.67457
0.504037	1.68689
0.504944	1.69886
0.505841	1.71094
0.506463	1.7233
0.506983	1.73557
0.507438	1.74774
0.507546	1.75968
0.507592	1.77179
0.507153	1.78405
0.506551	1.79646
0.50568	1.80884
0.504524	1.82108
0.503287	1.83314
0.501875	1.84534
0.500432	1.85743
0.498559	1.8693
0.496549	1.88144
0.494299	1.89321
0.491815	1.90492
0.488991	1.91669
0.48591	1.92866
0.482707	1.94069
0.479455	1.95268
0.475995	1.96468
0.472541	1.97628
0.468928	1.98786
0.464958	1.99969
0.460989	2.01116
0.456703	2.02272
0.45249	2.03412
0.44795	2.04556
0.443297	2.05687
0.43845	2.06808
0.433325	2.07953
0.428222	2.09109
0.423034	2.10254
0.417754	2.11398
0.412325	2.12546
0.406438	2.137
0.40065	2.14842
0.395083	2.15976
0.389616	2.17092
0.384076	2.18197
0.37834	2.19314
0.372571	2.20416
0.366517	2.21533
0.360233	2.22652
0.353938	2.23756
0.347237	2.24854
0.340507	2.25922
0.333927	2.2699
0.327437	2.28046
0.320881	2.29101
0.313966	2.30165
0.307003	2.31229
0.299882	2.32302
0.292727	2.33344
0.285495	2.34375
0.278416	2.35383
0.271072	2.36399
0.26327	2.37415
0.255423	2.38435
0.24767	2.39437
0.239692	2.40433
0.231489	2.41396
0.223308	2.42316
0.214918	2.43227
0.20633	2.44152
0.197339	2.4509
0.188343	2.46033
0.17941	2.46957
0.17046	2.47873
0.16171	2.48797
0.153059	2.49718
0.14425	2.50633
0.135172	2.51553
0.125988	2.52483
0.116667	2.53409
0.107531	2.5433
0.0981897	2.55214
0.0886821	2.56094
0.0792531	2.56955
0.0697015	2.5783
0.0599741	2.58698
0.0501432	2.59564
0.0403883	2.60372
0.0305411	2.61184
0.0207038	2.61984
0.0105777	2.62797
0.000323198	2.63593
-0.00976464	2.64381
-0.0196599	2.65162
-0.0290135	2.65944
-0.0384712	2.66746
-0.0477349	2.6757
-0.0568695	2.68406
-0.0657665	2.69221
-0.074551	2.70063
-0.0831278	2.70924
-0.0917508	2.7182
-0.100146	2.72734
-0.108297	2.73632
-0.116463	2.74526
-0.124404	2.75436
-0.132239	2.76354
-0.139925	2.77302
-0.14714	2.78246
-0.154168	2.79192
-0.161204	2.80154
-0.168122	2.81134
-0.174726	2.82133
-0.18152	2.83115
-0.188031	2.84112
-0.194326	2.85133
-0.200424	2.86167
-0.206334	2.87214
-0.212103	2.88305
-0.217851	2.89429
-0.223558	2.90525
-0.229206	2.91634
-0.234578	2.92768
-0.240164	2.93887
-0.245906	2.95007
-0.251681	2.96146
-0.257451	2.97303
-0.262883	2.98465
-0.268325	2.99614
-0.273404	3.00758
-0.278015	3.01898
-0.282323	3.03066
-0.286481	3.04251
-0.290482	3.05444
-0.294328	3.06584
-0.29812	3.07722
-0.301705	3.0887
-0.305013	3.1001
-0.308448	3.11175
-0.311899	3.12345
-0.315097	3.13518
-0.318165	3.1468
-0.320852	3.15854
-0.323543	3.1702
-0.325978	3.18182
-0.328295	3.1937
-0.330227	3.20562
-0.332224	3.21738
-0.33421	3.22918
-0.335989	3.24115
-0.337893	3.25342
-0.339233	3.26559
-0.340578	3.27774
-0.342019	3.29003
-0.343405	3.30281
-0.344548	3.31559
-0.345189	3.32835
-0.345736	3.34084
-0.346296	3.35297
-0.346787	3.36491
-0.347224	3.37711
-0.347233	3.38905
-0.347244	3.40119
-0.347308	3.41356
-0.347119	3.42596
-0.34684	3.43828
-0.346766	3.45073
-0.346343	3.46291
-0.345978	3.47521
-0.34561	3.4874
-0.344859	3.49941
-0.343848	3.51147
-0.342822	3.52378
-0.341541	3.53608
-0.340127	3.54852
-0.338448	3.56062
-0.3364	3.57281
-0.334137	3.58512
-0.331704	3.5969
-0.328837	3.609
-0.32582	3.62124
-0.322423	3.63354
-0.318671	3.64556
-0.314655	3.6576
-0.310556	3.66967
-0.306239	3.68162
-0.301614	3.69341
-0.296681	3.70494
-0.291399	3.7164
-0.286167	3.7278
-0.280599	3.73935
-0.274656	3.7507
-0.26835	3.76223
-0.261946	3.77332
-0.255566	3.78444
-0.249263	3.79549
-0.242885	3.8063
-0.236602	3.81678
-0.230387	3.82723
-0.223902	3.8378
-0.217005	3.84863
-0.209885	3.85939
-0.20249	3.86992
-0.194851	3.88031
-0.186976	3.89033
-0.17905	3.90024
-0.170925	3.91003
-0.162789	3.91957
-0.15487	3.92904
-0.146792	3.93864
-0.138667	3.94802
-0.13068	3.95729
-0.122432	3.96671
-0.114064	3.97608
-0.105286	3.98571
-0.0966096	3.99528
-0.0878388	4.00472
-0.0791273	4.01423
-0.0703528	4.02376
-0.0616408	4.03332
-0.0527948	4.04283
-0.0440305	4.05233
-0.0350948	4.06178
-0.0261191	4.07137
-0.0169312	4.08073
-0.00773276	4.08992
0.00143563	4.09893
0.010276	4.10796
0.0192558	4.11712
0.0283849	4.12623
0.0371976	4.13566
0.0456039	4.14516
0.0540049	4.15438
0.0623414	4.16367
0.0702845	4.17308
0.0782046	4.18242
0.0859911	4.19182
0.0936693	4.20125
0.101449	4.21101
0.109084	4.2211
0.116623	4.2311
0.123957	4.24107
0.131268	4.25087
0.138604	4.26102
0.145708	4.27142
0.153077	4.28162
0.160334	4.29184
0.167374	4.30226
0.174355	4.31299
0.181076	4.32348
0.187815	4.33408
0.194468	4.34473
0.20074	4.35549
0.207152	4.36652
0.213526	4.37776
0.219544	4.38894
0.225119	4.40009
0.230465	4.41142
0.235763	4.42278
0.240944	4.43432
0.24593	4.44592
0.250708	4.45745
0.255376	4.46884
0.259919	4.48045
0.264194	4.49193
0.26833	4.50365
0.27245	4.51533
0.276363	4.52736
0.280078	4.53931
0.284011	4.55149
0.28759	4.56369
0.290717	4.5758
0.293605	4.58778
0.296408	4.60014
0.299176	4.61258
0.301677	4.62483
0.304095	4.63715
0.306463	4.64956
0.308659	4.66183
0.310846	4.67406
0.312758	4.68616
0.314358	4.69854
0.315727	4.71108
0.316986	4.72372
0.318146	4.73618
0.319329	4.7485
0.320292	4.7611
0.321142	4.77362
0.322009	4.7863
0.322898	4.79877
0.323443	4.81098
0.323767	4.82305
0.324006	4.83494
0.323966	4.84664
0.323839	4.85847
0.3235	4.87055
0.322996	4.88263
0.322687	4.8947
0.322144	4.90675
0.321543	4.91898
0.320798	4.93148
0.319767	4.94405
0.31854	4.95694
0.3171	4.96969
0.315583	4.98226
0.314085	4.99505
0.312566	5.00759
0.310878	5.02042
0.308958	5.03321
0.306864	5.04563
0.304718	5.05766
0.302446	5.06964
0.299852	5.08167
0.297211	5.09399
0.294326	5.10618
0.291226	5.11828
0.287498	5.1301
0.283531	5.14169
0.279425	5.15321
0.274973	5.16482
0.270305	5.17651
0.265318	5.18813
0.260024	5.19961
0.254353	5.2108
0.248271	5.22222
0.242177	5.23345
0.235973	5.24472
0.229395	5.25596
0.222937	5.2669
0.216303	5.27781
0.209481	5.2885
0.202633	5.29868
0.195761	5.30883
0.18881	5.31916
0.181816	5.32925
0.174672	5.33943
0.167627	5.34938
0.160481	5.35921
0.153257	5.36895
0.146166	5.37878
0.138806	5.38857
0.131329	5.39845
0.124169	5.40822
0.116603	5.41828
0.108888	5.42818
0.100991	5.43773
0.0929296	5.44717
0.0848567	5.4564
0.076489	5.46558
0.0681019	5.47451
0.0595808	5.48356
0.0506456	5.49283
0.0419757	5.502
0.0332036	5.51128
0.0243431	5.52059
0.0152919	5.53002
0.00610536	5.53952
-0.00299244	5.5488
-0.0122326	5.55809
-0.0214356	5.56693
-0.0305308	5.57577
-0.0396291	5.58451
-0.0488414	5.59305
-0.0575913	5.60163
-0.0663187	5.61024
-0.0749591	5.61903
-0.0834981	5.6279
-0.0918611	5.63673
-0.100155	5.64547
-0.108269	5.65435
-0.116569	5.66343
-0.124697	5.67263
-0.132758	5.68194
-0.140503	5.69159
-0.147818	5.70133
-0.155044	5.71102
-0.16217	5.72075
-0.168904	5.73044
-0.17563	5.7404
-0.18227	5.75039
-0.188558	5.76047
-0.194869	5.77052
-0.201109	5.78043
-0.207269	5.7904
-0.21341	5.80061
-0.219563	5.81103
-0.225443	5.82167
-0.231185	5.83267
-0.236821	5.84381
-0.242128	5.855
-0.247153	5.86599
-0.251963	5.87709
-0.256576	5.88826
-0.261222	5.8994
-0.265969	5.91042
-0.270761	5.92139
-0.275353	5.93248
-0.279857	5.94389
-0.284152	5.95521
-0.288236	5.96681
-0.292358	5.9786
-0.296347	5.9906
-0.300054	6.00229
-0.303733	6.01422
-0.307423	6.02594
-0.310893	6.0378
-0.31435	6.0495
-0.317798	6.06126
-0.321127	6.07285
-0.32431	6.08454
-0.327412	6.09642
-0.33057	6.10844
-0.333515	6.12052
-0.336029	6.13306
-0.33825	6.14547
-0.340154	6.15777
-0.341651	6.17008
-0.342631	6.18243
-0.343294	6.19416
-0.343532	6.20588
-0.343651	6.21783
-0.343605	6.22986
-0.343721	6.24176
-0.343875	6.25381
-0.343753	6.26581
-0.343478	6.27811
-0.343297	6.29038
-0.343105	6.30295
-0.343025	6.31564
-0.342811	6.32844
-0.342288	6.34092
-0.341548	6.35316
-0.340482	6.36529
-0.339176	6.37745
-0.33763	6.38962
-0.336197	6.402
-0.334683	6.41422
-0.332777	6.42654
-0.330563	6.43899
-0.328253	6.4516
-0.325945	6.46399
-0.323719	6.47638
-0.32142	6.48837
-0.318896	6.50009
-0.316246	6.512
-0.313342	6.52368
-0.31038	6.53526
-0.307044	6.54681
-0.303363	6.55854
-0.299597	6.57038
-0.295407	6.5822
-0.291071	6.59395
-0.286761	6.60574
-0.282263	6.61743
-0.277741	6.62909
-0.273208	6.64065
-0.26845	6.65226
-0.263596	6.66394
-0.258783	6.67552
-0.253871	6.68692
-0.248826	6.6981
-0.2435	6.70917
-0.238061	6.72025
-0.232624	6.73131
-0.226948	6.74242
-0.221183	6.75329
-0.21537	6.76397
-0.20922	6.7747
-0.202854	6.7856
-0.196214	6.79657
-0.189703	6.80742
-0.183218	6.81815
-0.176228	6.82869
-0.169154	6.83911
-0.161775	6.8494
-0.154467	6.85976
-0.146905	6.87021
-0.139406	6.88071
-0.131984	6.89118
-0.12455	6.90164
-0.117056	6.91197
-0.109521	6.92206
-0.102008	6.93231
-0.0947176	6.9425
-0.087295	6.95263
-0.080082	6.96257
-0.0727836	6.97229
-0.0651981	6.9822
-0.0573733	6.99213
-0.0494901	7.00195
-0.0416981	7.01171
-0.0337887	7.02136
-0.0260566	7.03074
-0.0181842	7.04017
-0.0100672	7.04971
-0.0016326	7.05921
0.00690164	7.06876
0.0154553	7.07845
0.0240002	7.08787
0.0326241	7.09758
0.0410982	7.10731
0.0493923	7.11704
0.057784	7.12656
0.0661141	7.13637
0.0742057	7.14645
0.0822367	7.15682
0.0901264	7.16689
0.0979677	7.17684
0.105572	7.18659
0.113089	7.19654
0.12043	7.20633
0.127832	7.21638
0.135335	7.22619
0.142816	7.23576
0.150136	7.24553
0.157649	7.25552
0.165008	7.2655
0.172256	7.27554
0.179236	7.28572
0.18605	7.29589
0.192783	7.30588
0.199247	7.31558
0.205642	7.32566
0.211443	7.33578
0.217083	7.34606
0.222374	7.35649
0.22775	7.36698
0.233196	7.37749
0.238603	7.38806
0.243949	7.39874
0.249079	7.40941
0.254097	7.4202
0.259344	7.43119
0.264495	7.4422
0.269413	7.45371
0.273911	7.46509
0.278129	7.47684
0.282392	7.48863
0.286209	7.50062
0.289862	7.51277
0.293682	7.52485
0.297292	7.53661
0.300608	7.54807
0.303703	7.55952
0.306673	7.57114
0.309237	7.58289
0.311577	7.59473
0.313683	7.60665
0.315538	7.61867
0.317448	7.63068
0.319368	7.64284
0.321148	7.65505
0.322644	7.66748
0.323929	7.67999
0.32479	7.69253
0.32558	7.70537
0.32622	7.71813
0.326518	7.73112
0.326675	7.74413
0.326592	7.75699
0.326116	7.76939
0.32555	7.78183
0.325057	7.79394
0.32433	7.80603
0.323452	7.8183
0.322346	7.83078
0.321051	7.84304
0.319661	7.85539
0.317943	7.86769
0.316083	7.87983
0.313902	7.89206
0.311497	7.9043
0.308712	7.91673
0.305859	7.92906
0.302977	7.94146
0.300107	7.95372
0.296853	7.9656
0.293084	7.97731
0.289401	7.98904
0.285324	8.00063
0.28131	8.01231
0.277036	8.0242
0.272776	8.03582
0.268608	8.04719
0.264234	8.05852
0.259681	8.06971
0.254874	8.08097
0.249951	8.09225
0.245064	8.10365
0.239929	8.11521
0.234619	8.12654
0.229299	8.13809
0.223827	8.14963
0.21838	8.16105
0.212779	8.17227
0.206927	8.18361
0.201033	8.19479
0.195053	8.20591
0.188802	8.21717
0.18241	8.22843
0.175956	8.23939
0.169352	8.25014
0.162728	8.2607
0.156103	8.27126
0.149349	8.28168
0.142507	8.29196
0.135336	8.30195
0.127869	8.31199
0.120232	8.3222
0.112402	8.33237
0.104635	8.34236
0.0967129	8.35234
0.0887089	8.36222
0.0807962	8.37202
0.072741	8.38164
0.0647099	8.39124
0.0567368	8.40086
0.0486304	8.41055
0.0403334	8.42033
0.0317387	8.43018
0.0232141	8.43994
0.0146595	8.44928
0.00597291	8.45842
-0.00288318	8.46768
-0.0116933	8.47684
-0.0206673	8.4859
-0.0295638	8.49502
-0.0381864	8.5041
-0.046504	8.51322
-0.0547339	8.52251
-0.0629518	8.53179
-0.0710229	8.54095
-0.079093	8.5502
-0.0870955	8.55947
-0.0949964	8.56896
-0.103061	8.57858
-0.110786	8.58829
-0.118254	8.59791
-0.125778	8.60774
-0.133287	8.61762
-0.140839	8.62757
-0.147916	8.63759
-0.155197	8.64785
-0.162015	8.6584
-0.168489	8.66911
-0.174939	8.67968
-0.181244	8.69024
-0.187431	8.70082
-0.193518	8.7113
-0.199768	8.72183
-0.206121	8.73237
-0.212232	8.74303
-0.218279	8.7541
-0.224092	8.76538
-0.229524	8.77671
-0.234802	8.78771
-0.240046	8.79871
-0.245102	8.80966
-0.250135	8.82074
-0.254939	8.83209
-0.259619	8.84347
-0.264257	8.85492
-0.268718	8.86621
-0.273051	8.87756
-0.277162	8.88903
-0.281243	8.90058
-0.28515	8.91233
-0.289263	8.9241
-0.293084	8.93592
-0.297023	8.94805
-0.300967	8.95997
-0.304811	8.9721
-0.308647	8.98396
-0.312347	8.99577
-0.316004	9.00767
-0.319416	9.01963
-0.322435	9.03152
-0.325171	9.04316
-0.327732	9.05509
-0.330059	9.06692
-0.331756	9.07897
-0.333294	9.09088
-0.334695	9.10271
-0.336235	9.11481
-0.337871	9.12702
-0.339319	9.13923
-0.340681	9.15153
-0.341642	9.16416
-0.342646	9.17669
-0.343368	9.18943
-0.343982	9.20193
-0.344073	9.21449
-0.344217	9.22691
-0.344147	9.23929
-0.344132	9.25162
-0.344243	9.26415
-0.344309	9.27654
-0.344051	9.28901
-0.343785	9.3013
-0.34344	9.31349
-0.343054	9.32553
-0.34231	9.33721
-0.341494	9.3491
-0.340479	9.36114
-0.339147	9.37315
-0.337546	9.38544
-0.335505	9.39745
-0.333211	9.40954
-0.330832	9.42178
-0.328216	9.43397
-0.325208	9.44613
-0.321891	9.4582
-0.318319	9.47035
-0.314696	9.48257
-0.310823	9.49465
-0.306799	9.50652
-0.302807	9.51796
-0.298398	9.52968
-0.293689	9.5411
-0.288784	9.55257
-0.283774	9.56414
-0.278142	9.57579
-0.272227	9.58726
-0.266274	9.59862
-0.260347	9.60993
-0.254328	9.62126
-0.248189	9.63248
-0.242088	9.64341
-0.23572	9.65426
-0.229101	9.66467
-0.222495	9.67522
-0.215547	9.68568
-0.208563	9.69583
-0.201174	9.70594
-0.193557	9.71571
-0.185928	9.72534
-0.178441	9.7348
-0.170739	9.74413
-0.162911	9.75334
-0.154595	9.76272
-0.145791	9.77224
-0.137263	9.78143
-0.128462	9.79059
-0.119785	9.79978
-0.111048	9.80868
-0.101932	9.81746
-0.0927302	9.82612
-0.0835377	9.83469
-0.0744108	9.84331
-0.0649951	9.85196
-0.0554209	9.86037
-0.0457783	9.86826
-0.0359092	9.87595
-0.0259604	9.88367
-0.0161697	9.89122
-0.00647289	9.89865
0.00341247	9.90621
0.0130647	9.91386
0.0223133	9.92147
0.0316459	9.92895
0.040596	9.93642
0.0497094	9.9442
0.058772	9.9521
0.0677484	9.96017
0.0764056	9.96861
0.0850889	9.9773
0.0938458	9.98594
0.102529	9.9946
0.111249	10.0032
0.119919	10.0119
0.128257	10.0208
0.136538	10.0295
0.14482	10.0385
0.152919	10.0476
0.161158	10.057
0.169206	10.0666
0.177201	10.0763
0.184938	10.0862
0.192578	10.0961
0.200189	10.106
0.207705	10.1158
0.214989	10.1257
0.222205	10.1356
0.229142	10.1458
0.236016	10.1558
0.242619	10.1662
0.249169	10.1767
0.255486	10.1871
0.261803	10.1978
0.268079	10.2083
0.274162	10.2189
0.280382	10.2297
0.286249	10.2403
0.291723	10.2509
0.296977	10.2617
0.302209	10.2728
0.307341	10.2837
0.312278	10.2948
0.317363	10.306
0.322437	10.3171
0.327444	10.3282
0.332216	10.3393
0.336706	10.3503
0.34123	10.3612
0.345636	10.3721
0.349945	10.3829
0.354129	10.394
0.358022	10.4051
0.361716	10.4165
0.364975	10.428
0.368154	10.4395
0.371125	10.4509
0.373417	10.4623
0.375783	10.474
0.377906	10.4859
0.379936	10.4979
0.38154	10.5096
0.382941	10.5215
0.38452	10.5332
0.385977	10.5454
0.38723	10.5577
0.388413	10.57
0.389316	10.5823
0.389996	10.5947
0.390364	10.6071
0.390476	10.6198
0.390621	10.6323
0.39037	10.6449
0.390122	10.6573
0.389955	10.6697
0.390019	10.6821
0.389782	10.6947
0.389644	10.7071
0.38957	10.7197
0.389405	10.7321
0.389161	10.7446
0.388642	10.7572
0.388213	10.7699
0.387675	10.7824
0.387177	10.7952
0.386611	10.808
0.385925	10.8208
0.385114	10.8331
0.383895	10.8457
0.382598	10.8583
0.380836	10.8708
0.378925	10.8834
0.376905	10.896
0.374759	10.9085
0.372845	10.9212
0.37097	10.934
0.369044	10.9465
0.36684	10.9588
0.364638	10.9709
0.362473	10.9828
0.36023	10.9949
0.357967	11.0071
0.355239	11.0191
0.352261	11.0314
0.349555	11.0436
0.346828	11.0558
0.344076	11.0684
0.341288	11.0808
0.338568	11.0934
0.335714	11.106
0.332577	11.1184
0.329314	11.1308
0.326367	11.143
0.323396	11.1554
0.320196	11.1678
0.316948	11.1801
0.313367	11.1927
0.30994	11.2052
0.306311	11.2175
0.302484	11.23
0.298699	11.2422
0.294761	11.2546
0.290495	11.2667
0.286315	11.2788
0.28175	11.2911
0.277004	11.3032
0.271886	11.3151
0.266649	11.3269
0.261367	11.3387
0.2562	11.3505
0.250844	11.362
0.245313	11.3737
0.239683	11.3854
0.233936	11.3967
0.227994	11.4076
0.222003	11.4187
0.215923	11.4295
0.210163	11.4409
0.204387	11.4521
0.198504	11.4632
0.19254	11.4742
0.186555	11.4848
0.180403	11.4957
0.174225	11.5065
0.168072	11.5173
0.161578	11.5281
0.155241	11.5389
0.149239	11.5496
0.143219	11.5604
0.137084	11.5711
0.131145	11.5818
0.124884	11.5926
0.118528	11.6031
0.111912	11.6137
0.105128	11.6244
0.0982418	11.6352
0.0914885	11.6456
0.084642	11.6558
0.0777091	11.6658
0.0706024	11.6758
0.0632568	11.686
0.0558681	11.696
0.0483164	11.7059
0.0408816	11.7158
0.0330965	11.7253
0.0254243	11.7346
0.0173569	11.744
0.00918097	11.7533
0.000979682	11.7627
-0.0073137	11.772
-0.0154909	11.7812
-0.0235563	11.7904
-0.0315088	11.7999
-0.0391045	11.8094
-0.0465748	11.8189
-0.0537774	11.8287
-0.06088	11.8387
-0.0680048	11.8489
-0.0749212	11.8592
-0.0817354	11.8697
-0.0883493	11.8803
-0.0947617	11.8907
-0.101219	11.9012
-0.107587	11.912
-0.113822	11.9227
-0.119505	11.9337
-0.125253	11.9448
-0.13093	11.9559
-0.136323	11.9668
-0.141782	11.9777
-0.146955	11.9887
-0.15219	11.9999
-0.15734	12.011
-0.162533	12.0224
-0.167709	12.0339
-0.172578	12.0455
-0.17732	12.0571
-0.182035	12.0687
-0.186894	12.0805
-0.191563	12.0923
-0.195991	12.104
-0.200514	12.1156
-0.204762	12.127
-0.208982	12.1384
-0.212892	12.1498
-0.216626	12.1616
-0.220222	12.1735
-0.223543	12.1855
-0.226823	12.1978
-0.229961	12.2099
-0.232627	12.2219
-0.235127	12.2334
-0.237339	12.245
-0.239397	12.2567
-0.241025	12.2683
-0.242237	12.2802
-0.243346	12.292
-0.244092	12.3039
-0.244481	12.3161
-0.244742	12.3285
-0.244841	12.3404
-0.244775	12.3523
-0.244658	12.3645
-0.24422	12.3767
-0.243295	12.3889
-0.242232	12.4011
-0.240983	12.4132
-0.239438	12.4254
-0.237695	12.4375
-0.235754	12.4499
-0.233712	12.4621
-0.231381	12.4741
-0.228914	12.4859
-0.226098	12.4976
-0.223084	12.5092
-0.220028	12.5208
-0.216737	12.5327
-0.213362	12.5445
-0.209463	12.5564
-0.205516	12.5683
-0.201203	12.5801
-0.196482	12.5916
-0.191334	12.603
-0.185934	12.6143
-0.179919	12.6255
-0.173912	12.6365
-0.167825	12.6478
-0.16171	12.6587
-0.155624	12.6698
-0.149328	12.6808
-0.142963	12.6919
-0.136533	12.7027
-0.130121	12.7137
-0.123658	12.7248
-0.117117	12.7358
-0.110369	12.7468
-0.103638	12.7576
-0.0969199	12.7684
-0.0900535	12.7793
-0.0830212	12.7902
-0.0758927	12.8009
-0.0684808	12.8116
-0.061174	12.8224
-0.0536631	12.833
-0.0461226	12.8435
-0.0385184	12.8537
-0.0307537	12.8638
-0.0229067	12.8735
-0.0147711	12.8832
-0.00652163	12.8928
0.00198154	12.9022
0.0101518	12.9117
0.0183515	12.921
0.0264064	12.9307
0.0345633	12.9405
0.042532	12.9503
0.0504023	12.9605
0.0580221	12.9704
0.0655912	12.9803
0.0730168	12.9903
0.080133	13.0005
0.0871431	13.0107
0.0938848	13.0207
0.100458	13.0306
0.106716	13.0409
0.112834	13.0515
0.11889	13.0623
0.124821	13.0731
0.130617	13.084
0.136216	13.0951
0.141457	13.1061
0.146883	13.1174
0.152391	13.1288
0.158024	13.1402
0.163265	13.1514
0.168399	13.1626
0.17324	13.1734
0.178024	13.1845
0.182502	13.1958
0.186947	13.2071
0.191164	13.2186
0.195617	13.23
0.199915	13.2414
0.204265	13.2531
0.208631	13.2649
0.212907	13.2768
0.216843	13.2886
0.220571	13.3004
0.224333	13.3124
0.227735	13.3243
0.23107	13.3363
0.234216	13.3481
0.237155	13.36
0.239767	13.3719
0.242258	13.3838
0.244439	13.3958
0.246618	13.4077
0.248599	13.4196
0.250279	13.4315
0.251645	13.4433
0.252329	13.4552
0.252689	13.4672
0.253039	13.4791
0.253512	13.491
0.2538	13.5031
0.253888	13.5152
0.253704	13.5275
0.253264	13.5399
0.252595	13.5525
0.251524	13.5651
0.250298	13.5777
0.248911	13.5902
0.247434	13.6024
0.245692	13.6147
0.243998	13.6269
0.242101	13.6389
0.240029	13.6508
0.237874	13.6629
0.235382	13.6749
0.232621	13.6868
0.229621	13.6989
0.22632	13.7111
0.22312	13.7228
0.219862	13.7348
0.216458	13.7468
0.212723	13.7593
0.208983	13.7714
0.20515	13.7835
0.201123	13.7956
0.197233	13.8077
0.193206	13.8197
0.188923	13.8318
0.184496	13.8437
0.179845	13.8557
0.174947	13.8676
0.169737	13.8796
0.164631	13.8914
0.159373	13.9032
0.153705	13.9151
0.14784	13.9265
0.141871	13.9381
0.135906	13.9494
0.130359	13.9604
0.124893	13.9713
0.119532	13.9825
0.113786	13.9936
0.108103	14.0047
0.102654	14.0159
0.0970416	14.0272
0.0913973	14.0383
0.0853789	14.0496
0.0794388	14.0605
0.0737124	14.0715
0.067542	14.0826
0.0615937	14.0934
0.055318	14.1041
0.0487849	14.1147
0.0421541	14.1254
0.0352691	14.1364
0.0283243	14.1472
0.0214471	14.1577
0.0142679	14.1683
0.00707019	14.1789
-0.000259172	14.1897
-0.00729326	14.2004
-0.0141543	14.2111
-0.0209074	14.2218
-0.0273	14.2325
-0.0336079	14.2434
-0.0398666	14.2541
-0.0461473	14.2652
-0.0522312	14.2762
-0.0580459	14.2874
-0.0638128	14.2985
-0.0690976	14.3099
-0.0742775	14.3213
-0.0793474	14.3328
-0.0842659	14.3443
-0.0889471	14.3557
-0.0934864	14.3674
-0.0979133	14.3793
-0.102057	14.3915
-0.106054	14.4037
-0.109819	14.4158
-0.113279	14.4278
-0.116415	14.4397
-0.119356	14.4516
-0.122129	14.4634
-0.124872	14.4752
-0.127509	14.4873
-0.129918	14.4994
-0.132015	14.5117
-0.13386	14.5239
-0.135579	14.5362
-0.136753	14.5484
-0.137838	14.5604
-0.138916	14.5723
-0.139822	14.5841
-0.140612	14.5958
-0.141099	14.6076
-0.141332	14.6196
-0.141321	14.632
-0.140875	14.6445
-0.140026	14.6574
-0.139084	14.67
-0.13802	14.6827
-0.13701	14.6954
-0.135726	14.7079
-0.13457	14.7204
-0.133314	14.7331
-0.131897	14.7458
-0.130317	14.7584
-0.128625	14.7709
-0.126363	14.7833
-0.123966	14.7958
-0.121471	14.8081
-0.118736	14.8203
-0.115617	14.8326
-0.11245	14.8445
-0.109343	14.8561
-0.106008	14.8676
-0.102518	14.879
-0.0987114	14.8906
-0.0946689	14.902
-0.0906897	14.9134
-0.0865045	14.9253
-0.082124	14.9371
-0.0777105	14.9486
-0.0730653	14.9601
-0.0684208	14.9714
-0.0636963	14.9826
-0.0586983	14.9939
-0.0538033	15.005
-0.0486578	15.0163
-0.0436314	15.0277
-0.0384504	15.039
-0.0332403	15.0505
-0.0278971	15.0621
-0.0223663	15.0734
-0.0165973	15.0845
-0.0108972	15.0956
-0.00504704	15.1068
0.000899226	15.1178
0.00692325	15.129
0.0127294	15.1404
0.0182988	15.1519
0.0237553	15.1637
0.029052	15.1755
0.0341242	15.1871
0.039226	15.1987
0.0439867	15.2101
0.0482794	15.2217
0.0524594	15.2333
0.0564809	15.2449
0.0601439	15.2562
0.0635532	15.2675
0.0669175	15.2792
0.0698802	15.291
0.0726165	15.3028
0.074828	15.3146
0.0770021	15.3267
0.0788566	15.339
0.080669	15.3514
0.0824488	15.3638
0.0842131	15.3764
0.0859411	15.3892
0.0874111	15.4016
0.0884106	15.4142
0.0893414	15.4269
0.0899424	15.4397
0.0907153	15.4523
0.0910419	15.4647
0.0911812	15.4777
0.0914278	15.4904
0.0915081	15.5031
0.0912519	15.5157
0.0908679	15.5286
0.0904602	15.5412
0.0897486	15.5537
0.0885163	15.5664
0.0868755	15.579
0.0849109	15.5915
0.0830158	15.6041
0.0809052	15.6167
0.0787821	15.6291
0.0762218	15.6414
0.0735067	15.6537
0.0708796	15.6663
0.06779	15.6791
0.064648	15.692
0.0614228	15.7045
0.0579539	15.7171
0.0543447	15.7295
0.0507713	15.7418
0.047085	15.7542
0.0430053	15.7663
0.0385659	15.7786
0.0338573	15.7908
0.0291943	15.8028
0.0245478	15.8146
0.0199919	15.8265
0.0151531	15.8385
0.0101885	15.8502
0.00490657	15.862
-0.000478309	15.8739
-0.00556117	15.8859
-0.0105836	15.8978
-0.0155129	15.9096
-0.020137	15.9213
-0.0247442	15.9329
-0.0292259	15.9446
-0.0334301	15.9562
-0.0376076	15.9681
-0.0416463	15.9802
-0.0454699	15.9923
-0.0489912	16.0044
-0.0520033	16.0163
-0.054763	16.0285
-0.0575702	16.0408
-0.0604881	16.0531
-0.0632551	16.0653
-0.0659328	16.0777
-0.0683656	16.0902
-0.0706132	16.1026
-0.0727616	16.1148
-0.0747906	16.1273
-0.0766291	16.1396
-0.07827	16.1522
-0.079888	16.1645
-0.0814906	16.1766
-0.0827728	16.1891
-0.0840085	16.2015
-0.0850263	16.214
-0.0858351	16.2266
-0.086629	16.2392
-0.0875066	16.2514
-0.0883008	16.2635
-0.0886854	16.2758
-0.0886611	16.2883
-0.0882825	16.3011
-0.0875436	16.314
-0.08674	16.3267
-0.0856615	16.3395
-0.0843845	16.3521
-0.082902	16.3646
-0.0812653	16.3772
-0.0795504	16.3899
-0.0778321	16.4023
-0.0762405	16.4149
-0.0746675	16.4271
-0.072709	16.4394
-0.0704189	16.4517
-0.0678764	16.464
-0.065314	16.4765
-0.0625634	16.4889
-0.0599247	16.5011
-0.0573032	16.5133
-0.0544144	16.5254
-0.0510852	16.5374
-0.0475881	16.5493
-0.0437246	16.5612
-0.039552	16.5733
-0.0353817	16.5854
-0.0310719	16.5974
-0.0267443	16.6094
-0.0222313	16.6212
-0.0177006	16.6328
-0.0131471	16.6444
-0.00823772	16.6563
-0.00310544	16.6681
0.00238295	16.68
0.00769213	16.6918
0.012672	16.7031
0.017572	16.7145
0.0222517	16.7257
0.0268219	16.7374
0.0309787	16.7492
0.0351044	16.7611
0.0388989	16.773
0.0425319	16.7847
0.0460108	16.7963
0.0492839	16.8082
0.0522643	16.82
0.0549832	16.832
0.0576447	16.844
0.0604226	16.8561
0.0630162	16.8684
0.0652762	16.8808
0.0674429	16.8931
0.0694102	16.9057
0.071264	16.9182
0.0730449	16.9307
0.0751039	16.9432
0.076881	16.9557
0.0784951	16.9682
0.0798318	16.9805
0.0811793	16.9928
0.082252	17.0051
0.0833174	17.0177
0.0843048	17.0303
0.0848699	17.0427
0.0852028	17.0551
0.0856638	17.0678
0.085878	17.0803
0.0859546	17.0928
0.0857249	17.1053
0.0855327	17.118
0.0852383	17.1308
0.0849165	17.1437
0.0846001	17.1569
0.083983	17.1699
0.0833148	17.1829
0.0824228	17.1958
0.0814072	17.2084
0.0804139	17.221
0.0792768	17.2335
0.077911	17.246
0.0766813	17.2583
0.0753761	17.2707
0.0736621	17.2831
0.0717945	17.2951
0.0698028	17.3072
0.0674616	17.3195
0.0651437	17.3319
0.0627545	17.3445
0.0599427	17.3569
0.0569462	17.369
0.0539493	17.3812
0.0510255	17.3933
0.0480413	17.4055
0.0448497	17.4177
0.0416028	17.43
0.0381165	17.442
0.0345147	17.4541
0.0309071	17.4661
0.0271864	17.4783
0.0234339	17.4903
0.0198859	17.502
0.0161758	17.5138
0.0123176	17.5259
0.00810462	17.5378
0.00360638	17.5494
-0.000925894	17.5611
-0.00542583	17.5728
-0.00959558	17.5847
-0.0136443	17.5965
-0.0174629	17.6085
-0.0209786	17.6205
-0.0243466	17.6326
-0.0276674	17.6448
-0.0308182	17.6573
-0.0337346	17.6699
-0.0362116	17.6827
-0.0385406	17.6953
-0.0406099	17.7078
-0.042586	17.7203
-0.0443161	17.7326
-0.0456528	17.745
-0.0466846	17.7575
-0.0477715	17.7699
-0.0487278	17.7824
-0.0496261	17.7948
-0.050491	17.8073
-0.0508144	17.8196
-0.0509678	17.8323
-0.0509616	17.845
-0.0505914	17.8575
-0.0499486	17.87
-0.0490896	17.8823
-0.0479919	17.8947
-0.0467221	17.9069
-0.0452728	17.919
-0.0436232	17.9312
-0.042013	17.9436
-0.0405331	17.9559
-0.0388028	17.9681
-0.0369457	17.9806
-0.0348143	17.993
-0.0326326	18.0055
-0.0301778	18.0181
-0.0276102	18.0302
-0.0252	18.0425
-0.0226725	18.0551
-0.0202462	18.0678
-0.0174329	18.0802
-0.0144576	18.0924
-0.0112328	18.1046
-0.00762469	18.1167
-0.00384888	18.1289
0.000266159	18.1412
0.00428194	18.1536
0.00822124	18.1659
0.011921	18.1782
0.0154985	18.1904
0.0191177	18.2026
0.0225263	18.2146
0.0255838	18.2266
0.0284166	18.2383
0.0309101	18.2506
0.0334666	18.2629
0.0357005	18.2754
0.0379019	18.2878
0.0398964	18.3
0.0418055	18.312
0.0436667	18.3241
0.045571	18.3361
0.047057	18.3483
0.0482665	18.3604
0.0490526	18.3726
0.0496939	18.3846
0.0501326	18.3968
0.0502189	18.409
0.0503852	18.4211
0.0503787	18.4331
0.0502908	18.445
0.049874	18.457
0.0492196	18.4692
0.0485092	18.4815
0.0476623	18.4939
0.0466828	18.5064
0.0454134	18.5189
0.0439424	18.5315
0.0422413	18.544
0.0403276	18.5562
0.0380971	18.5684
0.0356732	18.5808
0.0331707	18.593
0.0303756	18.6052
0.0274819	18.6174
0.024232	18.6294
0.0208541	18.6415
0.0175344	18.6537
0.0141668	18.6658
0.0108901	18.6778
0.0075267	18.69
0.00425278	18.702
0.000893576	18.7143
-0.00235723	18.7263
-0.00545077	18.7388
-0.00844323	18.7512
-0.0114033	18.7635
-0.0143056	18.7757
-0.0167814	18.7881
-0.0192435	18.8006
-0.021565	18.8128
-0.0236823	18.8249
-0.0253318	18.837
-0.0266604	18.8491
-0.0275633	18.8612
-0.0283193	18.8732
-0.0291549	18.8854
-0.0299492	18.8978
-0.0305801	18.9099
-0.031071	18.9222
-0.0314734	18.9345
-0.0314318	18.9468
-0.0311833	18.9592
-0.0310523	18.9716
-0.0308403	18.984
-0.030238	18.9963
-0.0294207	19.0086
-0.0282567	19.021
-0.0269122	19.0336
-0.0254424	19.0462
-0.023798	19.0589
-0.0220498	19.0714
-0.0202701	19.084
-0.0182546	19.0963
-0.0162932	19.1085
-0.0143579	19.1205
-0.0120963	19.1326
-0.00969171	19.1446
-0.00703229	19.157
-0.00449457	19.1695
-0.00208307	19.182
0.000661971	19.1947
0.00321202	19.2075
0.00582143	19.2203
0.00827513	19.233
0.0104191	19.2458
0.0119899	19.259
0.0131945	19.2719
0.014113	19.2844
0.0148916	19.2968
0.0156002	19.3092
0.0157083	19.3215
0.0154676	19.3341
0.0151746	19.3466
0.0147241	19.3593
0.0141775	19.3717
0.0136731	19.3844
0.0128285	19.397
0.0121579	19.4096
0.0112124	19.422
0.00999529	19.4344
0.00859582	19.4471
0.00679301	19.4599
0.00515501	19.4725
0.00334545	19.4852
0.00163281	19.4979
-0.00016966	19.5105
-0.00188574	19.5228
-0.00366921	19.5351
-0.00521386	19.5473
-0.00661237	19.5594
-0.00784235	19.5716
-0.00873222	19.5837
-0.00944267	19.5961
-0.00993419	19.6084
-0.0103628	19.621
-0.0103779	19.6333
-0.0101716	19.6456
-0.00963674	19.6579
-0.00899503	19.6702
-0.00782756	19.6825
-0.0064601	19.6946
-0.00499082	19.7065
-0.00345204	19.7184
-0.0020015	19.7302
-0.000630141	19.7422
0.000845515	19.7542
0.00207536	19.7663
0.00319043	19.7782
0.00395521	19.7905
0.00494281	19.8026
0.00577942	19.8148
0.00649997	19.827
0.00708576	19.8394
0.00744998	19.8519
0.00794969	19.8645
0.00808107	19.8775
0.00819953	19.8902
0.0081527	19.9029
0.00807361	19.9155
0.00770334	19.9279
0.00722684	19.9402
0.00680801	19.9525
0.00594572	19.9648
0.00493582	19.9772
0.00381943	19.9896
0.00234171	20.0022
0.000859148	20.0149
-0.000599898	20.0274
-0.00181099	20.0399
-0.0027597	20.0527
-0.0034215	20.0654
-0.00411942	20.078
-0.00466186	20.0907
-0.00509864	20.1032
-0.00511662	20.1157
-0.00500732	20.1283
-0.00473838	20.1408
-0.00463615	20.1535
-0.00466059	20.1664
-0.00433752	20.1793
-0.00385385	20.1923
-0.00329148	20.2053
-0.00254979	20.2182
-0.00161548	20.2312
-0.000484944	20.2441
0.000576927	20.2569
0.00133487	20.2695
0.00194371	20.2816
0.00224854	20.2937
0.00253682	20.306
0.00273223	20.3184
0.00271453	20.3309
0.00227173	20.3437
0.00159701	20.3563
0.000712235	20.3692
-0.000361555	20.382
-0.00129495	20.3948
-0.00202478	20.4077
-0.00241015	20.4203
-0.00258952	20.4329
-0.0025323	20.4454
-0.00236758	20.4581
-0.00187387	20.4706
-0.00131747	20.4831
-0.00068505	20.4953
0.000119742	20.5077
0.000882553	20.5205
0.00134602	20.5329
0.00148762	20.5455
0.00142468	20.5583
0.0013434	20.571
0.00108534	20.5839
0.000505018	20.5968
-0.000549193	20.6097
-0.00126316	20.6225
-0.00198182	20.6352
-0.0025012	20.6479
-0.0030047	20.6608
-0.0034447	20.6736
-0.00357763	20.6866
-0.00372639	20.6995
-0.00351773	20.7123
-0.00328237	20.725
-0.00296695	20.7376
-0.00259687	20.75
-0.00209355	20.7625
-0.00156791	20.7749
-0.000841652	20.7872
9.04258e-05	20.7998
0.000852407	20.8124
0.00141358	20.825
0.00163369	20.8376
0.00146718	20.8503
0.00132293	20.8628
0.000956388	20.8754
0.00065506	20.8882
0.000296223	20.901
-0.000224684	20.914
-0.000496602	20.9265
-0.000716261	20.939
-0.00080828	20.9514
-0.000770134	20.9638
-0.000443757	20.9762
0.000184165	20.9885
0.000277023	21.0008
0.000411444	21.013
0.000384114	21.0252
0.000459281	21.0378
0.0004501	21.0503
0.000225595	21.0628
-0.000100679	21.0751
-0.00025094	21.0874
-0.000293607	21.0996
-0.00058157	21.1118
-0.000515288	21.1239
-0.000273387	21.136
8.14451e-05	21.148
0.000152976	21.16
9.4261e-05	21.1724
-0.000360919	21.185
-0.000722635	21.1977
-0.000832644	21.2104
-0.00113357	21.2233
-0.00121038	21.2361
-0.00101898	21.2487
-0.000902945	21.2613
-0.000427958	21.2739
-5.84192e-07	21.2866
0.000460308	21.2989
0.000805252	21.3109
0.000926328	21.3229
0.000816733	21.3351
0.000430931	21.3472
-0.000208335	21.3596
-0.000620905	21.3718
-0.00105853	21.384
-0.00114461	21.3961
-0.00105909	21.4081
-0.000812374	21.4204
-0.000460313	21.4328
0.000182053	21.4453
0.000641943	21.4579
0.00111037	21.4703
0.00138891	21.4829
0.00136784	21.4957
0.00122482	21.5082
0.000968966	21.5205
0.000388361	21.5332
-0.000570348	21.5461
-0.00133359	21.5587
-0.00176229	21.5716
-0.00189862	21.5845
-0.00180789	21.5973
-0.00174516	21.61
-0.00164363	21.6227
-0.0012405	21.6353
-0.00076424	21.6479
0.000153841	21.6602
0.00106128	21.6729
0.00181595	21.6854
0.00242786	21.6979
0.0026724	21.7105
0.00270775	21.723
0.00270917	21.7356
0.00239621	21.7482
0.00195622	21.7607
0.00142206	21.7733
0.00046069	21.7859
-0.000454761	21.7986
-0.00108664	21.8113
-0.00161044	21.824
-0.00173345	21.8368
-0.00196689	21.8494
-0.00175141	21.862
-0.0012659	21.8746
-0.000436086	21.8872
0.000475812	21.8996
0.000969535	21.9122
0.000861014	21.9249
0.000333988	21.9377
-0.000211228	21.9501
-0.0007778	21.9626
-0.00103485	21.9752
-0.00111575	21.9878
-0.00130888	22.0006
-0.00139286	22.0133
-0.00109467	22.0263
-0.000682241	22.0393
-0.000226485	22.0521
0.000355941	22.0647
0.000881654	22.0774
0.00131537	22.0903
0.00178635	22.1031
0.00205104	22.1157
0.00200395	22.1282
0.0018939	22.141
0.00169768	22.154
0.00142055	22.167
0.00105649	22.1796
0.000601065	22.1921
2.3549e-07	22.2047
-0.000826052	22.2176
-0.00163643	22.2303
-0.00227224	22.2432
-0.00288406	22.2561
-0.00334632	22.2687
-0.00389898	22.2814
-0.00409411	22.2938
-0.00413792	22.3059
-0.00421364	22.3184
-0.00388097	22.3308
-0.00348046	22.3434
-0.00268704	22.3559
-0.00189076	22.3685
-0.00115167	22.3809
-0.000419626	22.3931
0.000360538	22.4054
0.000628853	22.4175
0.000620264	22.4297
0.000499939	22.442
0.000432533	22.4546
-0.000162102	22.4673
-0.000278672	22.4799
-0.000310705	22.4924
-0.000270656	22.5049
-0.000136284	22.5171
4.82636e-05	22.529
8.92071e-05	22.5412
-0.000330742	22.5537
-0.000710765	22.5662
-0.000857589	22.579
-0.000416885	22.5915
0.00010394	22.604
0.000702701	22.6167
0.000918595	22.6294
0.000933726	22.642
0.00079815	22.6548
0.000604519	22.6674
0.000316405	22.6803
-1.31344e-05	22.6932
-0.000138279	22.7062
6.47209e-05	22.719
-5.49541e-05	22.7318
0.000142043	22.7445
0.000192915	22.7572
0.000148756	22.7697
-2.02925e-05	22.7821
-0.000330497	22.7947
-0.000508399	22.8074
-0.00059518	22.82
-0.000677585	22.8326
-0.000759957	22.8448
-0.00108972	22.857
-0.00103925	22.8694
-0.000639298	22.8819
4.97698e-05	22.8945
0.000577986	22.9071
0.000849811	22.9197
0.000735607	22.9323
0.000662583	22.9448
0.000436977	22.9577
-0.000102962	22.9708
-0.000742264	22.9838
-0.00139804	22.9967
-0.00200766	23.0094
-0.00214864	23.0221
-0.00215317	23.0349
-0.00199024	23.0479
-0.00149312	23.0606
-0.000831197	23.0734
9.46108e-05	23.0861
0.000919416	23.0986
0.00152232	23.1108
0.00174464	23.1231
0.00219874	23.135
0.00249064	23.1472
0.00268151	23.1596
0.00258981	23.172
0.00187178	23.1844
0.0011383	23.197
0.000247549	23.2095
-0.000985918	23.2219
-0.00194642	23.2344
-0.00286512	23.247
-0.00336607	23.2597
-0.00371802	23.2722
-0.00415935	23.2846
-0.00427469	23.2971
-0.00433643	23.3095
-0.00416241	23.3219
-0.00372635	23.3344
-0.00285705	23.3471
-0.00218257	23.3599
-0.00146554	23.3728
-0.000801938	23.3857
-6.09199e-05	23.3984
0.000547152	23.411
0.000793393	23.4239
0.00102743	23.4368
0.00115765	23.4498
0.00102493	23.4629
0.000702466	23.476
0.000396481	23.4893
-7.36261e-05	23.5026
-0.00042415	23.5156
-0.000620484	23.5288
-0.000651549	23.5421
-0.000554799	23.5556
-0.000207733	23.5687
0.000243693	23.5815
0.000895731	23.5942
0.000850642	23.6066
0.000839431	23.619
0.000454647	23.6315
-2.3167e-05	23.644
-0.000325829	23.6568
-0.000426308	23.6694
-0.000581264	23.6821
-0.000576824	23.6951
-2.05306e-05	23.7079
0.000305762	23.7207
0.00028161	23.7333
-0.000116436	23.7457
-0.000315782	23.7582
-0.000170052	23.7707
0.000211018	23.7832
0.00051182	23.7955
0.000421163	23.8077
0.000457638	23.8202
0.000234002	23.8327
-0.000283851	23.8453
-0.000654484	23.858
-0.000720945	23.8708
-0.00106721	23.8833
-0.00138763	23.8956
-0.00165076	23.908
-0.00195778	23.9203
-0.00216879	23.9328
-0.00210076	23.9452
-0.00196451	23.9579
-0.00157514	23.9705
-0.000874577	23.983
0.000107817	23.9955
0.000966922	24.0081
0.00166062	24.0207
0.00234442	24.0333
0.00305783	24.0458
0.00381288	24.0584
0.00436212	24.0713
0.0047019	24.0843
0.00485331	24.0969
0.00467946	24.1097
0.00417374	24.1223
0.00326111	24.1348
0.00233992	24.1471
0.00134089	24.1594
7.1984e-05	24.1715
-0.00109492	24.1836
-0.00219668	24.1959
-0.0031357	24.2083
-0.00361491	24.2207
-0.00375972	24.233
-0.00348773	24.2454
-0.0030854	24.2578
-0.00230822	24.2702
-0.0017189	24.2827
-0.000718691	24.2953
0.000530233	24.3079
0.00194602	24.3206
0.00314169	24.3332
0.00425443	24.3458
0.00517424	24.3585
0.00584968	24.3712
0.00613958	24.3841
0.00615615	24.3971
0.00614745	24.4104
0.00625693	24.4235
0.00628169	24.4366
0.0057807	24.4494
0.00491679	24.4622
0.00383538	24.4748
0.00220678	24.4877
0.000468666	24.5005
-0.00156346	24.5131
-0.00367666	24.5256
-0.00575565	24.538
-0.00773555	24.5503
-0.00958188	24.5626
-0.011424	24.575
-0.0129131	24.5875
-0.0142693	24.5998
-0.0156044	24.6122
-0.0169653	24.6245
-0.0182089	24.637
-0.01904	24.6493
-0.0197434	24.6615
-0.0199305	24.6735
-0.0202435	24.6859
-0.0206545	24.6979
-0.0204898	24.7101
-0.0202893	24.7224
-0.0199612	24.735
-0.0196018	24.7473
-0.0191025	24.7597
-0.0182866	24.7719
-0.0173505	24.7841
-0.0161609	24.7963
-0.0149892	24.8087
-0.0134606	24.8214
-0.0117328	24.8338
-0.00970693	24.8463
-0.00745854	24.8588
-0.00520711	24.8714
-0.00260446	24.8843
0.000105656	24.897
0.00265409	24.9096
0.00503431	24.922
0.00703118	24.9342
0.00890407	24.9464
0.0106345	24.9589
0.0120773	24.9713
0.0134096	24.9835
0.0144801	24.9955
0.0155101	25.0078
0.0162752	25.0202
0.0170621	25.0327
0.0175487	25.0452
0.0179509	25.0574
0.0185636	25.0698
0.0188366	25.0824
0.0189284	25.0951
0.0191328	25.1077
0.0192567	25.1203
0.0193325	25.133
0.019413	25.1457
0.0190286	25.1584
0.0183971	25.171
0.0175993	25.1836
0.0170325	25.1962
0.016264	25.2088
0.015439	25.2215
0.014612	25.234
0.0136146	25.2464
0.0121542	25.2588
0.0106966	25.2712
0.00900237	25.2834
0.00725532	25.2956
0.00553558	25.3083
0.00358008	25.3205
0.00163927	25.3327
-0.000391735	25.3446
-0.00225959	25.3566
-0.00386774	25.3686
-0.0053018	25.3809
-0.00694994	25.3935
-0.00831873	25.4062
-0.00962262	25.4187
-0.0109753	25.4312
-0.0121007	25.4437
-0.0131496	25.4563
-0.013992	25.4691
-0.0144494	25.4818
-0.0145173	25.4945
-0.0148824	25.5074
-0.0151942	25.5203
-0.01564	25.5328
-0.0159766	25.5455
-0.016017	25.5579
-0.0158801	25.57
-0.0156354	25.5823
-0.0154753	25.5945
-0.015231	25.6067
-0.0146689	25.6191
-0.0138981	25.6316
-0.0127734	25.6443
-0.0114733	25.6569
-0.0102067	25.6695
-0.00891983	25.682
-0.00742417	25.6944
-0.00610553	25.7067
-0.00458887	25.7187
-0.00313684	25.7306
-0.00151709	25.7426
0.000454936	25.7547
0.00233733	25.7666
0.00392566	25.7785
0.00522623	25.7902
0.00666503	25.802
0.008099	25.8138
0.00954621	25.8257
0.0110738	25.8374
0.0125355	25.8491
0.0136711	25.8614
0.0147419	25.8735
0.0156485	25.8859
0.0165092	25.898
0.0172528	25.9104
0.017878	25.9227
0.0181789	25.9352
0.018097	25.9479
0.017813	25.9606
0.0173099	25.9735
0.0164677	25.9863
0.015218	25.9993
0.0140185	26.0122
0.0125926	26.0248
0.0110614	26.0377
0.00928546	26.0505
0.00725585	26.0632
0.00523745	26.0758
0.00303449	26.0885
0.000663676	26.101
-0.00190533	26.1136
-0.00424522	26.1263
-0.00627651	26.1391
-0.00824569	26.1519
-0.0102181	26.1647
-0.0123403	26.1773
-0.0144244	26.1896
-0.0163457	26.2019
-0.0181548	26.2145
-0.0198324	26.2269
-0.0215046	26.2394
-0.0230553	26.2519
-0.0246682	26.2644
-0.0261444	26.2771
-0.027566	26.2896
-0.0287555	26.3018
-0.0293391	26.3142
-0.0298485	26.3266
-0.0303889	26.3391
-0.0305883	26.3516
-0.0309188	26.3643
-0.0309462	26.3769
-0.0308856	26.3895
-0.0306644	26.402
-0.0303893	26.4146
-0.0298403	26.4271
-0.0291942	26.4394
-0.0283658	26.4522
-0.0273751	26.465
-0.0263199	26.4777
-0.0252924	26.4904
-0.0241458	26.5031
-0.0229139	26.5158
-0.0212385	26.5283
-0.0195691	26.5407
-0.0176413	26.5534
-0.0158166	26.566
-0.0136984	26.5786
-0.0113499	26.5912
-0.00896607	26.6036
-0.00651845	26.6159
-0.00368033	26.628
-0.000479107	26.6401
0.00282583	26.6522
0.0059593	26.6644
0.00908064	26.6767
0.0118483	26.689
0.0145894	26.701
0.0172055	26.713
0.019613	26.725
0.0222252	26.737
0.0247109	26.7491
0.0273758	26.7609
0.0299268	26.7728
0.0323714	26.785
0.0345947	26.7974
0.0365757	26.8097
0.0384468	26.8219
0.0399311	26.8343
0.0412812	26.8468
0.0424583	26.8594
0.0435355	26.8717
0.0446902	26.8843
0.0455063	26.8969
0.0462015	26.909
0.0467036	26.9212
0.0474283	26.9335
0.0480009	26.9457
0.0484134	26.9585
0.0487336	26.9711
0.048723	26.9838
0.0485268	26.9964
0.0482654	27.0091
0.0476996	27.0219
0.0468857	27.0345
0.0459986	27.0467
0.0449394	27.0592
0.043882	27.0718
0.0426253	27.0843
0.0409183	27.0968
0.039068	27.1092
0.0371644	27.1215
0.0351883	27.1338
0.0331596	27.1462
0.0309206	27.1583
0.028191	27.1704
0.0252911	27.1826
0.0219441	27.1946
0.018366	27.2066
0.0146651	27.2188
0.0104888	27.2312
0.00618912	27.2436
0.00156889	27.256
-0.00288048	27.2681
-0.0071311	27.2803
-0.0108511	27.2925
-0.0143836	27.305
-0.0178069	27.3172
-0.0209447	27.3293
-0.0235872	27.3415
-0.02597	27.3538
-0.0281449	27.3664
-0.0303714	27.379
-0.0321966	27.3915
-0.0340028	27.4042
-0.0359494	27.4167
-0.0377511	27.4295
-0.0392488	27.4421
-0.0408221	27.4549
-0.0420228	27.4675
-0.0429016	27.4799
-0.0438039	27.4923
-0.0447542	27.5044
-0.0456902	27.5169
-0.0465692	27.5294
-0.0475607	27.5419
-0.0485145	27.5545
-0.0494048	27.5671
-0.0503419	27.5795
-0.0508898	27.5918
-0.0513424	27.6042
-0.0515827	27.6168
-0.0516334	27.6293
-0.0514838	27.6421
-0.0510467	27.6547
-0.0505001	27.6673
-0.0501498	27.6802
-0.0495647	27.693
-0.0489146	27.7056
-0.0479416	27.7183
-0.0466916	27.7311
-0.0454818	27.7437
-0.0440277	27.7563
-0.0426906	27.7686
-0.0411107	27.7813
-0.0395688	27.7939
-0.0378138	27.8066
-0.0359138	27.8194
-0.0338197	27.8325
-0.0316081	27.8451
-0.0293219	27.8576
-0.0270729	27.8699
-0.0246441	27.8821
-0.022067	27.8941
-0.0195782	27.9063
-0.0168469	27.9188
-0.0139505	27.9313
-0.0109447	27.9436
-0.00786599	27.9559
-0.00460166	27.9682
-0.00126338	27.9804
0.00213177	27.9924
0.00531766	28.0046
0.00830396	28.0167
0.0112578	28.0289
0.0141313	28.0412
0.0169091	28.0532
0.0196098	28.0651
0.0221365	28.0771
0.0245971	28.0892
0.02661	28.1015
0.0282471	28.114
0.0295779	28.1266
0.0309882	28.1391
0.0320979	28.1514
0.0331754	28.1637
0.0340246	28.1759
0.03483	28.1884
0.0354658	28.2009
0.0356879	28.2137
0.0358729	28.2264
0.0359746	28.2392
0.0357405	28.2522
0.0355636	28.2652
0.0349416	28.2781
0.0340409	28.2911
0.0334071	28.3043
0.0327108	28.3172
0.0319334	28.3302
0.0311144	28.3429
0.0302284	28.3555
0.0293852	28.3679
0.028291	28.3803
0.0269253	28.3925
0.0251491	28.4045
0.0231016	28.4165
0.0207444	28.4286
0.0183203	28.4407
0.0158958	28.4529
0.0131416	28.4652
0.0102049	28.4773
0.00715307	28.4895
0.00410576	28.5016
0.000689008	28.5136
-0.00303044	28.5256
-0.0065146	28.5375
-0.00949634	28.5492
-0.0124063	28.5607
-0.015315	28.5723
-0.0178008	28.5842
-0.0202805	28.5961
-0.0224957	28.6082
-0.0246572	28.6206
-0.0265811	28.6333
-0.0279867	28.646
-0.0291616	28.6588
-0.0302711	28.6716
-0.0312965	28.6843
-0.0320649	28.6969
-0.0325936	28.7094
-0.033412	28.7217
-0.033896	28.7339
-0.0341999	28.746
-0.0345566	28.758
-0.0347758	28.7702
-0.0350719	28.7825
-0.0355031	28.7949
-0.0359275	28.8071
-0.0361256	28.8197
-0.0361572	28.8323
-0.0360842	28.8446
-0.0361533	28.8567
-0.0360321	28.869
-0.0353219	28.8808
-0.0345216	28.893

-0.0334174	-28.8986
-0.0319252	-28.8865
-0.0304151	-28.8743
-0.0287519	-28.8624
-0.0269712	-28.8506
-0.0248726	-28.8387
-0.02242	-28.8268
-0.0198222	-28.8151
-0.017062	-28.8033
-0.0141315	-28.7915
-0.0108686	-28.7798
-0.00734209	-28.768
-0.00386603	-28.7563
-0.000226587	-28.7446
0.00342858	-28.7327
0.00697883	-28.7207
0.0101919	-28.7088
0.0129142	-28.6969
0.0154352	-28.685
0.0175053	-28.6731
0.0191997	-28.6608
0.0207982	-28.6485
0.0219823	-28.636
0.0229584	-28.6234
0.0235814	-28.6109
0.0238884	-28.5985
0.0241689	-28.586
0.0244355	-28.5732
0.0244897	-28.5605
0.0243565	-28.5477
0.0241489	-28.535
0.0237298	-28.5222
0.0229488	-28.5093
0.0221811	-28.4965
0.021211	-28.4838
0.0202951	-28.4711
0.0194943	-28.4586
0.0183475	-28.4462
0.01728	-28.4337
0.0159273	-28.4213
0.0145424	-28.4088
0.0130776	-28.3962
0.0117827	-28.3836
0.0101582	-28.3711
0.00820825	-28.3585
0.00618567	-28.3458
0.00381157	-28.3328
0.00133965	-28.3199
-0.00100156	-28.3073
-0.0032368	-28.2947
-0.00536896	-28.2824
-0.00760736	-28.2702
-0.00954874	-28.2576
-0.0114395	-28.2449
-0.0133875	-28.2325
-0.0153931	-28.2201
-0.0172588	-28.2079
-0.0190625	-28.1957
-0.0208348	-28.1834
-0.0221923	-28.1709
-0.0232946	-28.1587
-0.0241693	-28.1463
-0.0249607	-28.1336
-0.0253458	-28.1212
-0.0255957	-28.1087
-0.0258926	-28.0963
-0.0260941	-28.0839
-0.0259735	-28.0715
-0.0256753	-28.0591
-0.0252728	-28.0465
-0.0246553	-28.0337
-0.0238979	-28.021
-0.0231624	-28.0084
-0.0224411	-27.9957
-0.0216997	-27.9828
-0.0208849	-27.9697
-0.0199737	-27.9567
-0.0190966	-27.9437
-0.0182112	-27.9309
-0.0170082	-27.9181
-0.0152916	-27.9054
-0.0131783	-27.8926
-0.010887	-27.88
-0.0084125	-27.8674
-0.00560802	-27.8549
-0.00265344	-27.8424
0.000491205	-27.8301
0.00363575	-27.8176
0.00687469	-27.8055
0.010047	-27.7933
0.0131583	-27.7811
0.0161092	-27.7689
0.0190069	-27.7569
0.021892	-27.7449
0.0250475	-27.7328
0.0279418	-27.7209
0.030703	-27.709
0.0333592	-27.697
0.0359255	-27.685
0.0383888	-27.6729
0.040968	-27.6605
0.0432232	-27.6481
0.0450951	-27.6355
0.0467387	-27.6228
0.0481934	-27.6102
0.0495732	-27.5976
0.0505928	-27.5852
0.05138	-27.5726
0.052209	-27.5601
0.0529414	-27.5477
0.0533231	-27.5352
0.0536178	-27.5231
0.0536085	-27.5103
0.0535396	-27.4975
0.0534625	-27.4846
0.0533094	-27.4715
0.0528898	-27.4583
0.0523747	-27.4454
0.0517583	-27.4326
0.0511904	-27.42
0.0502422	-27.4075
0.0491266	-27.395
0.047999	-27.3825
0.046702	-27.3699
0.0453647	-27.3575
0.0439324	-27.3449
0.0424114	-27.3323
0.0410354	-27.32
0.0396584	-27.3074
0.0382132	-27.2949
0.0365665	-27.2824
0.0349039	-27.27
0.0328043	-27.2575
0.0305581	-27.2451
0.0282227	-27.2325
0.0256848	-27.22
0.0231053	-27.2075
0.0202852	-27.1947
0.0171723	-27.182
0.0140097	-27.1695
0.0106217	-27.1571
0.00716497	-27.145
0.00349716	-27.1329
-0.00037192	-27.1209
-0.00397788	-27.1087
-0.00754102	-27.0966
-0.0107515	-27.0845
-0.0137601	-27.0727
-0.0167576	-27.0607
-0.0192757	-27.0487
-0.0216569	-27.0368
-0.0240739	-27.0252
-0.026126	-27.0135
-0.0278927	-27.0014
-0.029586	-26.9889
-0.0315253	-26.9762
-0.0332642	-26.9634
-0.0350515	-26.9505
-0.0369148	-26.9375
-0.0387587	-26.9244
-0.0403564	-26.9114
-0.0418651	-26.8983
-0.043536	-26.8854
-0.0447885	-26.8724
-0.045835	-26.8596
-0.0465445	-26.8467
-0.0469671	-26.8339
-0.0470464	-26.8212
-0.0469711	-26.8085
-0.0466566	-26.7957
-0.0462904	-26.7831
-0.045699	-26.77
-0.0446798	-26.7571
-0.0435623	-26.7443
-0.0423903	-26.7314
-0.0413541	-26.7188
-0.0401027	-26.7062
-0.0386026	-26.6934
-0.0369221	-26.6806
-0.0350704	-26.6679
-0.0331458	-26.6552
-0.0309609	-26.6427
-0.0286861	-26.6304
-0.0262521	-26.6182
-0.0236208	-26.6059
-0.0204849	-26.5937
-0.0170848	-26.5818
-0.0134874	-26.5698
-0.00973339	-26.5579
-0.00575404	-26.5461
-0.00160128	-26.5342
0.00273409	-26.5225
0.00698177	-26.5108
0.0110909	-26.499
0.0149925	-26.4872
0.0190089	-26.4753
0.0226189	-26.4632
0.0258926	-26.4508
0.0289465	-26.4384
0.0317632	-26.4258
0.0343828	-26.4135
0.0364852	-26.4011
0.0386768	-26.3888
0.0409245	-26.3761
0.0428915	-26.3637
0.0446812	-26.3514
0.046454	-26.3391
0.0482994	-26.3268
0.0500186	-26.3143
0.0514786	-26.3017
0.0526083	-26.289
0.0534073	-26.2766
0.054036	-26.2643
0.0545451	-26.2518
0.0550573	-26.2394
0.0553245	-26.2271
0.0554152	-26.2152
0.0555284	-26.2034
0.055397	-26.1918
0.054872	-26.18
0.0543254	-26.168
0.0538604	-26.1558
0.053264	-26.1435
0.0523125	-26.1312
0.0508589	-26.1187
0.0492624	-26.1063
0.0476695	-26.0936
0.045861	-26.081
0.0439485	-26.0685
0.041969	-26.0561
0.0402186	-26.0434
0.0385188	-26.0308
0.0365764	-26.0183
0.0342916	-26.0058
0.0318801	-25.9935
0.0293963	-25.9812
0.0266957	-25.969
0.0237854	-25.9565
0.0208923	-25.9438
0.0176427	-25.9315
0.0144125	-25.9191
0.0110497	-25.9069
0.00746019	-25.8944
0.00396822	-25.8824
0.000443988	-25.8702
-0.00336179	-25.8583
-0.00713143	-25.8462
-0.0106405	-25.834
-0.0141836	-25.8219
-0.0177387	-25.8097
-0.0211365	-25.7974
-0.0243516	-25.7853
-0.0275824	-25.773
-0.0305124	-25.7605
-0.0333066	-25.748
-0.0360719	-25.7355
-0.0384319	-25.7233
-0.040659	-25.7111
-0.0428533	-25.6987
-0.0446879	-25.6864
-0.0463285	-25.6742
-0.0476897	-25.662
-0.0487325	-25.6493
-0.049722	-25.6366
-0.0502823	-25.6241
-0.050577	-25.6114
-0.0507197	-25.5988
-0.0505901	-25.5862
-0.0502819	-25.5735
-0.0500292	-25.5608
-0.0494925	-25.5481
-0.0487576	-25.5356
-0.0477428	-25.5229
-0.0469278	-25.5103
-0.0460073	-25.4978
-0.0447607	-25.4853
-0.0431668	-25.4726
-0.041442	-25.4601
-0.0394344	-25.4474
-0.0375312	-25.4347
-0.0355633	-25.4222
-0.0334291	-25.41
-0.0313132	-25.3979
-0.0288126	-25.3859
-0.0262207	-25.3739
-0.0235965	-25.3619
-0.0209316	-25.3501
-0.0179545	-25.3383
-0.0148218	-25.3265
-0.0114517	-25.3145
-0.00797385	-25.3023
-0.00452849	-25.2901
-0.00129335	-25.2781
0.00201345	-25.2661
0.00504472	-25.2542
0.00773708	-25.2422
0.0101736	-25.2303
0.0122013	-25.2188
0.0141356	-25.207
0.0161726	-25.1952
0.0180473	-25.1833
0.0198639	-25.1715
0.0214379	-25.1596
0.022792	-25.1477
0.0238888	-25.1355
0.0248168	-25.1233
0.0255483	-25.1108
0.0260015	-25.0982
0.0260262	-25.0857
0.0259788	-25.0732
0.0258142	-25.0606
0.0255095	-25.0478
0.0248806	-25.0352
0.0243576	-25.0227
0.0234972	-25.01
0.0224605	-24.9973
0.02141	-24.9846
0.0202651	-24.9717
0.0191096	-24.9589
0.0178079	-24.9464
0.0163756	-24.9338
0.0147754	-24.9209
0.0128095	-24.9082
0.0105885	-24.8958
0.00814391	-24.8837
0.00557344	-24.8715
0.00277801	-24.8595
-0.000179165	-24.8476
-0.00311437	-24.8357
-0.00605182	-24.8235
-0.00893879	-24.8112
-0.0116294	-24.7991
-0.014317	-24.7871
-0.0168091	-24.7751
-0.0191612	-24.7632
-0.0213591	-24.7513
-0.0235177	-24.7394
-0.0255933	-24.7274
-0.0278649	-24.7156
-0.0296624	-24.7036
-0.0313603	-24.6913
-0.0330439	-24.6791
-0.0347505	-24.6669
-0.0360556	-24.6546
-0.0372001	-24.6419
-0.0382312	-24.6298
-0.038873	-24.6177
-0.03927	-24.6057
-0.0394437	-24.5936
-0.0395558	-24.5817
-0.0395502	-24.5699
-0.0394587	-24.5578
-0.0396377	-24.546
-0.0395368	-24.534
-0.0393194	-24.5217
-0.0389597	-24.5095
-0.0387238	-24.4976
-0.0380384	-24.4854
-0.0370301	-24.473
-0.0358669	-24.4608
-0.0346206	-24.4485
-0.0333026	-24.4362
-0.0318402	-24.4242
-0.0302946	-24.412
-0.0289652	-24.3996
-0.0274905	-24.3873
-0.0258117	-24.3749
-0.0240276	-24.3628
-0.0221032	-24.3507
-0.0199892	-24.3384
-0.0176765	-24.3263
-0.0154755	-24.3139
-0.0131177	-24.3017
-0.0104226	-24.2897
-0.00784982	-24.2778
-0.00510952	-24.2657
-0.00237442	-24.2536
0.000397761	-24.2416
0.00295585	-24.2294
0.0054302	-24.2173
0.00810105	-24.2052
0.0107028	-24.1935
0.0133207	-24.1814
0.0160853	-24.1693
0.0188322	-24.1568
0.0214496	-24.1444
0.0239721	-24.1322
0.026675	-24.12
0.0292065	-24.1077
0.0313551	-24.0956
0.0334241	-24.0834
0.0353904	-24.0714
0.0371714	-24.0591
0.038874	-24.0467
0.0405584	-24.034
0.0419613	-24.0213
0.0428712	-24.009
0.043597	-23.9969
0.0444721	-23.9848
0.045406	-23.9724
0.0462487	-23.9602
0.0472302	-23.9477
0.0479297	-23.935
0.0481361	-23.9224
0.0481686	-23.91
0.0481419	-23.8977
0.0478234	-23.8853
0.0473412	-23.8729
0.0468889	-23.8604
0.0463161	-23.848
0.0459143	-23.8355
0.0452591	-23.8232
0.0443778	-23.8108
0.0434221	-23.7986
0.0424034	-23.7862
0.0412144	-23.7738
0.0398884	-23.7616
0.0386696	-23.7498
0.0373133	-23.7377
0.0358888	-23.7256
0.0343687	-23.7136
0.0324567	-23.7014
0.0302737	-23.6891
0.027635	-23.677
0.0250206	-23.6651
0.0223843	-23.6533
0.0195788	-23.6416
0.0166987	-23.6298
0.0139573	-23.6179
0.0106259	-23.6061
0.00719033	-23.5944
0.00345443	-23.5822
-0.00026364	-23.5703
-0.00374913	-23.5582
-0.00709769	-23.546
-0.0105241	-23.534
-0.0140458	-23.522
-0.017731	-23.5097
-0.0214284	-23.4971
-0.0251914	-23.4846
-0.0288913	-23.4722
-0.0322492	-23.46
-0.0352674	-23.4477
-0.0382229	-23.4354
-0.0409429	-23.4229
-0.0438865	-23.4106
-0.0464489	-23.3985
-0.048701	-23.3861
-0.0507907	-23.3735
-0.0526447	-23.361
-0.0539678	-23.3485
-0.0552159	-23.3359
-0.0562637	-23.3235
-0.0572369	-23.311
-0.0580127	-23.2986
-0.0584737	-23.2864
-0.0588067	-23.2744
-0.0592368	-23.2624
-0.0594534	-23.2501
-0.059394	-23.2378
-0.0589778	-23.2254
-0.058512	-23.2128
-0.0581368	-23.2001
-0.0576822	-23.1875
-0.0572034	-23.1748
-0.0562619	-23.1624
-0.0551298	-23.1497
-0.0541714	-23.137
-0.0532726	-23.1241
-0.052514	-23.1114
-0.0516015	-23.0983
-0.0507552	-23.0851
-0.0495167	-23.0722
-0.0483534	-23.0598
-0.046801	-23.0472
-0.0455947	-23.035
-0.0442476	-23.0229
-0.042878	-23.0109
-0.0414775	-22.999
-0.0399249	-22.9871
-0.0381105	-22.9754
-0.0362838	-22.9636
-0.0341791	-22.9518
-0.0318446	-22.9398
-0.0293507	-22.9279
-0.0267964	-22.916
-0.0240025	-22.904
-0.0214914	-22.8919
-0.0187859	-22.88
-0.0160369	-22.8681
-0.0131868	-22.8561
-0.0104251	-22.844
-0.00742505	-22.8318
-0.00427968	-22.8193
-0.00138891	-22.8071
0.00163634	-22.7949
0.00465273	-22.7829
0.00785262	-22.771
0.0110168	-22.7592
0.0139195	-22.7474
0.0167157	-22.7356
0.0194556	-22.7239
0.0217971	-22.7122
0.0239908	-22.7005
0.0260044	-22.6886
0.0276593	-22.6766
0.0293182	-22.6647
0.0307828	-22.6528
0.0321107	-22.641
0.0334109	-22.6289
0.0344032	-22.6165
0.0354277	-22.604
0.0363031	-22.5915
0.0369053	-22.5786
0.0372696	-22.5657
0.0373381	-22.5527
0.0371333	-22.5398
0.0365609	-22.527
0.0357209	-22.5142
0.0346284	-22.5015
0.0333433	-22.4889
0.0320239	-22.4762
0.0306702	-22.4641
0.0292258	-22.4517
0.0275468	-22.4393
0.0257366	-22.4269
0.0235706	-22.4144
0.0212283	-22.4021
0.0187332	-22.3896
0.0158541	-22.3773
0.0124971	-22.3649
0.0089171	-22.3528
0.00504735	-22.3407
0.00122325	-22.3285
-0.00296592	-22.3165
-0.00714787	-22.3045
-0.0110707	-22.2926
-0.0149277	-22.2805
-0.0185705	-22.2686
-0.0218516	-22.2566
-0.0250268	-22.2445
-0.0282804	-22.2323
-0.0313612	-22.2201
-0.0342348	-22.2076
-0.0369398	-22.1955
-0.0395706	-22.1833
-0.0418445	-22.1709
-0.0440681	-22.1585
-0.0459578	-22.1461
-0.0474402	-22.1337
-0.0488418	-22.121
-0.0496458	-22.1084
-0.0504733	-22.0956
-0.0510265	-22.0828
-0.0517068	-22.0698
-0.0517667	-22.057
-0.0517757	-22.044
-0.0516136	-22.0311
-0.0511682	-22.018
-0.0506098	-22.0051
-0.0501796	-21.9921
-0.0498552	-21.9793
-0.0495558	-21.9668
-0.0491541	-21.9545
-0.0485936	-21.9424
-0.047775	-21.93
-0.0465006	-21.9177
-0.0449169	-21.9053
-0.0430083	-21.8927
-0.0409294	-21.88
-0.0387827	-21.8676
-0.0365922	-21.8552
-0.034119	-21.8429
-0.0309727	-21.8305
-0.0275901	-21.8182
-0.0243167	-21.8059
-0.0208359	-21.7935
-0.0172094	-21.7811
-0.0132868	-21.7686
-0.00900007	-21.7562
-0.00448724	-21.744
-1.01828e-05	-21.7318
0.00441238	-21.7198
0.00889012	-21.708
0.0133555	-21.6962
0.0176665	-21.684
0.0217406	-21.672
0.0258302	-21.66
0.0295192	-21.648
0.033331	-21.636
0.0370809	-21.6238
0.0406156	-21.6114
0.04383	-21.599
0.046878	-21.5867
0.0499948	-21.5743
0.0526785	-21.5617
0.0552483	-21.5491
0.0577241	-21.5364
0.0601942	-21.5237
0.0625023	-21.5112
0.0646093	-21.4984
0.0664617	-21.4858
0.0682588	-21.4733
0.0698053	-21.4607
0.0711641	-21.4481
0.0723014	-21.4357
0.0732368	-21.4233
0.073936	-21.4107
0.0745505	-21.398
0.0750493	-21.3856
0.0754083	-21.3734
0.0753623	-21.3613
0.0749425	-21.3495
0.074186	-21.3377
0.073137	-21.3257
0.0719013	-21.3137
0.0703593	-21.3016
0.0685263	-21.2894
0.0665579	-21.2769
0.06433	-21.2648
0.0619295	-21.2523
0.0592387	-21.24
0.0563097	-21.2277
0.0531193	-21.2153
0.0495548	-21.203
0.0458064	-21.1908
0.0418434	-21.1787
0.0378527	-21.1665
0.034012	-21.1545
0.0300204	-21.1422
0.0259961	-21.1302
0.0220743	-21.118
0.0181987	-21.1061
0.0140566	-21.0942
0.00952856	-21.0823
0.00481702	-21.0705
-4.32627e-05	-21.0588
-0.00456835	-21.0472
-0.00899604	-21.0354
-0.0130841	-21.0237
-0.01694	-21.0118
-0.0206498	-20.9996
-0.0242123	-20.9871
-0.027339	-20.9747
-0.0303684	-20.9622
-0.0333476	-20.9497
-0.0364287	-20.9373
-0.0392761	-20.925
-0.0419286	-20.9128
-0.0442908	-20.9004
-0.0468155	-20.8881
-0.0491711	-20.8757
-0.0514193	-20.8634
-0.0537383	-20.8509
-0.0559493	-20.8384
-0.0576992	-20.8258
-0.0591975	-20.8134
-0.0608234	-20.801
-0.0624685	-20.7886
-0.0641036	-20.7765
-0.065611	-20.7646
-0.0667274	-20.7524
-0.0676734	-20.7401
-0.0684834	-20.7277
-0.0693443	-20.7155
-0.0704174	-20.7029
-0.0713048	-20.6905
-0.0720267	-20.6779
-0.0727203	-20.6653
-0.0731257	-20.6526
-0.0733424	-20.64
-0.0733473	-20.6272
-0.0730245	-20.6144
-0.0726278	-20.6016
-0.0720159	-20.5889
-0.0712586	-20.5764
-0.0705043	-20.5637
-0.0699059	-20.5512
-0.0694422	-20.5389
-0.0687009	-20.5262
-0.0675683	-20.5133
-0.0661923	-20.5007
-0.0648036	-20.4882
-0.0635013	-20.476
-0.0618986	-20.4637
-0.0603548	-20.4514
-0.0588373	-20.4392
-0.057395	-20.4269
-0.0559453	-20.4147
-0.0543834	-20.4026
-0.0526608	-20.3905
-0.0508691	-20.3787
-0.0489711	-20.3669
-0.0469238	-20.3548
-0.0446856	-20.3431
-0.0425725	-20.331
-0.0403938	-20.3191
-0.0379472	-20.3073
-0.0351448	-20.2955
-0.0320358	-20.2836
-0.0285831	-20.2716
-0.024816	-20.2599
-0.0209817	-20.2478
-0.0168571	-20.2359
-0.0126819	-20.2241
-0.0083888	-20.2122
-0.00436209	-20.2008
-0.000357743	-20.1893
0.0039349	-20.178
0.00813001	-20.1666
0.0123054	-20.1552
0.0164014	-20.1436
0.0206648	-20.132
0.0248023	-20.1204
0.0287605	-20.1088
0.0324971	-20.097
0.0361919	-20.0852
0.0396754	-20.0732
0.0429815	-20.061
0.0463345	-20.0487
0.0497531	-20.0362
0.0530658	-20.0239
0.0562848	-20.0114
0.0594234	-19.9989
0.0624961	-19.9865
0.0653363	-19.9744
0.0679111	-19.9623
0.070497	-19.9502
0.072782	-19.9381
0.0753629	-19.9261
0.0776578	-19.914
0.079946	-19.9018
0.0822139	-19.8895
0.0843095	-19.8776
0.0863184	-19.8657
0.0883651	-19.8537
0.0899832	-19.8417
0.0912303	-19.8296
0.0922169	-19.8175
0.0927777	-19.805
0.0929838	-19.7926
0.0927739	-19.7802
0.092547	-19.7678
0.0921039	-19.7552
0.0915039	-19.7428
0.090604	-19.7305
0.089344	-19.7184
0.0877996	-19.7064
0.0860443	-19.6945
0.0841748	-19.6826
0.0823876	-19.6704
0.080358	-19.658
0.0782036	-19.6456
0.0759789	-19.6331
0.0735888	-19.6206
0.0712345	-19.6081
0.0684495	-19.596
0.0655744	-19.5837
0.0628618	-19.5713
0.0600283	-19.559
0.0571028	-19.5469
0.054274	-19.5345
0.0516491	-19.5221
0.049088	-19.5098
0.0464791	-19.4978
0.0439218	-19.4857
0.041083	-19.4735
0.0378392	-19.4615
0.0345749	-19.4495
0.0312688	-19.4374
0.0276429	-19.4252
0.0239775	-19.413
0.0198254	-19.4011
0.0153607	-19.3894
0.0109404	-19.3775
0.0060794	-19.3657
0.00107836	-19.3541
-0.00398253	-19.3426
-0.00885887	-19.3311
-0.0135835	-19.3196
-0.0182133	-19.3079
-0.0228603	-19.2963
-0.0273222	-19.2847
-0.0318871	-19.273
-0.0362538	-19.2612
-0.040365	-19.2494
-0.0445244	-19.2377
-0.0484267	-19.2261
-0.0520638	-19.2143
-0.0554358	-19.2025
-0.0586601	-19.1902
-0.0618293	-19.178
-0.0648862	-19.1657
-0.0680496	-19.1535
-0.0710281	-19.1414
-0.0741727	-19.1293
-0.0772296	-19.1172
-0.0803059	-19.1049
-0.0830351	-19.0928
-0.0857252	-19.0807
-0.0884267	-19.0684
-0.0906639	-19.0561
-0.0924979	-19.0437
-0.0943498	-19.0315
-0.0958821	-19.0191
-0.0973938	-19.0068
-0.0988233	-18.9947
-0.100022	-18.9829
-0.101197	-18.9709
-0.102148	-18.9588
-0.102604	-18.9466
-0.102723	-18.9342
-0.102709	-18.9224
-0.10236	-18.9103
-0.101943	-18.8982
-0.101603	-18.8861
-0.100806	-18.874
-0.0994798	-18.8619
-0.0976389	-18.8498
-0.0954374	-18.8377
-0.0928614	-18.8254
-0.0903325	-18.8129
-0.0878041	-18.8004
-0.0853057	-18.7878
-0.0825897	-18.7752
-0.0797877	-18.7624
-0.0765957	-18.7499
-0.0729613	-18.7376
-0.0694991	-18.7255
-0.0658602	-18.7134
-0.0620933	-18.7016
-0.0579792	-18.6898
-0.0536353	-18.6783
-0.0492499	-18.6669
-0.0443309	-18.6556
-0.0390805	-18.6442
-0.0336911	-18.6329
-0.0279985	-18.6216
-0.0219425	-18.6102
-0.0160768	-18.5989
-0.0102668	-18.5879
-0.00415444	-18.5766
0.00195014	-18.5657
0.00771507	-18.5544
0.0132652	-18.5432
0.0183251	-18.5319
0.0233804	-18.5202
0.0282699	-18.5084
0.0328799	-18.4964
0.0374161	-18.4843
0.041825	-18.4723
0.0455625	-18.4602
0.0492385	-18.4481
0.0524245	-18.4361
0.0554691	-18.4239
0.0583498	-18.4118
0.060999	-18.3996
0.0634732	-18.3876
0.0658042	-18.3756
0.0679331	-18.3635
0.0700484	-18.3515
0.072376	-18.3394
0.0749477	-18.3274
0.0771174	-18.3151
0.0789832	-18.303
0.0805469	-18.291
0.0817928	-18.2789
0.0829319	-18.2667
0.0840554	-18.2545
0.0853202	-18.2424
0.0862841	-18.2303
0.0873835	-18.218
0.0883047	-18.2058
0.0890393	-18.1933
0.0897496	-18.1804
0.0905192	-18.1678
0.0912978	-18.1556
0.0918344	-18.1434
0.0925305	-18.131
0.0929287	-18.1185
0.0929703	-18.1059
0.0930526	-18.0932
0.0929194	-18.0802
0.0927954	-18.0674
0.0924547	-18.0548
0.091979	-18.0421
0.0912759	-18.0293
0.0904033	-18.0167
0.0892515	-18.004
0.0877543	-17.9914
0.0860395	-17.9791
0.0840056	-17.9666
0.0816894	-17.9542
0.0792145	-17.942
0.07638	-17.93
0.0732847	-17.9181
0.0702239	-17.9063
0.0667488	-17.8947
0.0630732	-17.8832
0.0589886	-17.8718
0.0547368	-17.8606
0.0503257	-17.8495
0.0458867	-17.8383
0.0413787	-17.8269
0.0367677	-17.8154
0.0319883	-17.8039
0.0270105	-17.7926
0.0218486	-17.7812
0.0168907	-17.7699
0.0116515	-17.7589
0.00616217	-17.7479
0.000637209	-17.7371
-0.00516884	-17.7262
-0.0109475	-17.715
-0.0165153	-17.7038
-0.0218208	-17.6925
-0.0271709	-17.6812
-0.0323135	-17.6701
-0.037463	-17.6586
-0.0422668	-17.6471
-0.0468213	-17.6354
-0.0513987	-17.6237
-0.0556856	-17.6119
-0.0599161	-17.6004
-0.0638056	-17.5885
-0.067754	-17.5767
-0.0717364	-17.5647
-0.0756361	-17.5526
-0.0793405	-17.5403
-0.0830941	-17.5281
-0.0867224	-17.516
-0.0903064	-17.504
-0.0936445	-17.4921
-0.0968001	-17.4801
-0.0999385	-17.4682
-0.10285	-17.4562
-0.105611	-17.444
-0.108033	-17.4318
-0.110486	-17.4192
-0.112846	-17.4069
-0.114946	-17.3946
-0.116618	-17.3821
-0.117784	-17.3697
-0.118735	-17.3572
-0.119425	-17.3447
-0.119936	-17.3323
-0.120199	-17.3195
-0.120125	-17.3067
-0.119825	-17.2941
-0.119627	-17.2814
-0.119216	-17.2685
-0.118345	-17.2555
-0.117362	-17.2423
-0.116178	-17.229
-0.114984	-17.216
-0.113644	-17.2033
-0.112345	-17.1907
-0.110919	-17.1781
-0.109367	-17.1656
-0.10781	-17.153
-0.106167	-17.1405
-0.103883	-17.1282
-0.101345	-17.1162
-0.0986638	-17.1045
-0.0960992	-17.0927
-0.0934044	-17.081
-0.0903117	-17.0693
-0.0869664	-17.0576
-0.0835893	-17.0459
-0.0801517	-17.0341
-0.0764159	-17.0222
-0.0725512	-17.01
-0.0684164	-16.9977
-0.0641476	-16.9857
-0.0598953	-16.974
-0.0554547	-16.9621
-0.0507529	-16.9501
-0.0459876	-16.9384
-0.0411866	-16.927
-0.036189	-16.9156
-0.0310198	-16.9042
-0.0256757	-16.8928
-0.0201651	-16.8812
-0.0142709	-16.8694
-0.00805019	-16.8578
-0.00134965	-16.8462
0.00534345	-16.8348
0.0118542	-16.8235
