0.1	0.2
0.0924862	0.178704
0.0850963	0.161069
0.0772193	0.149627
0.0737831	0.141203
0.0708444	0.131211
0.0688598	0.125921
0.0686438	0.119978
0.0704241	0.118757
0.0695236	0.113914
0.0701869	0.10997
0.0707558	0.107034
0.072724	0.106621
0.0730021	0.101522
0.0724277	0.102735
0.0702413	0.101753
0.0704968	0.0997509
0.0697402	0.0976444
0.0702563	0.098104
0.0689695	0.0945623
0.0703185	0.0928182
0.0729479	0.0967731
0.0723506	0.0966468
0.0737006	0.096824
0.0748382	0.0957259
0.0767903	0.0964538
0.0762538	0.0955852
0.0766053	0.093509
0.0777478	0.0950489
0.0776893	0.0954298
0.0801151	0.0959714
0.0816179	0.0966003
0.0825286	0.0938985
0.0833779	0.0916152
0.0836355	0.0896172
0.0863966	0.0918405
0.0868151	0.0918565
0.088026	0.0923638
0.0867978	0.0906261
0.0878134	0.0900435
0.0852954	0.0906975
0.0892682	0.0914675
0.0895732	0.0874821
0.0909787	0.0865938
0.0887869	0.0870317
0.0902789	0.086315
0.0914815	0.0864088
0.0916336	0.0866528
0.090397	0.0839112
0.0925755	0.0849313
0.0938465	0.0845115
0.0938733	0.0827691
0.0985198	0.0822041
0.0972655	0.0832489
0.0979071	0.0805358
0.101232	0.080242
0.100778	0.0817439
0.0989907	0.0777621
0.0966426	0.0762933
0.0985033	0.0769465
0.101385	0.0776279
0.10122	0.0779091
0.101365	0.0749063
0.101949	0.075572
0.102405	0.0733506
0.104168	0.0719506
0.103859	0.0714833
0.102947	0.0709647
0.10131	0.0726988
0.0999009	0.07379
0.101711	0.0761439
0.102559	0.0745548
0.103329	0.0727101
0.105868	0.0726643
0.107418	0.0721785
0.10772	0.0729115
0.10663	0.0716157
0.106097	0.0683919
0.107343	0.0684524
0.106982	0.0684529
0.107441	0.068038
0.104655	0.0681594
0.105659	0.0665873
0.105776	0.0662911
0.104546	0.0668112
0.105522	0.0667746
0.105886	0.0670328
0.107112	0.0654052
0.106129	0.0644071
0.106972	0.0660814
0.107279	0.0652434
0.105401	0.0641183
0.108345	0.0636602
0.108374	0.0630306
0.106225	0.0627999
0.106151	0.0635266
0.107732	0.064574
0.107213	0.0641311
0.105835	0.0667628
0.106385	0.0674033
0.104409	0.0681844
0.107135	0.0667881
0.109472	0.0658222
0.110647	0.0673372
0.110591	0.0679785
0.113739	0.0678969
0.116664	0.0679829
0.114969	0.0666062
0.112205	0.0641875
0.109129	0.0640107
0.108196	0.0645715
0.107532	0.0633259
0.106817	0.061256
0.106179	0.0596178
0.105897	0.0620463
0.107543	0.0643446
0.105177	0.066039
0.101634	0.0688049
0.101373	0.0679078
0.100187	0.0697172
0.0972715	0.0690045
0.0978359	0.0701591
0.0985869	0.0700653
0.0951138	0.071198
0.0946091	0.073358
0.0918946	0.0736159
0.0918045	0.0714771
0.0938572	0.0730715
0.0923553	0.0754023
0.0931002	0.0793828
0.0900413	0.0831503
0.0904629	0.0801821
0.0896908	0.0813234
0.0893342	0.0841195
0.085557	0.0846959
0.0846034	0.0877007
0.0848413	0.0887853
0.0799519	0.0911857
0.0769678	0.0915081
0.0770235	0.0914985
0.0768663	0.0924664
0.0740843	0.0939294
0.074136	0.0932021
0.0724026	0.0942337
0.0712969	0.0925895
0.074034	0.0933009
0.0756706	0.0945734
0.0718623	0.0968024
0.0699356	0.0996481
0.0691878	0.100471
0.062934	0.098803
0.0617625	0.0977692
0.0602281	0.0983337
0.0596799	0.101902
0.0587327	0.0998118
0.0581208	0.101691
0.0568665	0.103646
0.0547394	0.105888
0.0521916	0.108963
0.0490955	0.108888
0.047388	0.109107
0.0479521	0.111029
0.0464178	0.111152
0.0451572	0.112112
0.0426091	0.111745
0.0431939	0.114635
0.0399732	0.114295
0.0366747	0.115585
0.0339475	0.11536
0.0317215	0.116113
0.0314385	0.116493
0.0256651	0.115778
0.0239658	0.119992
0.021707	0.121534
0.020196	0.118148
0.0172181	0.118896
0.0145649	0.117225
0.0147015	0.120092
0.0129295	0.121636
0.0123347	0.120257
0.0134303	0.116512
0.0107066	0.11633
0.0111912	0.118961
0.0103657	0.120525
0.0132602	0.120173
0.0151638	0.121859
0.011674	0.120868
0.0111961	0.120868
0.0107246	0.123139
0.00906685	0.119728
0.00897357	0.120828
0.00622027	0.123532
0.00519968	0.122687
0.00455168	0.121731
0.00107518	0.119391
0.000463182	0.121131
-0.00438802	0.122571
-0.00602788	0.124126
-0.00870775	0.123749
-0.0115596	0.122427
-0.0123637	0.120599
-0.0141238	0.122011
-0.0144281	0.120873
-0.0187356	0.118778
-0.0200964	0.121401
-0.0224993	0.117686
-0.0248371	0.117067
-0.0282454	0.117657
-0.0308134	0.119696
-0.0320209	0.120389
-0.0325289	0.119862
-0.0345994	0.120028
-0.0345368	0.11601
-0.0361285	0.115756
-0.0397051	0.118253
-0.0396856	0.114719
-0.042864	0.115651
-0.0421259	0.113995
-0.0453993	0.114336
-0.0465341	0.113107
-0.0484693	0.112135
-0.0512443	0.114476
-0.0510358	0.115617
-0.0518745	0.114484
-0.0528048	0.11442
-0.0542908	0.114767
-0.0588647	0.115398
-0.0578852	0.11427
-0.0556696	0.113361
-0.0546693	0.11164
-0.055403	0.110465
-0.057354	0.111708
-0.0576875	0.110194
-0.0605417	0.111696
-0.0628421	0.111878
-0.0629535	0.110419
-0.0670049	0.109804
-0.0673006	0.106802
-0.0657999	0.106826
-0.0649051	0.10561
-0.0655525	0.105454
-0.0691581	0.106403
-0.0696296	0.106414
-0.0712109	0.107312
-0.0715492	0.104164
-0.0723162	0.103115
-0.0707944	0.100849
-0.0734366	0.101561
-0.0780174	0.101602
-0.07847	0.101985
-0.0775307	0.100248
-0.0797787	0.099607
-0.082028	0.0962383
-0.0818091	0.0920161
-0.0839032	0.0910946
-0.085878	0.0925491
-0.0899091	0.0937128
-0.0899638	0.0942946
-0.0893326	0.0924479
-0.089494	0.0915559
-0.0875075	0.092467
-0.0865078	0.0921252
-0.0880872	0.0914175
-0.0907859	0.0920381
-0.091832	0.0930047
-0.0932154	0.0926373
-0.0913603	0.0920559
-0.0934113	0.0884064
-0.095076	0.0879791
-0.0942897	0.0860919
-0.0955167	0.0875123
-0.0972735	0.0867736
-0.0983096	0.0866185
-0.0975485	0.0808039
-0.0984724	0.0812181
-0.0983732	0.0800236
-0.101261	0.0812348
-0.102545	0.0796718
-0.100878	0.0787856
-0.0989525	0.0781047
-0.0935357	0.0781287
-0.0945777	0.0802892
-0.0926365	0.0823228
-0.0913465	0.0836401
-0.0889696	0.0814667
-0.0878454	0.0842405
-0.0857681	0.0860744
-0.0862298	0.0896559
-0.0839555	0.0913551
-0.0815081	0.089816
-0.0816547	0.0893381
-0.0794147	0.0910959
-0.0783529	0.0917547
-0.0768598	0.0948189
-0.0721465	0.0944224
-0.0702841	0.0945869
-0.0703544	0.0961248
-0.069178	0.0979985
-0.0660476	0.0999948
-0.0679359	0.0981129
-0.0651109	0.0997054
-0.0629438	0.102086
-0.0609892	0.103473
-0.0591002	0.104625
-0.0576875	0.109134
-0.0574796	0.112393
-0.0570683	0.109592
-0.0564756	0.1109
-0.0537252	0.1134
-0.0558556	0.111962
-0.0574229	0.111939
-0.0577483	0.113899
-0.0577008	0.115751
-0.0543189	0.116129
-0.0544266	0.114934
-0.0507852	0.114394
-0.0461128	0.113973
-0.0430763	0.116811
-0.0415839	0.118527
-0.0400107	0.119337
-0.0384605	0.113989
-0.0379119	0.113741
-0.0358553	0.114819
-0.0330761	0.114054
-0.0343519	0.11651
-0.0345097	0.116945
-0.031986	0.117311
-0.0306793	0.116223
-0.0268695	0.117355
-0.0269098	0.11658
-0.024351	0.116205
-0.0231619	0.118873
-0.0193288	0.119171
-0.0199674	0.117579
-0.0198554	0.117976
-0.0177933	0.119782
-0.0190367	0.122685
-0.013399	0.121661
-0.0134493	0.121524
-0.0144155	0.122896
-0.0138538	0.127836
-0.0114396	0.127737
-0.00641034	0.127635
-0.00546396	0.124932
-0.00559704	0.121255
-0.00491671	0.119442
-0.0043668	0.12197
-8.89882e-05	0.119349
-0.000113965	0.121428
-0.000639583	0.123712
0.00189178	0.124002
0.00279238	0.123187
0.000739591	0.124467
0.00422754	0.121861
0.00364826	0.123024
0.003678	0.121824
0.00751122	0.120142
0.0101181	0.120592
0.0102598	0.123098
0.0128052	0.123007
0.0141432	0.124433
0.0167867	0.120965
0.0204811	0.121863
0.0226285	0.123121
0.0243279	0.117778
0.0286727	0.121002
0.0301699	0.12242
0.0339685	0.122974
0.0375238	0.120248
0.0401614	0.12039
0.0409864	0.120652
0.0431707	0.119534
0.0462499	0.11791
0.0493294	0.115313
0.0528166	0.114544
0.052319	0.114038
0.0556889	0.115498
0.0594262	0.113464
0.0630548	0.115317
0.0640427	0.110933
0.0638033	0.111189
0.0630262	0.110496
0.0637798	0.108076
0.0628351	0.104799
0.0621525	0.104514
0.0648453	0.105735
0.0689718	0.108309
0.0711985	0.107616
0.0739452	0.105258
0.0763909	0.103884
0.0787497	0.100184
0.0792635	0.0991211
0.0812529	0.0979337
0.0813526	0.0954239
0.0791955	0.094644
0.080782	0.0959722
0.0812475	0.0937965
0.0798653	0.0927909
0.0824829	0.0941528
0.0836847	0.0936635
0.0877817	0.0963609
0.0867597	0.0956815
0.0877072	0.0944035
0.0871154	0.0950963
0.087745	0.0953058
0.0871203	0.0955674
0.0884592	0.0951137
0.0876436	0.0949977
0.0893564	0.094475
0.0897571	0.0959399
0.0918794	0.0935623
0.0919843	0.0919478
0.0916839	0.090043
0.0884037	0.0903635
0.0897982	0.09162
0.0912906	0.0910646
0.0881276	0.0943408
0.0840622	0.0949895
0.0840103	0.0921997
0.0833656	0.0928935
0.0794302	0.0940877
0.0792015	0.0933678
0.0778652	0.0940524
0.0767813	0.0942781
0.0778011	0.0975618
0.076351	0.100933
0.0753804	0.0999583
0.0733427	0.0997425
0.0731077	0.0980424
0.07336	0.101408
0.0710488	0.104056
0.0736862	0.102022
0.0725669	0.10217
0.0704009	0.104241
0.0698151	0.107278
0.0672019	0.104887
0.0673911	0.106038
0.0665323	0.106429
0.0627209	0.10765
0.064118	0.110252
0.0637414	0.112396
0.0601823	0.111808
0.0557515	0.111558
0.0534569	0.113227
0.052978	0.113643
0.0518105	0.115431
0.0498573	0.115992
0.0477882	0.115255
0.0466723	0.113942
0.0454308	0.116099
0.0427554	0.114806
0.0413528	0.117113
0.0412	0.116839
0.0391387	0.120314
0.0371488	0.119503
0.0393287	0.121746
0.0357902	0.122066
0.0312646	0.121058
0.0288876	0.119794
0.0280262	0.12364
0.0276781	0.124422
0.0250156	0.122474
0.0241771	0.123222
0.0236757	0.124034
0.0219585	0.122742
0.021879	0.122327
0.0191136	0.120947
0.0160023	0.123811
0.0136857	0.125403
0.0125984	0.12645
0.0116003	0.124556
0.0118259	0.123234
0.00962468	0.125934
0.00850021	0.125212
0.0086767	0.126786
0.00889238	0.124719
0.00544765	0.122148
0.00323764	0.120627
0.00238835	0.118898
-0.00039324	0.117011
-0.00127725	0.118343
-0.00338827	0.120743
-0.00503807	0.120879
-0.00309305	0.120627
-0.00542411	0.120554
-0.00601032	0.122241
-0.00745252	0.125028
-0.0103099	0.125704
-0.0122665	0.12893
-0.0144005	0.12746
-0.0151793	0.125755
-0.0149741	0.12783
-0.0151911	0.12547
-0.016879	0.128279
-0.0192054	0.127901
-0.0209345	0.124207
-0.021466	0.120246
-0.0227142	0.119876
-0.0259401	0.120276
-0.0264073	0.123214
-0.0288499	0.121827
-0.031006	0.121078
-0.03728	0.118138
-0.0396661	0.115926
-0.0410569	0.115191
-0.0445272	0.116088
-0.0466786	0.116876
-0.0498668	0.116246
-0.0529382	0.114778
-0.0567111	0.11191
-0.0608265	0.114211
-0.0609383	0.112306
-0.062035	0.11274
-0.0657845	0.112401
-0.0645769	0.109373
-0.0663464	0.109085
-0.068217	0.106921
-0.0684734	0.101788
-0.0687237	0.101494
-0.0695063	0.103267
-0.069942	0.10091
-0.0714433	0.101812
-0.0704506	0.0995306
-0.0714556	0.0982662
-0.0722444	0.0973887
-0.0709104	0.0983439
-0.0735961	0.0978413
-0.0747724	0.0988684
-0.0715999	0.0977067
-0.0756597	0.100591
-0.0771455	0.0989416
-0.0789701	0.095554
-0.0806184	0.0943886
-0.0807292	0.0922599
-0.0836769	0.0917932
-0.0838708	0.0892996
-0.0852111	0.0905719
-0.0893519	0.0926145
-0.0866992	0.0917178
-0.0877213	0.0928204
-0.0886044	0.093133
-0.0905123	0.0942929
-0.0918653	0.0950104
-0.090978	0.0927332
-0.0924013	0.0928961
-0.0920304	0.0883917
-0.0909523	0.0884962
-0.0909827	0.0873497
-0.0921232	0.0854086
-0.0874992	0.0857616
-0.0872735	0.0861509
-0.0864045	0.0878792
-0.0853899	0.0886824
-0.0836295	0.0883203
-0.0829351	0.0874168
-0.0811446	0.0888193
-0.083004	0.090745
-0.0812799	0.092001
-0.0806039	0.0931309
-0.077455	0.0965324
-0.0731446	0.0974001
-0.0722613	0.096893
-0.0712625	0.0972745
-0.0673376	0.0968856
-0.0672639	0.0996061
-0.0663976	0.0998858
-0.0628802	0.100839
-0.0631113	0.100475
-0.0623935	0.0990571
-0.061609	0.0997305
-0.0614007	0.1021
-0.0615388	0.10425
-0.0587956	0.106315
-0.0574205	0.11006
-0.0563597	0.11137
-0.0530704	0.111913
-0.0502454	0.109945
-0.0481008	0.110907
-0.0461365	0.111784
-0.0464559	0.111361
-0.0474711	0.110208
-0.0479235	0.109664
-0.0459204	0.110916
-0.0450403	0.114076
-0.0429452	0.113274
-0.0408439	0.115993
-0.0412179	0.117846
-0.0398917	0.120025
-0.0370624	0.116855
-0.0367904	0.119365
-0.0369071	0.117198
-0.0346924	0.118629
-0.0345741	0.116981
-0.034484	0.117554
-0.0332876	0.115957
-0.0318323	0.116874
-0.0310199	0.118748
-0.0315749	0.120288
-0.0294505	0.120788
-0.0251461	0.12538
-0.0222062	0.124051
-0.0190355	0.123079
-0.0149706	0.123096
-0.00980656	0.123474
-0.00663078	0.117285
-0.00237141	0.117156
-0.00119835	0.119583
0.000464169	0.120264
-0.00116251	0.118993
-0.00153903	0.12048
0.00122588	0.119985
0.00274554	0.123027
0.00180871	0.122691
0.00191817	0.125754
0.000806895	0.126867
0.0021339	0.128006
0.00523029	0.124803
0.00739703	0.122423
0.0106692	0.121282
0.013055	0.121561
0.0154602	0.121689
0.0143333	0.123806
0.0151417	0.12218
0.0190605	0.123216
0.0221364	0.124577
0.0231032	0.126091
0.0230718	0.123844
0.0222657	0.123872
0.0229897	0.11999
0.0252385	0.117149
0.0264982	0.119152
0.0290444	0.116748
0.0296158	0.115798
0.0333591	0.115485
0.0368158	0.117302
0.0376612	0.118389
0.0418945	0.118248
0.0433574	0.117491
0.0431036	0.117913
0.0449792	0.116905
0.045224	0.116611
0.0453315	0.115561
0.0475751	0.116062
0.0485399	0.116843
0.048134	0.115755
0.0491132	0.114035
0.05045	0.111783
0.0532648	0.110679
0.0543887	0.110857
0.0543715	0.110607
0.0567537	0.111057
0.0576544	0.10875
0.0581321	0.106784
0.0614953	0.107274
0.0636649	0.108997
0.0663981	0.10975
0.0651048	0.108427
0.0648547	0.10737
0.0699039	0.105362
0.0707333	0.104186
0.0737971	0.102975
0.0730744	0.103532
0.0756203	0.104556
0.0749939	0.104956
0.0742123	0.10468
0.0743493	0.104594
0.0749357	0.103305
0.0753482	0.10097
0.0751288	0.102445
0.0729071	0.10187
0.0742262	0.101308
0.0721293	0.0994604
0.072984	0.0972251
0.0758553	0.0990238
0.0782477	0.0993448
0.0788322	0.0981718
0.0779194	0.0975826
0.0790945	0.0965707
0.0773209	0.0937565
0.078724	0.0943476
0.0811705	0.0953951
0.0843456	0.0950076
0.0853424	0.0954153
0.0855362	0.096977
0.0854493	0.094123
0.0862391	0.0970924
0.0847407	0.0973717
0.0829413	0.0972588
0.0839169	0.0952383
0.0833011	0.0980819
0.0809158	0.100792
0.0803106	0.103726
0.0788965	0.100645
0.0784134	0.0995535
0.0760384	0.0974586
0.0751756	0.0995486
0.0734118	0.0978936
0.0740216	0.100433
0.075029	0.0981611
0.0748039	0.0956924
0.0731992	0.097717
0.0751292	0.0998784
0.0735908	0.0998357
0.0724858	0.100343
0.0698017	0.101845
0.0681393	0.101627
0.0673241	0.0999163
0.06464	0.0970191
0.0639499	0.100781
0.0580094	0.101273
0.0564021	0.102771
0.0529155	0.10431
0.0537599	0.104824
0.0544602	0.105187
0.0540662	0.105648
0.053464	0.106774
0.0512956	0.106718
0.0501837	0.107896
0.0524611	0.109939
0.0515156	0.110062
0.0491776	0.115115
0.0449782	0.113822
0.0421792	0.117506
0.0426369	0.117857
0.0381624	0.119899
0.0365319	0.121518
0.0382059	0.120821
0.0360941	0.11757
0.0331601	0.114635
0.030951	0.114459
0.029704	0.116269
0.0256349	0.117414
0.0233994	0.118423
0.0210657	0.119208
0.0185496	0.120207
0.0190996	0.120109
0.0191939	0.12157
0.0178083	0.122147
0.01496	0.124267
0.0128474	0.125138
0.00861149	0.125358
0.00789431	0.128432
0.00640534	0.127587
0.00297628	0.129935
0.0015761	0.130075
-0.000833955	0.12858
-0.00475589	0.123953
-0.00566963	0.124424
-0.0049269	0.12114
-0.00726807	0.120857
-0.0087757	0.122761
-0.0110617	0.124755
-0.0129525	0.122637
-0.0139032	0.123456
-0.0171742	0.122977
-0.0186044	0.121442
-0.0218048	0.122295
-0.0240547	0.122436
-0.0278497	0.124286
-0.0285246	0.123281
-0.0288286	0.124025
-0.0286967	0.122563
-0.0325394	0.118788
-0.0376924	0.117111
-0.036832	0.117333
-0.0407613	0.115847
-0.0401445	0.116836
-0.0427436	0.118869
-0.0426005	0.116251
-0.0416803	0.113711
-0.0437333	0.113282
-0.045529	0.111886
-0.0480741	0.112602
-0.0492301	0.112796
-0.0488694	0.113961
-0.0513501	0.115597
-0.0531028	0.113295
-0.0531968	0.11558
-0.0547163	0.115394
-0.0544765	0.114198
-0.0560048	0.1122
-0.0585233	0.113378
-0.0589384	0.111796
-0.0597962	0.111217
-0.0625096	0.112565
-0.0639211	0.112598
-0.064545	0.109613
-0.0660389	0.10756
-0.0662417	0.105595
-0.0662485	0.105604
-0.0675402	0.104167
-0.068416	0.102787
-0.0717113	0.0999384
-0.0746719	0.10036
-0.0763651	0.102056
-0.0783043	0.101787
-0.0776743	0.0998207
-0.0792168	0.0998838
-0.08004	0.0987953
-0.0791275	0.0979917
-0.0805521	0.0961897
-0.0803107	0.0959407
-0.0797308	0.0962595
-0.0810644	0.096865
-0.0829702	0.0978513
-0.0859463	0.0984704
-0.085246	0.0975835
-0.0855469	0.0934247
-0.0868654	0.0913637
-0.0885609	0.0926418
-0.0881012	0.0915309
-0.0897397	0.0906652
-0.0889655	0.0911437
-0.0862258	0.0908764
-0.0831758	0.0911842
-0.0822991	0.0928929
-0.0821794	0.0927959
-0.0807104	0.0915796
-0.0807014	0.0925301
-0.0800246	0.0926888
-0.0790095	0.0948387
-0.0806506	0.0962733
-0.0772469	0.0971075
-0.0746736	0.0961887
-0.0752425	0.0982908
-0.0750952	0.0987893
-0.0755208	0.0995111
-0.0707714	0.100142
-0.0728038	0.102669
-0.0681795	0.10549
-0.0647386	0.107088
-0.0644988	0.105711
-0.0630586	0.10556
-0.0618657	0.105837
-0.060869	0.104751
-0.0625044	0.105358
-0.0635256	0.105369
-0.0611125	0.106657
-0.0604719	0.110618
-0.0581314	0.112846
-0.0543139	0.113283
-0.0527787	0.110043
-0.0524414	0.110009
-0.0505636	0.109409
-0.050328	0.110882
-0.0480442	0.113481
-0.0467913	0.113737
-0.0463857	0.114589
-0.0446078	0.112881
-0.0433303	0.113504
-0.0411119	0.11469
-0.0408123	0.115515
-0.0390703	0.117517
-0.0411277	0.117642
-0.0382054	0.118224
-0.0393962	0.121288
-0.0394363	0.119174
-0.0384351	0.12137
-0.0383635	0.118577
-0.0370015	0.118034
-0.0365671	0.119043
-0.0341182	0.119552
-0.0301898	0.118924
-0.0273656	0.116426
-0.0256106	0.11926
-0.0232676	0.118361
-0.0169745	0.120484
-0.0153746	0.119136
-0.0140092	0.118225
-0.0154062	0.121021
-0.0163549	0.122075
-0.0144787	0.122124
-0.013627	0.122998
-0.00960505	0.126267
-0.0100438	0.125344
-0.00721337	0.127376
-0.00614812	0.125019
-0.000905197	0.12556
-0.00144055	0.124215
0.000695876	0.123813
0.000152729	0.123349
-0.00111272	0.12527
-0.00065642	0.123879
0.00257976	0.12469
0.00266046	0.122953
0.00344708	0.121889
0.00386794	0.120373
0.00743054	0.116784
0.00816482	0.11891
0.0101514	0.120471
0.0133206	0.120094
0.016009	0.122875
0.0204106	0.120105
0.022942	0.120895
0.0237884	0.122378
0.0261543	0.121896
0.0300819	0.121643
0.0331706	0.120697
0.0357225	0.12145
0.0362291	0.122185
0.0387345	0.120848
0.0402351	0.118708
0.0399191	0.114365
0.0440888	0.117172
0.0470908	0.114236
0.0490519	0.114729
0.0500965	0.115644
0.056327	0.116534
0.0591468	0.114729
0.0595319	0.113611
0.0592661	0.113009
0.060188	0.113358
0.0613937	0.112198
0.0610074	0.109282
0.0636872	0.108509
0.0661824	0.104138
0.0660617	0.105417
0.0694799	0.104653
0.069839	0.101466
0.0738872	0.101136
0.0761767	0.0976588
0.0762832	0.0963783
0.0748737	0.0945175
0.0770236	0.0933609
0.0782735	0.0921195
0.0831622	0.0937345
0.0880414	0.0952262
0.0852786	0.0919135
0.0880101	0.0915722
0.0867711	0.0918971
0.0873695	0.0890069
0.0911578	0.0877707
0.092021	0.0866051
0.0919259	0.0857688
0.0912685	0.0861282
0.0941574	0.0865413
0.0957419	0.0840567
0.0964261	0.0789369
0.0986903	0.076909
0.0994879	0.0772202
0.0979078	0.0754213
0.0969678	0.0743296
0.0988536	0.0756396
0.0965221	0.0765201
0.0924864	0.0761024
0.0933263	0.0747519
0.0895003	0.0746838
0.0911338	0.0778148
0.0906269	0.0790104
0.0897635	0.0806462
0.0865722	0.0844765
0.0868324	0.0868646
0.0875699	0.0864248
0.0868324	0.0866063
0.087201	0.0858346
0.0867003	0.0873112
0.08338	0.0884717
0.0828053	0.086949
0.0828258	0.0905032
0.0809916	0.0910319
0.0823898	0.0938614
0.0804756	0.0956648
0.0799494	0.0975351
0.0773712	0.0988661
0.0764004	0.0994004
0.0761051	0.0982667
0.0751658	0.0977834
0.072833	0.0991413
0.0721625	0.0989317
0.0693717	0.102388
0.0687424	0.0998108
0.0660273	0.104421
0.0654972	0.105035
0.0631763	0.104261
0.0631687	0.10607
0.0627596	0.105903
0.0608262	0.105705
0.0622018	0.107616
0.0586729	0.105968
0.0547379	0.106559
0.0525439	0.10782
0.052313	0.110475
0.0513235	0.109057
0.049366	0.111432
0.0508514	0.111842
0.050741	0.11122
0.0500762	0.111137
0.0477153	0.1112
0.0449044	0.109067
0.0452344	0.109391
0.0440603	0.108786
0.0430906	0.108691
0.0418402	0.110076
0.0389311	0.111294
0.0369348	0.114653
0.0325903	0.114954
0.0317926	0.114589
0.0297155	0.114243
0.0229131	0.113859
0.0236602	0.117236
0.0212319	0.119146
0.0202978	0.119516
0.0160474	0.116831
0.0140037	0.118915
0.0157894	0.117564
0.0145732	0.121563
0.0125278	0.123609
0.011836	0.122995
0.0090286	0.122531
0.00679313	0.123934
0.00368102	0.123892
0.00112739	0.126815
0.00144399	0.125204
-0.0025048	0.126234
-0.00248762	0.124027
-0.00166638	0.123405
0.000644085	0.124286
-0.00237022	0.125766
-0.00137941	0.124415
-0.000746826	0.125529
-0.0016461	0.124039
-0.00244629	0.12546
-0.00518305	0.126172
-0.00428947	0.126849
-0.0053871	0.125211
-0.0049802	0.127476
-0.00565462	0.128423
-0.00685758	0.127417
-0.00811207	0.123808
-0.0121898	0.126
-0.0129712	0.125319
-0.0176221	0.125104
-0.0191072	0.125977
-0.0201968	0.126153
-0.0214627	0.124611
-0.019138	0.1276
-0.0187496	0.127581
-0.0192645	0.12575
-0.0220379	0.12286
-0.022025	0.120341
-0.0216471	0.119087
-0.022428	0.121499
-0.0226343	0.121676
-0.0272724	0.120375
-0.0297827	0.122703
-0.0270578	0.122383
-0.027279	0.121548
-0.0275186	0.125842
-0.0278759	0.12403
-0.0272033	0.126253
-0.0285382	0.12568
-0.0313708	0.123798
-0.0326241	0.124312
-0.0294717	0.121942
-0.0297133	0.124369
-0.0319943	0.123381
-0.0324802	0.123917
-0.0358109	0.125302
-0.0342737	0.125115
-0.0362918	0.12356
-0.0382729	0.124644
-0.0378496	0.121669
-0.0393731	0.123808
-0.0426609	0.121056
-0.0418005	0.121524
-0.0456478	0.122965
-0.0474611	0.120748
-0.0511787	0.11882
-0.0523787	0.118482
-0.0528114	0.117569
-0.0516771	0.117826
-0.053552	0.115764
-0.0553177	0.116945
-0.0562931	0.116919
-0.0574744	0.112462
-0.0594153	0.109601
-0.0599106	0.110715
-0.0608022	0.108284
-0.0575999	0.114082
-0.0577625	0.111678
-0.0588281	0.111262
-0.0596428	0.109994
-0.0598449	0.105987
-0.0615219	0.10875
-0.0617772	0.107938
-0.0615341	0.108018
-0.0649404	0.107586
-0.0633682	0.108754
-0.0600177	0.106889
-0.0602005	0.107368
-0.0613555	0.106968
-0.0593829	0.107266
-0.0626095	0.108066
-0.063561	0.105225
-0.0661672	0.105982
-0.0678378	0.107166
-0.0688613	0.107466
-0.0675329	0.104423
-0.0684648	0.101762
-0.069329	0.0996629
-0.0710674	0.100463
-0.0734553	0.101657
-0.0738875	0.100304
-0.0755169	0.099153
-0.0743482	0.0985804
-0.0778509	0.0951247
-0.0767216	0.0932703
-0.0806736	0.0938475
-0.0817597	0.0929769
-0.0820129	0.0944312
-0.0829338	0.0927164
-0.0817724	0.0922614
-0.0806534	0.0916759
-0.0795249	0.094768
-0.0759575	0.0951279
-0.0747025	0.0953791
-0.0720264	0.097262
-0.0710254	0.100289
-0.0712481	0.102369
-0.0691641	0.102728
-0.0681419	0.104677
-0.0661395	0.105966
-0.0641238	0.104819
-0.0645756	0.105124
-0.0636787	0.107057
-0.0623512	0.107383
-0.0568235	0.110441
-0.0574813	0.110344
-0.0567735	0.110875
-0.053929	0.109395
-0.0545893	0.109122
-0.0517304	0.109679
-0.0523528	0.111949
-0.0514972	0.111384
-0.0519297	0.11428
-0.0517601	0.114604
-0.0486902	0.116196
-0.0474253	0.115762
-0.0471437	0.11652
-0.0485917	0.117938
-0.0466926	0.117221
-0.0442771	0.11731
-0.0452269	0.115857
-0.042487	0.114512
-0.0421953	0.113393
-0.0391043	0.114641
-0.0373348	0.117907
-0.0359659	0.118664
-0.0332099	0.120372
-0.0327916	0.122817
-0.0313798	0.120583
-0.0266677	0.119985
-0.0249937	0.115621
-0.0221243	0.116174
-0.0205791	0.116329
-0.0162846	0.11649
-0.0121147	0.118452
-0.0110887	0.118198
-0.00746506	0.119355
-0.00389042	0.121574
-0.0026102	0.123619
-0.000986522	0.118997
0.000664079	0.119409
0.00116348	0.122466
0.0043802	0.121929
0.00924845	0.121392
0.0106338	0.121813
0.0124888	0.121162
0.0154471	0.122161
0.0174323	0.121351
0.0194081	0.12369
0.0204238	0.122145
0.0233103	0.120283
0.0246688	0.11765
0.0281641	0.116808
0.0301351	0.115823
0.030564	0.115931
0.0329037	0.119663
0.0337558	0.11808
0.0389909	0.119181
0.0394687	0.118424
0.0431263	0.118606
0.0472082	0.114682
0.0514807	0.113724
0.0540003	0.113537
0.0601536	0.11126
0.0600657	0.110797
0.0608769	0.112042
0.0611446	0.109578
0.0608588	0.110504
0.0629613	0.110374
0.0636574	0.1108
0.0642998	0.107812
0.0641126	0.110576
0.0646367	0.110904
0.0654014	0.110218
0.0674877	0.109891
0.0673032	0.10758
0.0671843	0.108237
0.0686645	0.108986
0.0703222	0.109229
0.0712859	0.107189
0.0741184	0.107049
0.0730681	0.107625
0.0751093	0.106386
0.0754046	0.104992
0.076042	0.101968
0.0776473	0.100422
0.0784699	0.0970006
0.0813563	0.0970362
0.0824944	0.0960995
0.0850316	0.093593
0.0817023	0.0955028
0.0819977	0.0933098
0.0805491	0.0969292
0.0815681	0.0974348
0.0796875	0.098669
0.0787032	0.101475
0.0761982	0.0987454
0.0756908	0.099669
0.0742562	0.100008
0.0711621	0.101716
0.0701003	0.101534
0.0674177	0.10012
0.0657282	0.0995973
0.0625828	0.103082
0.0611832	0.105653
0.0605537	0.107534
0.0593101	0.108608
0.0579662	0.108984
0.0559902	0.111109
0.0524044	0.109745
0.0542674	0.113076
0.0550782	0.113592
0.0563289	0.114794
0.0524128	0.11132
0.05134	0.11189
0.0484074	0.108619
0.0478353	0.110911
0.0447866	0.112537
0.0444439	0.113339
0.0421733	0.114552
0.0445259	0.114163
0.0429823	0.113924
0.0434968	0.117528
0.043665	0.117656
0.0427544	0.1189
0.0393667	0.118116
0.03728	0.117832
0.0376198	0.120487
0.0340151	0.118422
0.0333519	0.119927
0.03146	0.118356
0.029387	0.11932
0.026122	0.119207
0.0249075	0.118299
0.0218189	0.120269
0.0217848	0.11861
0.0198108	0.119757
0.0167954	0.118938
0.0136661	0.118102
0.00683421	0.118603
0.00360647	0.120003
0.00349692	0.118667
0.00473212	0.119324
0.00287731	0.121041
0.000880693	0.121279
-0.00183817	0.122614
-0.00440062	0.124292
-0.00668769	0.125422
-0.0107092	0.125863
-0.0122677	0.126545
-0.0138654	0.125131
-0.0147683	0.12221
-0.0174178	0.122333
-0.0169444	0.122407
-0.0189743	0.119878
-0.0207116	0.118638
-0.0215586	0.121582
-0.0249141	0.11967
-0.0276103	0.11884
-0.0300047	0.121109
-0.0330077	0.121981
-0.0320006	0.117587
-0.032575	0.119562
-0.0340421	0.120389
-0.0373563	0.124268
-0.037399	0.121739
-0.0383272	0.120819
-0.0402662	0.120753
-0.0389052	0.121438
-0.0402698	0.119282
-0.0428276	0.121593
-0.0442746	0.11905
-0.0465062	0.119825
-0.0489799	0.118452
-0.0520989	0.120676
-0.0510572	0.117894
-0.0525802	0.118307
-0.0566856	0.118363
-0.058644	0.113909
-0.059692	0.115765
-0.0596543	0.113597
-0.0554679	0.109483
-0.0546584	0.109821
-0.0536104	0.111477
-0.0574561	0.110867
-0.0568369	0.111194
-0.0544848	0.112093
-0.0561267	0.112607
-0.0564435	0.111386
-0.0601835	0.11245
-0.0594012	0.109939
-0.0572639	0.109674
-0.0617037	0.110984
-0.0594837	0.107668
-0.0627565	0.10731
-0.0653312	0.106148
-0.0663074	0.106899
-0.0688507	0.109377
-0.0694475	0.108276
-0.0687724	0.105113
-0.0717914	0.105664
-0.0719776	0.106752
-0.0732936	0.107893
-0.0703408	0.107156
-0.0686107	0.106714
-0.0675304	0.106523
-0.0639266	0.107175
-0.0630789	0.109155
-0.062587	0.107409
-0.0628072	0.111002
-0.0608385	0.109453
-0.0581469	0.112694
-0.0576696	0.110923
-0.0528472	0.113134
-0.0517989	0.114583
-0.0506997	0.11517
-0.0491851	0.114303
-0.0468111	0.114619
-0.045393	0.117148
-0.0442699	0.119089
-0.0414349	0.121397
-0.0399672	0.122252
-0.0376495	0.120521
-0.0346076	0.120135
-0.0313619	0.119585
-0.0294022	0.118509
-0.0277358	0.11816
-0.0274306	0.118297
-0.0263651	0.121038
-0.0240936	0.120968
-0.0209654	0.122924
-0.0184518	0.121786
-0.0171959	0.122795
-0.0117376	0.122485
-0.0108501	0.119858
-0.01078	0.118528
-0.00906187	0.11795
-0.00789391	0.117644
-0.0048747	0.117786
-0.0023242	0.120139
0.00010474	0.123763
0.0044582	0.125155
0.00849298	0.128418
0.0094179	0.126237
0.0106454	0.126835
0.010097	0.127531
0.0128379	0.124983
0.0115659	0.124655
0.0125527	0.126943
0.0141745	0.127186
0.0158044	0.126138
0.016915	0.125138
0.0226221	0.123776
0.0239674	0.124681
0.0249553	0.122859
0.0273441	0.122342
0.0311912	0.122716
0.031673	0.119837
0.0310683	0.115692
0.0333531	0.114622
0.0348969	0.114064
0.0380655	0.116004
0.0404247	0.114221
0.0397918	0.114292
0.0418525	0.118536
0.0438048	0.117962
0.0441352	0.114988
0.046452	0.11525
0.0464452	0.113235
0.0472446	0.111569
0.0499796	0.113344
0.0489502	0.111183
0.0514549	0.112615
0.0502641	0.113543
0.0518102	0.113588
0.0521007	0.115082
0.0534324	0.116265
0.0553077	0.112841
0.0576898	0.110374
0.0570016	0.111599
0.0585014	0.111315
0.0594627	0.110882
0.0602402	0.111753
0.0580616	0.113548
0.0556935	0.115684
0.054565	0.117147
0.0529672	0.118256
0.0507222	0.116403
0.0510179	0.115288
0.0476074	0.114396
0.0429263	0.115689
0.0418007	0.115967
0.0402147	0.116094
0.0366305	0.113635
0.0340925	0.112437
0.0336435	0.116749
0.0296267	0.118374
0.0273626	0.118457
0.0221158	0.118079
0.0217406	0.12025
0.0185447	0.123155
0.0181246	0.123995
0.0177978	0.124306
0.0176431	0.125865
0.0172798	0.127839
0.0146998	0.124382
0.00999487	0.125706
0.00930804	0.127411
0.0060101	0.128055
0.00772919	0.12601
0.00326606	0.12409
0.0013924	0.129175
0.00246605	0.126922
0.000803312	0.12763
-0.00256235	0.125667
-0.00383976	0.129092
-0.00407704	0.125947
-0.00711592	0.12533
-0.0123225	0.12648
-0.0164085	0.126665
-0.019646	0.124837
-0.0189505	0.125432
-0.0211066	0.126297
-0.0212309	0.124422
-0.0256031	0.122351
-0.0271512	0.123294
-0.0262709	0.125924
-0.0308954	0.127661
-0.0314205	0.128991
-0.0322523	0.125796
-0.0346884	0.126097
-0.036092	0.123661
-0.0357342	0.122771
-0.0368625	0.123661
-0.0407976	0.120929
-0.0443936	0.123002
-0.0470863	0.122518
-0.0466301	0.119927
-0.0464652	0.118408
-0.0455587	0.118885
-0.0483883	0.119601
-0.0496454	0.116974
-0.0528196	0.118401
-0.0538488	0.119201
-0.0508286	0.119606
-0.0502246	0.119064
-0.0492923	0.117985
-0.0462418	0.116543
-0.046072	0.116037
-0.0448169	0.117266
-0.0420416	0.11633
-0.0417746	0.118384
-0.0403874	0.121474
-0.0382361	0.120573
-0.0352125	0.120879
-0.0301215	0.119558
-0.0275968	0.121869
-0.0280716	0.122989
-0.0291795	0.122775
-0.0276704	0.122105
-0.0267769	0.1241
-0.0243272	0.125313
-0.022476	0.123802
-0.0214841	0.122403
-0.02029	0.124562
-0.0183856	0.122999
-0.0164091	0.125918
-0.0161799	0.123201
-0.0160259	0.120998
-0.0128218	0.124508
-0.0123572	0.124343
-0.0101781	0.125189
-0.0080876	0.125583
-0.00793922	0.12586
-0.00877616	0.122531
-0.00794168	0.121288
-0.00384639	0.122868
0.000243412	0.124749
0.00378562	0.128402
0.00738904	0.128365
0.00803633	0.127234
0.0107852	0.127662
0.0127694	0.12637
0.0148254	0.125334
0.0163671	0.125882
0.0171493	0.12637
0.0171823	0.124574
0.0159159	0.125284
0.0157302	0.12246
0.0195847	0.123215
0.022901	0.122406
0.0254253	0.123478
0.0256243	0.125014
0.0275059	0.124271
0.0263873	0.121835
0.0262141	0.121739
0.0288888	0.121414
0.0332919	0.120001
0.0349706	0.118168
0.038635	0.119661
0.0417261	0.121081
0.0417031	0.120552
0.0430975	0.120316
0.0432767	0.119566
0.0451295	0.118335
0.0453071	0.116222
0.0455355	0.115604
0.0490934	0.119076
0.0513228	0.117751
0.0548839	0.119016
0.0530918	0.117766
0.049799	0.11377
0.0489993	0.113227
0.0467974	0.112361
0.0457025	0.117161
0.0415672	0.118184
0.041257	0.118283
0.0379451	0.119418
0.0363303	0.116782
0.0347886	0.116784
0.0327316	0.118306
0.029804	0.118241
0.0271887	0.120464
0.0266153	0.119788
0.0277784	0.121026
0.0259367	0.122805
0.0226	0.123909
0.0216662	0.123412
0.0196733	0.125115
0.0185381	0.125868
0.0178093	0.124322
0.0205902	0.124945
0.0177707	0.125541
0.0161407	0.125139
0.0133672	0.122985
0.0134752	0.123067
0.0107266	0.122635
0.0106541	0.126064
0.00987391	0.125622
0.00565125	0.124107
0.00332897	0.124475
0.00460955	0.126669
0.00214222	0.124785
0.000765824	0.125419
-0.00229611	0.124486
-0.00192277	0.127328
-0.00294345	0.128167
-0.00321863	0.128505
-0.0031641	0.132744
-0.00617064	0.129779
-0.00668143	0.129879
-0.00892041	0.128438
-0.010156	0.126428
-0.00993348	0.125581
-0.0113703	0.125464
-0.0136582	0.124651
-0.0122974	0.123019
-0.0130513	0.124056
-0.0171401	0.123787
-0.0186759	0.12006
-0.0199175	0.121233
-0.0234114	0.123593
-0.0231794	0.123732
-0.0238923	0.125723
-0.0281181	0.12423
-0.0299649	0.121333
-0.0299686	0.121636
-0.0292381	0.121055
-0.0298417	0.121905
-0.031917	0.12238
-0.0324682	0.122372
-0.0348633	0.120622
-0.0360184	0.120499
-0.0360751	0.120189
-0.0372079	0.121554
-0.037525	0.119927
-0.0354797	0.117301
-0.037101	0.118202
-0.0385814	0.121075
-0.0421303	0.118717
-0.0449824	0.116099
-0.0453227	0.116594
-0.0449994	0.117692
-0.0416974	0.118421
-0.040487	0.118426
-0.0381863	0.119635
-0.0351572	0.120357
-0.0336802	0.121155
-0.0332071	0.121555
-0.0315083	0.125618
-0.0291637	0.126032
-0.0247707	0.127654
-0.0232898	0.125671
-0.0206932	0.124823
-0.0197603	0.125077
-0.0173018	0.123088
-0.0133668	0.123911
-0.0103176	0.125044
-0.010869	0.124653
-0.00956332	0.125041
-0.00898293	0.124031
-0.00864861	0.124222
-0.00323434	0.12371
-0.00153429	0.126486
6.22572e-05	0.126774
0.00370234	0.125458
0.00642818	0.124676
0.00858998	0.123732
0.0109764	0.123071
0.0126986	0.122031
0.0144924	0.121832
0.0164964	0.121254
0.0161014	0.124552
0.0147992	0.123128
0.0173031	0.121796
0.0185712	0.124534
0.0213136	0.124689
0.0218178	0.124779
0.0245474	0.125448
0.0256763	0.121883
0.0241022	0.122278
0.0252746	0.125927
0.0242628	0.127659
0.0281336	0.123284
0.029753	0.122259
0.0322477	0.121742
0.036081	0.121546
0.037758	0.121961
0.0411504	0.122403
0.0401578	0.124021
0.039393	0.123785
0.0369975	0.122555
0.0357752	0.122475
0.0361917	0.121584
0.0340863	0.120471
0.0305747	0.119213
0.0283281	0.117747
0.0249349	0.122114
0.0255647	0.123671
0.0223394	0.124883
0.0220143	0.123631
0.0199447	0.122219
0.0190911	0.119747
0.018612	0.121407
0.0190434	0.120016
0.0148594	0.122268
0.0120951	0.120656
0.00786095	0.122442
0.00641307	0.119814
0.00438687	0.122055
0.000862875	0.121436
0.00166333	0.120881
-6.46878e-05	0.120114
-0.00087909	0.119414
-0.00416862	0.120158
-0.00654327	0.121791
-0.00710458	0.122998
-0.00846846	0.123508
-0.00979582	0.124987
-0.0126935	0.125846
-0.0147098	0.125522
-0.0170108	0.125106
-0.0191378	0.12201
-0.0223047	0.122321
-0.024239	0.123116
-0.0250249	0.122722
-0.0279514	0.122039
-0.0289371	0.12183
-0.0324987	0.120341
-0.0337794	0.120877
-0.0331966	0.121316
-0.0336762	0.121846
-0.0327668	0.119828
-0.0336341	0.121746
-0.0327392	0.119841
-0.0335921	0.12313
-0.0325081	0.120113
-0.0309354	0.124586
-0.0299246	0.123844
-0.0296006	0.123497
-0.0290232	0.122096
-0.0247581	0.124074
-0.0246203	0.124761
-0.0232155	0.121699
-0.0211726	0.12133
-0.0164955	0.120748
-0.013286	0.121258
-0.00902917	0.121225
-0.00756011	0.119879
-0.00835538	0.121415
-0.00794325	0.124371
-0.00630862	0.121522
-0.00490948	0.122651
-0.00402371	0.123153
0.00041538	0.122588
0.00248589	0.123872
0.00130986	0.124101
0.00211981	0.123956
0.00602296	0.122941
0.00817308	0.12293
0.0116395	0.124485
0.0134455	0.126226
0.0146976	0.126074
0.0164448	0.126391
0.0174813	0.125216
0.0177968	0.125718
0.0201557	0.123431
0.0196132	0.121416
0.0193538	0.120122
0.0226161	0.120793
0.0240456	0.120924
0.0265942	0.123147
0.0253772	0.125571
0.024115	0.124724
0.0274505	0.12683
0.0255005	0.128018
0.0260941	0.127817
0.024537	0.12706
0.0214399	0.128881
0.0157077	0.131507
0.012046	0.129099
0.0091852	0.124781
0.00778562	0.124463
0.00708591	0.123344
0.00108101	0.123702
-0.00240649	0.125341
-0.00293015	0.125702
-0.00450506	0.126138
-0.00546599	0.124485
-0.00504426	0.127353
-0.00844606	0.125559
-0.00670591	0.126053
-0.00945493	0.12422
-0.0121709	0.124157
-0.0139947	0.127106
-0.0180281	0.127533
-0.01638	0.125873
-0.0180956	0.126615
-0.0171264	0.127237
-0.0180247	0.126291
-0.0171608	0.123453
-0.0178347	0.122283
-0.0154465	0.122513
-0.0139851	0.121178
-0.0122998	0.121394
-0.00889871	0.121418
-0.00710449	0.123362
-0.00491522	0.123495
-0.00428577	0.125553
-0.000151033	0.123012
0.00206228	0.123597
0.00534902	0.123056
0.0064171	0.122413
0.0116747	0.123208
0.0136746	0.120598
0.0146928	0.119901
0.0153878	0.118564
0.0145054	0.118164
0.0137136	0.119782
0.0147566	0.119593
0.0122984	0.1211
0.0111507	0.119801
0.00764788	0.122298
0.0098759	0.121512
0.00836615	0.12178
0.00720551	0.122294
0.00585787	0.123666
0.00364218	0.124485
0.0049971	0.126604
0.00131387	0.129658
0.00118454	0.127049
-0.000468294	0.12669
-0.000790884	0.126954
-0.00370272	0.123932
-0.00476498	0.123036
-0.00418824	0.122485
-0.00862294	0.123397
-0.010099	0.123565
-0.0111639	0.124069
-0.0147772	0.126319
-0.0148256	0.12657
-0.0145905	0.125014
-0.012111	0.125535
-0.00948702	0.127404
-0.00661807	0.127553
-0.00697916	0.1259
-0.00542443	0.126694
-0.00436778	0.124997
-0.000179756	0.125435
0.00109297	0.1259
0.00268936	0.124444
0.00102229	0.127554
-0.000244401	0.128914
0.0032307	0.129117
0.00483671	0.129589
0.00562375	0.129964
0.00741689	0.129249
0.0093431	0.130068
0.0113053	0.128561
0.0106187	0.12875
0.00757939	0.125192
0.00608847	0.121381
0.0030483	0.120919
0.00288276	0.122527
0.00195407	0.124951
-0.000176944	0.12498
-0.00442804	0.127282
-0.0067472	0.126619
-0.00884772	0.128367
-0.0107379	0.128152
-0.00933399	0.128501
-0.0072983	0.128753
-0.00385364	0.125901
-0.00179373	0.125634
0.000572205	0.125784
0.00164719	0.126509
0.00493714	0.125269
0.00556397	0.124948
0.00632421	0.122283
0.00804792	0.123662
0.00762812	0.127609
0.00463469	0.124749
0.00141597	0.12594
-0.000629374	0.127844
-0.000812794	0.126995
-0.00258059	0.128406
-0.00580325	0.129238
-0.0105421	0.129402
-0.00713963	0.127443
-0.00718668	0.127339
-0.00519377	0.127096
-0.00503496	0.128486
-0.00439999	0.128483
-0.00132935	0.129585
-0.00148756	0.128996
0.00208653	0.12863
0.0023536	0.126698
0.00315427	0.125854
0.00370075	0.123997
0.00503318	0.124953
0.00525648	0.123837
0.00726254	0.123484
0.00932078	0.125523
0.00761982	0.126408
0.00561174	0.125475
0.0022011	0.126099
-0.00166507	0.127785
-0.00144258	0.124555
-0.00366538	0.126128
-0.00301328	0.127672
-0.00358838	0.128358
-0.00520906	0.129349
-0.00271919	0.125732
-0.00219658	0.124274
-0.000920196	0.124667
0.000381459	0.123495
0.00326377	0.124183
0.00627922	0.123141
0.000928578	0.122796
0.00134421	0.122353
-0.0002733	0.122166
0.000751663	0.125673
-9.18075e-05	0.125254
-0.00224505	0.124834
-0.00326274	0.122603
-0.00150261	0.122855
-0.000426667	0.122843
-0.00287963	0.121561
0.000662814	0.121329
0.00241901	0.120584
0.00354832	0.11991
0.000715311	0.120541
-0.000587152	0.124067
-0.0045518	0.125736
-0.00361716	0.126429
-0.00110008	0.127245
-0.00300925	0.129588
-0.000768105	0.127602
0.00191402	0.12576
0.00116032	0.125778
0.00474987	0.126717
0.00427374	0.127011
0.00460892	0.122515
0.00344944	0.120168
0.00121076	0.11986
-0.00109595	0.121771
-0.00385803	0.121898
-0.00639265	0.123107
-0.0041257	0.12197
-0.00437623	0.122566
-0.000860822	0.121376
0.000855203	0.119231
0.00246715	0.123252
0.00352061	0.124072
0.00642366	0.125021
0.0045989	0.125604
0.00468424	0.124554
0.00278544	0.125811
-0.000210734	0.127853
-0.00143021	0.124646
-0.00255851	0.123317
-0.00580605	0.127239
-0.00958709	0.128706
-0.00763245	0.1266
-0.004287	0.128997
-0.0013633	0.128224
0.000907349	0.128161
0.000627258	0.12685
0.00101533	0.127705
0.00403134	0.125746
0.00476256	0.125791
0.00918081	0.12341
0.00907441	0.127216
0.00754663	0.124721
0.00611911	0.125182
0.00244547	0.125397
0.00035342	0.125136
1.42688e-05	0.12615
-0.00312962	0.125551
-0.0043999	0.125013
-0.00534155	0.125962
-0.00961375	0.126459
-0.00915451	0.126752
-0.00631883	0.12674
-0.00523794	0.127413
-0.00123015	0.127888
-0.00233435	0.126626
0.00215483	0.125191
0.00485503	0.125928
0.00829816	0.126087
0.00911898	0.124592
0.00493724	0.125578
-0.00108522	0.127019
-0.00527026	0.128191
-0.00545216	0.124112
-0.00566572	0.124879
-0.00257053	0.126431
-0.000809007	0.125841
-0.00193124	0.127228
-0.000839868	0.127831
0.00298189	0.130012
0.00412434	0.129403
0.00455755	0.12817
0.00582426	0.126058
0.00525714	0.12675
0.00433717	0.129224
0.00470982	0.128054
0.00264691	0.126099
-0.000470912	0.125252
-0.00110055	0.127564
-0.00196222	0.129618
-0.00277124	0.13008
-0.00364059	0.126624
-0.00455428	0.124417
-0.0060083	0.126782
-0.00826288	0.128282
-0.00810379	0.127286
-0.00635806	0.129138
-0.00611823	0.128899
-0.00462259	0.1255
-0.00552665	0.126939
-0.00195125	0.12466
-0.00043814	0.121031
-0.00075723	0.124621
0.00332673	0.12432
0.00400508	0.125463
0.00793421	0.125473
0.00796278	0.125695
0.00739098	0.12456
0.0073204	0.121818
0.00780165	0.122594
0.00268314	0.120961
-8.58884e-05	0.122383
-0.00120325	0.122832
-0.000674054	0.126039
-0.00594635	0.127487
-0.0011657	0.125406
-0.000320335	0.125595
0.000400489	0.124411
0.00134372	0.122539
0.00184548	0.118394
0.000409435	0.122332
-0.00419949	0.12484
-0.00380023	0.12524
-0.00146825	0.127685
0.00440704	0.124689
0.00520825	0.125349
0.00598762	0.127527
0.00215894	0.126578
0.000151309	0.125892
-0.00135576	0.127756
-0.00193631	0.126664
-0.00288113	0.129032
-0.0032954	0.128237
-0.00125144	0.130343
0.00203	0.127715
-0.00119675	0.128105
0.00196997	0.126914
0.00050872	0.126844
-0.000441583	0.125139
-0.00169049	0.124637
-0.00310205	0.126151
-0.00177901	0.126819
-0.000867809	0.125789
-0.000824047	0.125487
-0.000823721	0.122144
-0.00329766	0.122486
0.000504724	0.123388
0.00399953	0.125656
0.00689068	0.126234
0.00528216	0.125811
0.00271825	0.126188
-0.00114204	0.125317
-0.000730236	0.124784
-0.00225606	0.129442
-0.00539938	0.13099
-0.00639302	0.129629
-0.00655776	0.129446
-0.00609623	0.126525
-0.00140973	0.127695
-4.53515e-05	0.127778
0.00162933	0.13003
0.00497119	0.127169
0.00661922	0.127783
0.00925807	0.126767
0.00824805	0.124764
0.00602907	0.122797
0.00222315	0.122749
0.00454105	0.119327
0.00291895	0.121707
0.00190877	0.123486
-0.000917091	0.124237
-0.00718023	0.124308
-0.00733478	0.125618
-0.00890756	0.125152
-0.0123347	0.123579
-0.00960501	0.12535
-0.00918697	0.12648
-0.00500951	0.126183
-0.00351949	0.12545
-0.00441339	0.124434
-0.00115337	0.124324
-0.000617425	0.123787
0.00174029	0.124629
0.00436053	0.125
0.00869305	0.126418
0.00674479	0.127913
0.00717026	0.129722
0.00663604	0.128761
0.00741018	0.127086
0.00608071	0.126335
0.00246242	0.128508
0.0023404	0.12885
0.00130218	0.130697
-0.00132719	0.130379
-0.00322467	0.131205
-0.00305985	0.132485
-0.00470107	0.133236
-0.00350524	0.129942
-0.00196334	0.132058
-0.000310651	0.133602
0.000967502	0.134649
0.00347066	0.131077
0.00451426	0.128293
0.00652039	0.126542
-0.000450892	0.124263
-0.000112112	0.12398
-0.00384784	0.124645
-0.00477814	0.125469
-0.00302662	0.127558
-0.00100479	0.126489
-0.00154956	0.127134
4.43973e-05	0.129235
0.00556293	0.128234
0.00326293	0.127575
-0.000241518	0.126821
-0.00398046	0.12359
-0.00199346	0.125148
0.0014573	0.125276
0.0038107	0.124407
0.00300802	0.122988
-0.000906569	0.122665
0.000364749	0.124882
-0.00223636	0.124594
-0.00517853	0.12648
-0.00370634	0.126342
-0.000664609	0.127967
-0.00346263	0.12519
-0.00320425	0.122868
-0.0026313	0.124577
-0.00307019	0.122782
-0.00211013	0.124923
0.000680313	0.124305
0.0013625	0.126362
0.00389375	0.125846
0.00700561	0.12515
0.00982394	0.125415
0.00859105	0.126323
0.00693702	0.12551
0.00683795	0.125652
0.00713409	0.125346
0.00755051	0.126167
0.00549236	0.129275
0.00339786	0.129592
0.00151404	0.125741
-0.00173844	0.128031
-0.00505724	0.126335
-0.00912627	0.124912
-0.00921194	0.122981
-0.0099903	0.122853
-0.012689	0.121462
-0.0116691	0.120384
-0.0110176	0.1231
-0.00939017	0.124601
-0.00479214	0.12392
-0.00144803	0.122291
0.00271982	0.124062
0.00402329	0.123854
0.0077718	0.124749
0.00589323	0.124927
0.0100021	0.125879
0.0124892	0.126051
0.0141579	0.126995
0.0119566	0.125587
0.0111274	0.126699
0.00919816	0.126743
0.00675435	0.126756
0.00289902	0.129406
0.000165675	0.130029
-8.69584e-05	0.132624
0.00109474	0.130949
0.000247587	0.130742
-0.00500983	0.127938
-0.00863916	0.12814
-0.0108141	0.126268
-0.0162859	0.128704
-0.0173812	0.127928
-0.0203213	0.126218
-0.021132	0.12539
-0.0207899	0.123605
-0.019799	0.123106
-0.0184633	0.123485
-0.0184208	0.123244
-0.0148918	0.12543
-0.0135616	0.122422
-0.013351	0.124184
-0.0136091	0.123167
-0.0124361	0.124789
-0.00831066	0.122893
-0.00703403	0.122219
-0.00187086	0.120718
-0.00313051	0.123162
-0.00411011	0.120798
0.00164758	0.121915
0.00200478	0.122916
0.00328133	0.125639
0.00359361	0.123281
0.0049928	0.123425
0.00815887	0.122193
0.00936118	0.12199
0.0118956	0.122554
0.0117178	0.123165
0.0152857	0.127235
0.0172783	0.124579
0.0202583	0.124549
0.0224839	0.125019
0.0225143	0.126276
0.0260265	0.12865
0.0271012	0.126699
0.0254843	0.126294
0.0238022	0.124048
0.0199687	0.121737
0.0187288	0.122501
0.0173045	0.125008
0.0144281	0.123436
0.0133232	0.12232
0.0107048	0.120465
0.0102994	0.122188
0.00765125	0.124213
0.00786949	0.125208
0.00486542	0.124594
0.0040226	0.122187
0.00612634	0.1244
0.00272999	0.125896
0.000918512	0.12682
0.00204342	0.125812
0.00123905	0.126454
0.000758517	0.126974
0.000804435	0.127107
-0.00384381	0.12663
-0.00631469	0.125751
-0.00797822	0.126223
-0.00566812	0.125852
-0.00768522	0.126282
-0.00824959	0.126614
-0.00826995	0.125286
-0.00997456	0.123718
-0.0146034	0.124327
-0.0145758	0.123979
-0.0169427	0.121827
-0.0174705	0.122721
-0.0171974	0.126355
-0.019555	0.122259
-0.0194081	0.12175
-0.02031	0.119262
-0.0186785	0.119798
-0.0160816	0.119882
-0.0143406	0.123561
-0.0164814	0.125969
-0.0136879	0.126928
-0.0130389	0.12507
-0.0135271	0.124531
-0.0112541	0.125176
-0.0104891	0.126169
-0.00842348	0.127458
-0.00457434	0.127772
-0.000678673	0.126934
-0.00365143	0.128702
-0.00311789	0.128794
-0.00445786	0.125419
-0.00336592	0.126568
-0.000403589	0.124262
0.00136853	0.121434
0.00244734	0.122365
0.00160082	0.122016
0.0024428	0.12253
0.00562091	0.12358
0.00770815	0.125211
0.0112468	0.127253
0.0130013	0.125399
0.012666	0.126477
0.0128687	0.124666
0.0149566	0.123569
0.0131863	0.123399
0.0151667	0.120418
0.0145202	0.11842
0.0161976	0.120064
0.0197202	0.121065
0.018824	0.119336
0.0158832	0.119224
0.0130058	0.116196
0.0143879	0.117943
0.0143397	0.117919
0.0144721	0.119282
0.0152755	0.117194
0.0146172	0.117386
0.011356	0.122213
0.0107082	0.121476
0.00906627	0.123794
0.0086071	0.121512
0.00743538	0.123478
0.00625194	0.123231
0.00300951	0.125294
-0.000819409	0.12649
-0.00284006	0.126895
-0.00503062	0.129113
-0.00842163	0.128545
-0.0124975	0.129531
-0.0119953	0.128603
-0.0142587	0.126509
-0.0153118	0.128628
-0.0177595	0.127892
-0.0202961	0.127442
-0.020184	0.125667
-0.0220296	0.127031
-0.0237081	0.12524
-0.02569	0.126483
-0.0233989	0.126921
-0.020313	0.127177
-0.0196918	0.128703
-0.0197237	0.127755
-0.0212226	0.12589
-0.0208404	0.123376
-0.0192131	0.123084
-0.0180911	0.125231
-0.0167763	0.124485
-0.016722	0.125127
-0.0155074	0.124594
-0.0161285	0.125681
-0.014762	0.126902
-0.0142158	0.124822
-0.0118956	0.121944
-0.00583569	0.123981
-0.00509374	0.123388
-0.00540383	0.125032
-0.00199481	0.125019
-0.00330454	0.12704
-0.000273547	0.12665
0.000605751	0.126157
0.00221172	0.124102
0.00275103	0.12672
0.0054896	0.124284
0.006461	0.12358
0.00828439	0.127924
0.00990699	0.128097
0.0105518	0.126918
0.010275	0.127048
0.0114665	0.127369
0.0123186	0.126975
0.0167544	0.124467
0.0166941	0.124244
0.0192772	0.126626
0.0182473	0.126054
0.0211817	0.126456
0.0234854	0.125947
0.0238382	0.124102
0.0244762	0.123098
0.0283812	0.120693
0.0320123	0.120735
0.0330494	0.121006
0.0313347	0.121753
0.0312134	0.123217
0.0276763	0.123239
0.027411	0.119879
0.0261613	0.119651
0.0240749	0.120576
0.0261225	0.119584
0.024856	0.121036
0.0266494	0.118062
0.0255105	0.118746
0.0244459	0.122468
0.0222326	0.123563
0.01981	0.123058
0.0187107	0.122234
0.0148439	0.123911
0.0135008	0.125532
0.0117706	0.125506
0.0107723	0.122925
0.011547	0.126583
0.00816136	0.125283
0.00695185	0.121539
0.00502077	0.121333
0.00724675	0.123244
0.00572575	0.12231
0.00412504	0.127645
0.0032024	0.126722
-0.000106127	0.126638
-0.0019617	0.125749
-0.00261434	0.126795
-0.00565742	0.127882
-0.00813903	0.126623
-0.00887096	0.121856
-0.0105929	0.125386
-0.010574	0.12516
-0.012567	0.125104
-0.0170701	0.125109
-0.0185026	0.124032
-0.0190361	0.12283
-0.0197611	0.123398
-0.0202869	0.123571
-0.0223897	0.121748
-0.0272967	0.120882
-0.0289985	0.121652
-0.03347	0.120187
-0.0357813	0.120439
-0.0370086	0.121372
-0.0417636	0.123979
-0.0429963	0.124023
-0.0462023	0.124239
-0.0444938	0.1214
-0.0425061	0.121254
-0.0371997	0.122578
-0.0353251	0.124616
-0.0342334	0.121624
-0.031378	0.121542
-0.0264253	0.121935
-0.0238276	0.123172
-0.0217489	0.125771
-0.0222649	0.126229
-0.0182519	0.124638
-0.0180621	0.126832
-0.0194665	0.12554
-0.0180171	0.127481
-0.014977	0.126677
-0.0157325	0.127745
-0.0120067	0.12543
-0.00878878	0.124728
-0.0090228	0.123403
-0.00950276	0.121653
-0.00936029	0.12459
-0.00878984	0.124914
-0.00991477	0.125324
-0.00953844	0.125358
-0.0089028	0.126143
-0.00937116	0.124543
-0.00547854	0.122599
-0.00452623	0.124431
-0.00240257	0.125651
-0.000507319	0.125376
0.00149548	0.127401
0.00437157	0.126423
0.00546566	0.126322
0.00350309	0.128629
0.00585126	0.128328
0.00650067	0.125874
0.0097298	0.126932
0.0125004	0.127921
0.0120977	0.125748
0.0145408	0.126236
0.013371	0.123242
0.0157996	0.126361
0.0154185	0.126408
0.0175502	0.127033
0.0189999	0.128354
0.0209411	0.130369
0.0221161	0.126197
0.0228622	0.125288
0.0224901	0.123029
0.0242877	0.121258
0.0257707	0.120574
0.0248881	0.122213
0.0273135	0.124985
0.028964	0.124675
0.0300574	0.122687
0.0307873	0.123223
0.0326433	0.122736
0.0333828	0.12225
0.0339515	0.120399
0.0318589	0.121248
0.029863	0.121665
0.0295388	0.121636
0.028735	0.123026
0.0277774	0.120454
0.0270074	0.118304
0.0252668	0.120125
0.0246062	0.120817
0.0201284	0.12303
0.0163711	0.125428
0.0133087	0.126173
0.0141029	0.125082
0.0110968	0.122818
0.010775	0.122554
0.008492	0.122565
0.00805349	0.124778
0.00635832	0.125273
0.00222123	0.127194
0.00184953	0.127234
0.00101772	0.128652
-0.00234159	0.129556
-0.00176839	0.129597
-0.00622037	0.129204
-0.0090068	0.130293
-0.00633794	0.131514
-0.00696353	0.129433
-0.00777342	0.12966
-0.00818987	0.12711
-0.00886093	0.126349
-0.00843173	0.124153
-0.0109416	0.12364
-0.0136574	0.121671
-0.0177619	0.120065
-0.0204751	0.120019
-0.0235721	0.120838
-0.0242408	0.121443
-0.0242453	0.121918
-0.0275414	0.122613
-0.0293672	0.121847
-0.0305184	0.121664
-0.030473	0.120949
-0.0341676	0.120489
-0.0371945	0.119322
-0.0348416	0.11886
-0.0298174	0.117301
-0.0290998	0.115054
-0.0290874	0.116008
-0.0248572	0.11891
-0.0247971	0.118746
-0.0221524	0.121372
-0.0216151	0.12438
-0.0192383	0.12644
-0.0140564	0.127492
-0.0117491	0.127203
-0.0110945	0.128146
-0.0102541	0.12698
-0.00768389	0.12623
-0.00528744	0.124771
-0.00818427	0.122943
-0.00483958	0.122558
-0.00303866	0.12057
-0.00356699	0.120103
-0.00219233	0.121699
-0.00296099	0.123547
-0.00431188	0.1237
-0.00424437	0.122689
-0.00198105	0.125627
-0.00031611	0.125919
0.000729899	0.122791
-0.000690464	0.121581
0.00121137	0.122209
0.00710226	0.118853
0.0080033	0.121114
0.0110418	0.11957
0.014922	0.120376
0.015101	0.121861
0.0166318	0.119467
0.0178071	0.118146
0.0209866	0.11874
0.0245258	0.118841
0.0259777	0.117014
0.0276025	0.118087
0.0293042	0.11846
0.0326298	0.116778
0.0352647	0.117317
0.0347606	0.117195
0.0363944	0.117263
0.0365516	0.118853
0.0355025	0.119975
0.0321306	0.118887
0.0272226	0.119377
0.0252104	0.118813
0.0207014	0.119123
0.0169434	0.123006
0.0159854	0.123387
0.0118413	0.124202
0.00976007	0.126031
0.00623055	0.125166
0.0030702	0.124242
0.00280428	0.125154
0.00266614	0.128126
0.000542557	0.126723
-0.00133195	0.12833
-0.00207632	0.126263
-0.00419058	0.127863
-0.00781088	0.129012
-0.00767645	0.12881
-0.00970076	0.126852
-0.00915914	0.127073
-0.0080078	0.125108
-0.0114686	0.123793
-0.0106749	0.124578
-0.0135264	0.124571
-0.0138494	0.124625
-0.0146484	0.12631
-0.012949	0.125847
-0.016245	0.125177
-0.0194991	0.125407
-0.0202258	0.127806
-0.023741	0.129968
-0.0247192	0.12807
-0.0234121	0.126232
-0.0223524	0.125819
-0.0213216	0.123399
-0.022384	0.122509
-0.0194138	0.125278
-0.0189078	0.126875
-0.0194798	0.124346
-0.0200564	0.123834
-0.0186561	0.122051
-0.0180372	0.122182
-0.0177228	0.12256
-0.0135752	0.124986
-0.0110232	0.122595
-0.00874666	0.123622
-0.00791383	0.126916
-0.00385133	0.124471
-0.0024991	0.125104
-0.00296906	0.123887
-0.00201474	0.12343
0.00120619	0.12437
0.00298121	0.1242
0.00402505	0.125842
0.00617485	0.127577
0.00757419	0.127523
0.00735511	0.126036
0.00721268	0.126976
0.00741419	0.128797
0.00814866	0.131019
0.00911171	0.130367
0.00877121	0.129392
0.00885366	0.127854
0.0120304	0.12848
0.0171659	0.126516
0.0211326	0.128871
0.0229136	0.125943
0.0247446	0.125488
0.0280448	0.12532
0.0295458	0.124795
0.0314464	0.122787
0.0314455	0.125092
0.0323894	0.120972
0.0317234	0.122201
0.0311132	0.122298
0.0295081	0.121863
0.0289769	0.119921
0.0288514	0.119816
0.0315554	0.121355
0.0289422	0.119138
0.0276126	0.119044
0.0265622	0.119215
0.0256628	0.120091
0.0246325	0.120977
0.0257925	0.123834
0.0225519	0.124312
0.0187191	0.125875
0.0164361	0.126952
0.0145465	0.125879
0.0137986	0.125946
0.0101953	0.124816
0.00787246	0.125736
0.00829006	0.125346
0.00732376	0.123431
0.00381681	0.124795
0.00294718	0.121788
-9.2957e-05	0.127679
-0.000689408	0.127432
-0.000770965	0.129004
-0.00153062	0.131103
-0.00419565	0.131982
-0.00515102	0.129539
-0.00616397	0.127519
-0.00567929	0.126553
-0.00948208	0.124652
-0.0111564	0.125183
-0.011276	0.124451
-0.0129699	0.126161
-0.0133726	0.124591
-0.0143231	0.126042
-0.0152104	0.125372
-0.0137598	0.123417
-0.0137696	0.125745
-0.014452	0.125119
-0.0164669	0.125342
-0.0166264	0.12325
-0.0209961	0.125533
-0.0224624	0.123712
-0.0233537	0.126074
-0.0253787	0.125432
-0.0257948	0.125119
-0.028201	0.127126
-0.0311296	0.127877
-0.0316257	0.12497
-0.0338803	0.123556
-0.0345672	0.120884
-0.0366781	0.120888
-0.0386908	0.119876
-0.0360596	0.122119
-0.0356314	0.12131
-0.0321047	0.120989
-0.0300857	0.11811
-0.0299751	0.119425
-0.025181	0.120595
-0.0238126	0.118364
-0.0241694	0.116744
-0.0205209	0.116482
-0.0176673	0.121326
-0.0169328	0.124808
-0.0193929	0.126891
-0.0173896	0.128485
-0.0178724	0.128303
-0.0186329	0.130804
-0.0184393	0.130759
-0.0159774	0.129835
-0.0150862	0.130652
-0.016709	0.129566
-0.0125255	0.129538
-0.0104651	0.128181
-0.00709516	0.128831
-0.0042258	0.1286
-0.000793097	0.126599
0.000752937	0.12677
0.00314539	0.128326
0.00366229	0.126299
0.00591331	0.13059
0.0101923	0.128767
0.0111747	0.128314
0.0117202	0.129108
0.0103621	0.125953
0.012514	0.12632
0.0150014	0.127624
0.0168048	0.127574
0.0185171	0.127098
0.0192455	0.126948
0.0218491	0.124997
0.0227476	0.123754
0.02434	0.121922
0.0263139	0.12267
0.0313588	0.121775
0.0340013	0.119659
0.0359733	0.119934
0.0375404	0.118646
0.0397935	0.118385
0.0415276	0.118374
0.0433538	0.116789
0.0424768	0.117449
0.0410912	0.118448
0.0390161	0.117884
0.0401642	0.118154
0.0360994	0.121962
0.0327374	0.123475
0.0305389	0.124072
0.0281672	0.125752
0.0261956	0.123597
0.021024	0.1232
0.0219168	0.123534
0.0224765	0.12682
0.0196698	0.12417
0.0178974	0.122827
0.0177281	0.123267
0.018454	0.122994
0.0171914	0.124883
0.0146002	0.125822
0.0112971	0.126738
0.00799026	0.124562
0.00628658	0.123203
0.00509121	0.124418
0.00512189	0.124598
0.00267254	0.122823
0.000906566	0.118914
0.00113242	0.117591
-0.00131429	0.116362
-0.0052504	0.117919
-0.00546603	0.119809
-0.00464956	0.121971
-0.00596465	0.12282
-0.00951475	0.123696
-0.0145358	0.124519
-0.0159648	0.123996
-0.0159294	0.126847
-0.0180844	0.126534
-0.0191254	0.124434
-0.0197946	0.1247
-0.0175042	0.126337
-0.0169985	0.126326
-0.0194234	0.125314
-0.0228486	0.124225
-0.0241148	0.123954
-0.0248377	0.122445
-0.0270064	0.121693
-0.029103	0.125088
-0.0289307	0.126882
-0.0324956	0.123485
-0.032302	0.123559
-0.0336281	0.122559
-0.0358954	0.124359
-0.0349196	0.120908
-0.0352424	0.121963
-0.0380578	0.118621
-0.0376964	0.121104
-0.035091	0.121617
-0.0354304	0.120848
-0.0355515	0.122645
-0.0339774	0.122429
-0.0321512	0.121353
-0.0323087	0.123006
-0.0292995	0.125427
-0.0279422	0.124397
-0.027653	0.124941
-0.0236003	0.121826
-0.0222701	0.12193
-0.0219439	0.124739
-0.018346	0.122719
-0.0164059	0.122177
-0.0136121	0.121961
-0.0104273	0.127158
-0.00989485	0.126812
-0.00560357	0.124866
-0.00294665	0.127004
-0.00142701	0.126147
0.00129565	0.125564
0.00308258	0.127315
0.00252691	0.126643
0.00536707	0.127059
0.00734863	0.125598
0.0101478	0.126621
0.00814978	0.126143
0.00920551	0.124804
0.0124661	0.12543
0.0159383	0.126416
0.0172481	0.12551
0.0200761	0.126622
0.0190324	0.127135
0.0196785	0.125217
0.0213426	0.121973
0.0211591	0.121164
0.0250056	0.119966
0.0259193	0.119985
0.0262416	0.119299
0.026649	0.11885
0.0297711	0.117976
0.0313271	0.117904
0.033701	0.119642
0.0347783	0.122066
0.0344537	0.122204
0.0323514	0.120005
0.0330679	0.119995
0.0303128	0.118477
0.0269235	0.12042
0.0243648	0.118845
0.0202776	0.115415
0.0193426	0.117889
0.0203705	0.11785
0.0187472	0.118487
0.0181656	0.118811
0.0157402	0.11818
0.0135405	0.118887
0.0109687	0.122541
0.00927942	0.122246
0.00731484	0.124227
0.00453252	0.12613
0.000246419	0.125288
-0.000474043	0.12536
-0.00164533	0.125427
-0.00304774	0.12841
-0.00628841	0.125403
-0.00523017	0.125857
-0.00860357	0.126946
-0.0103678	0.126939
-0.010504	0.127076
-0.0114498	0.128352
-0.0115544	0.128222
-0.0130173	0.124652
-0.0143234	0.126771
-0.0160016	0.128942
-0.0196589	0.126301
-0.0222096	0.124066
-0.0244463	0.121339
-0.0257047	0.122088
-0.0279543	0.119855
-0.0295718	0.119508
-0.0293521	0.118981
-0.0293744	0.121538
-0.0288697	0.122875
-0.026906	0.12119
-0.0268763	0.119781
-0.0249209	0.119851
-0.0235214	0.119763
-0.0219787	0.118785
-0.0215857	0.118824
-0.0207559	0.119717
-0.0227161	0.118455
-0.0179754	0.119418
-0.0169784	0.122888
-0.0168367	0.122497
-0.0170656	0.121695
-0.0130514	0.123474
-0.0114449	0.126708
-0.0103108	0.121518
-0.00641827	0.120621
-0.00396996	0.120154
-0.00173677	0.120744
-0.00112043	0.119259
5.57243e-05	0.118234
0.000914556	0.120168
-0.00178929	0.118022
0.001009	0.120346
0.00217318	0.123447
0.00359768	0.122012
0.00235892	0.118478
0.00685341	0.122182
0.0100834	0.123931
0.0116322	0.122247
0.0124632	0.122361
0.0131792	0.122954
0.0146248	0.120026
0.0154561	0.121925
0.0132938	0.124019
0.0147468	0.123593
0.0167884	0.123424
0.0178404	0.121445
0.0192446	0.121125
0.0211397	0.122742
0.0231266	0.121535
0.0220105	0.123819
0.0235782	0.121704
0.0269502	0.119714
0.0257281	0.119207
0.0274031	0.121486
0.0273509	0.120591
0.0277218	0.120552
0.0255809	0.121357
0.0247435	0.120675
0.0267085	0.121536
0.0260173	0.117331
0.026179	0.12063
0.0276464	0.12121
0.0274688	0.124562
0.0261738	0.123902
0.0252249	0.122297
0.0270289	0.121961
0.0253153	0.122717
0.0214861	0.121747
0.0206899	0.121462
0.0196628	0.120456
0.0178099	0.122731
0.0170261	0.123801
0.016844	0.127415
0.014029	0.126553
0.00909946	0.122674
0.00725811	0.121812
0.00875113	0.121025
0.00933836	0.123267
0.00842681	0.122478
0.00981517	0.125018
0.00699488	0.127328
0.00206481	0.125233
0.000324494	0.12451
-0.000266517	0.123224
-0.00318533	0.123547
-0.00482189	0.123856
-0.00452285	0.125582
-0.00572816	0.123695
-0.00401783	0.124915
-0.00655189	0.122911
-0.00881335	0.123812
-0.00955685	0.122315
-0.0101869	0.124083
-0.0118899	0.12374
-0.0132605	0.122098
-0.0121876	0.118074
-0.0135632	0.12057
-0.0142448	0.121132
-0.0152019	0.120496
-0.0191198	0.121338
-0.0218295	0.123506
-0.0263868	0.120592
-0.026144	0.118899
-0.0263636	0.118585
-0.0280544	0.116959
-0.0288014	0.118178
-0.0274138	0.119095
-0.033314	0.117254
-0.0343561	0.1174
-0.037359	0.122036
-0.0371807	0.119417
-0.0348549	0.120627
-0.0334856	0.121736
-0.0342643	0.12009
-0.0352164	0.120051
-0.0368522	0.123195
-0.0369738	0.125824
-0.0376303	0.124503
-0.036999	0.124093
-0.0335793	0.122542
-0.0301814	0.123068
-0.0295551	0.123083
-0.0272004	0.124571
-0.0294361	0.122638
-0.0256237	0.121044
-0.022521	0.124746
-0.0208974	0.125558
-0.0185396	0.125136
-0.0132315	0.125478
-0.0124804	0.125482
-0.0104787	0.124005
-0.00973154	0.124985
-0.00775854	0.123705
-0.00460954	0.121978
-0.0033299	0.120357
-0.004301	0.11982
-0.00216637	0.123305
0.000594765	0.123363
0.0041615	0.123194
0.00465817	0.126453
0.00375145	0.127038
0.00454672	0.126139
0.00478772	0.126327
0.00941509	0.124834
0.0113206	0.126468
0.00958467	0.127409
0.00898722	0.12854
0.00758596	0.127443
0.00912544	0.130618
0.00846269	0.132439
0.0123852	0.128354
0.0116327	0.124213
0.015524	0.125581
0.0120631	0.122747
0.0134711	0.120804
0.0136962	0.11952
0.0140052	0.119054
0.0155259	0.11947
0.0181441	0.117338
0.0182663	0.117869
0.0210468	0.117277
0.0233455	0.120249
0.0249393	0.118998
0.0255424	0.119533
0.0279389	0.119944
0.0251116	0.120235
0.0270548	0.119529
0.0274897	0.119373
0.0285015	0.119914
0.0276163	0.120199
0.0300009	0.122319
0.0314537	0.124773
0.0289077	0.122383
0.0302525	0.122035
0.0301639	0.119783
0.031999	0.119479
0.0316416	0.117914
0.0290275	0.118094
0.0279619	0.117465
0.0273992	0.116811
0.0234142	0.117279
0.0219377	0.117394
0.0201358	0.118818
0.0165492	0.119461
0.016589	0.119743
0.0146452	0.118981
0.0132792	0.117799
0.0130023	0.12047
0.00992285	0.124005
0.0102452	0.125307
0.00875389	0.125433
0.00602194	0.128225
0.00364311	0.12938
0.00068534	0.130514
-0.00204893	0.128594
-0.00572335	0.127732
-0.00840065	0.128213
-0.0109245	0.126905
-0.0128509	0.126229
-0.0131939	0.126471
-0.013537	0.121409
-0.0144438	0.123637
-0.0167903	0.124425
-0.018102	0.123707
-0.0216598	0.124877
-0.0234232	0.12351
-0.0249515	0.124461
-0.0287908	0.123353
-0.03357	0.123818
-0.0357997	0.121507
-0.0386974	0.120234
-0.038241	0.122415
-0.0418917	0.120362
-0.0418195	0.119776
-0.0392279	0.119189
-0.03857	0.120373
-0.0364287	0.119594
-0.0328109	0.119749
-0.031752	0.121284
-0.0325356	0.121498
-0.0308079	0.122402
-0.0287365	0.124748
-0.0270501	0.120626
-0.0263075	0.122493
-0.0227394	0.12357
-0.022236	0.124458
-0.0188974	0.123978
-0.0148234	0.123936
-0.0140166	0.126675
-0.00803939	0.126143
-0.0082749	0.12857
-0.00553272	0.128024
-0.00680254	0.12977
-0.000599182	0.128029
-8.94819e-05	0.129652
0.00162052	0.128845
0.00445423	0.131124
0.00558428	0.129604
0.00430139	0.129965
0.00324405	0.127955
0.0029939	0.125146
0.00401713	0.122102
0.00560562	0.121902
0.00818509	0.123572
0.012744	0.122739
0.0158373	0.124666
0.0190861	0.12588
0.020789	0.126355
0.0214672	0.124108
0.0219048	0.124661
0.0247318	0.122825
0.0314632	0.123852
0.0338261	0.122789
0.0327343	0.123277
0.034808	0.123971
0.0362646	0.123987
0.0392255	0.124964
0.0428676	0.12397
0.0451283	0.121811
0.0447706	0.121933
0.0442257	0.11992
0.0447774	0.118024
0.0446541	0.117818
0.0431094	0.122547
0.0407416	0.119936
0.0408959	0.119679
0.0368898	0.120036
0.0381177	0.119863
0.0374989	0.122112
0.0353476	0.123725
0.0321435	0.124143
0.0304802	0.123611
0.0311682	0.124233
0.0268371	0.125403
0.0256975	0.126206
0.0247582	0.12722
0.0247012	0.127011
0.0230804	0.124902
0.02107	0.127489
0.0185242	0.125883
0.0179711	0.125882
0.0154651	0.125847
0.0135884	0.125332
0.0113728	0.124029
0.00935402	0.124574
0.0069916	0.125379
0.00614502	0.126888
0.00498828	0.124854
0.00358936	0.121629
-0.00045948	0.120606
-0.00419834	0.118331
-0.00756485	0.118256
-0.0104895	0.119727
-0.0123577	0.120088
-0.01542	0.121318
-0.0183294	0.12145
-0.0196842	0.124879
-0.0222789	0.121429
-0.0240047	0.125075
-0.0269087	0.122431
-0.02929	0.123369
-0.0319033	0.124138
-0.0356451	0.1229
-0.0374844	0.121629
-0.0396299	0.121596
-0.0399072	0.12141
-0.0384072	0.120323
-0.0399158	0.12273
-0.0402431	0.120518
-0.0392179	0.121367
-0.0387554	0.119477
-0.0414212	0.118629
-0.0452807	0.119023
-0.0471153	0.118171
-0.0486029	0.11754
-0.0452509	0.115612
-0.0442769	0.118212
-0.0408808	0.117069
-0.0385584	0.119111
-0.0370986	0.122042
-0.0356247	0.124738
-0.0312665	0.123317
-0.0302946	0.125409
-0.0297919	0.125268
-0.0308108	0.123811
-0.0284743	0.122908
-0.0265248	0.122527
-0.0236219	0.123352
-0.0252472	0.122718
-0.0235565	0.124305
-0.0224811	0.123477
-0.0231904	0.12488
-0.0221102	0.125236
-0.0174989	0.125723
-0.0149831	0.123364
-0.016259	0.124429
-0.0164508	0.124078
-0.0163512	0.121479
-0.0150738	0.118565
-0.0111644	0.121873
-0.00945988	0.122666
-0.00810009	0.124392
-0.00860855	0.122392
-0.0107308	0.125577
-0.00887461	0.124177
-0.00721883	0.126076
-0.00693603	0.125814
-0.00405423	0.127097
-0.00216618	0.126085
-4.94687e-05	0.128073
0.00322767	0.127713
0.00396729	0.127538
0.00611907	0.127313
0.0075733	0.125492
0.00754316	0.127139
0.00598337	0.124472
0.00463749	0.122968
0.00741281	0.126811
0.0113261	0.129032
0.0137598	0.1261
0.0138871	0.125044
0.0130228	0.122572
0.016027	0.122798
0.0154383	0.122558
0.0151746	0.122431
0.0144231	0.122535
0.0144969	0.122262
0.0156197	0.121162
0.0172259	0.12034
0.0179165	0.118272
0.0189803	0.118359
0.0204728	0.120662
0.0223819	0.117462
0.0211314	0.120261
0.0217871	0.119643
0.0244657	0.117887
0.0280238	0.117931
0.0310905	0.118996
0.0345266	0.119725
0.0376712	0.117727
0.038343	0.120369
0.0412457	0.119452
0.0417526	0.118177
0.0429306	0.118039
0.0402671	0.114902
0.0400435	0.114784
0.0429264	0.112421
0.0419511	0.114498
0.0417537	0.113812
0.0409599	0.115863
0.0426347	0.116646
0.0413748	0.115567
0.0395819	0.116089
0.0373656	0.117613
0.0369484	0.118638
0.0348348	0.119662
0.0330608	0.121871
0.03353	0.123193
0.034186	0.1245
0.0331269	0.123796
0.0321901	0.124318
0.0313864	0.125605
0.030727	0.123207
0.0284014	0.12111
0.025748	0.121017
0.0258597	0.120889
0.0228494	0.121282
0.0258091	0.120314
0.0229491	0.121312
0.0228819	0.121169
0.0226788	0.123006
0.0209568	0.118978
0.0200885	0.119572
0.020467	0.119893
0.0161806	0.12007
0.0124715	0.120903
0.00986604	0.121372
0.00560823	0.124894
0.00206025	0.124045
-0.00209843	0.12379
-0.0022694	0.124147
-0.00443059	0.125563
-0.00600059	0.124219
-0.00899875	0.123112
-0.0125999	0.121297
-0.0154444	0.119426
-0.0175529	0.11893
-0.0186944	0.119106
-0.0178718	0.121833
-0.0202961	0.124153
-0.0215444	0.124589
-0.0222467	0.12497
-0.0239015	0.124253
-0.0235422	0.124904
-0.0278509	0.121653
-0.0287503	0.122853
-0.0271261	0.123497
-0.028335	0.123357
-0.0292549	0.121356
-0.0282882	0.123188
-0.0262487	0.124115
-0.0256113	0.123012
-0.0260895	0.120252
-0.0255722	0.120747
-0.028388	0.122182
-0.032438	0.120247
-0.032643	0.119527
-0.0330617	0.121033
-0.0362583	0.122241
-0.0366547	0.122403
-0.0415207	0.118734
-0.0446469	0.116958
-0.0442033	0.118839
-0.0486097	0.118378
-0.0500104	0.115925
-0.0506089	0.115244
-0.0487635	0.114163
-0.0472462	0.115076
-0.0462986	0.116914
-0.0464698	0.11674
-0.0446191	0.11615
-0.0456482	0.116261
-0.0436676	0.11802
-0.0411116	0.117875
-0.0415944	0.11694
-0.0390227	0.116989
-0.0363712	0.117904
-0.0337203	0.117814
-0.032243	0.122452
-0.0316919	0.122769
-0.0305692	0.122568
-0.031634	0.121842
-0.0297846	0.120928
-0.0314455	0.121212
-0.0305694	0.121043
-0.0307629	0.122857
-0.0272922	0.120802
-0.0269011	0.121669
-0.0270145	0.122799
-0.0223721	0.122768
-0.0183397	0.123998
-0.0185197	0.122033
-0.0153223	0.123999
-0.0151172	0.122558
-0.014295	0.121141
-0.011992	0.117927
-0.0117413	0.120063
-0.00951194	0.121218
-0.00455735	0.122013
-0.00119121	0.123646
0.000141198	0.118599
0.00348428	0.120592
0.00417159	0.121149
0.00339695	0.121386
0.00797451	0.120647
0.0132601	0.121266
0.0184094	0.120437
0.022015	0.121252
0.02576	0.123379
0.025289	0.124355
0.0252837	0.125792
0.0249837	0.125361
0.0271599	0.126691
0.0280202	0.127557
0.0319203	0.124831
0.0363437	0.123575
0.0346224	0.120393
0.0363893	0.121272
0.0376684	0.118049
0.0411409	0.117944
0.0434393	0.11541
0.0438539	0.113437
0.0491899	0.113005
0.0525043	0.113671
0.0538943	0.113246
0.0569254	0.113514
0.0605604	0.113763
0.0586569	0.113312
0.0580997	0.110102
0.0611239	0.112019
0.0610458	0.109511
0.0576493	0.112627
0.0555016	0.112684
0.0505987	0.11223
0.0505534	0.116973
0.0488942	0.118819
0.0461001	0.119561
0.0453619	0.121225
0.0440897	0.120122
0.0373751	0.12056
0.0367596	0.120975
0.0318605	0.120447
0.030446	0.121492
0.0288068	0.121424
0.026492	0.121873
0.0247414	0.119894
0.02331	0.120186
0.0212898	0.121112
0.0211528	0.119495
0.0232761	0.121134
0.0257168	0.120259
0.0216965	0.122478
0.0186581	0.121381
0.0156373	0.120061
0.0124589	0.121178
0.0113911	0.121707
0.0112356	0.121876
0.0126478	0.120948
0.00963876	0.120776
0.0109938	0.123692
0.00921175	0.121822
0.00734667	0.12481
0.00710243	0.129194
0.00769664	0.126203
0.00778519	0.121726
0.00536624	0.121776
0.00696152	0.124569
0.00398151	0.124516
0.000416311	0.126346
0.00082247	0.127062
-0.00133184	0.129484
-0.00123998	0.12794
-0.00340689	0.1264
-0.00475681	0.12665
-0.00703133	0.128044
-0.00872589	0.126624
-0.0115173	0.12661
-0.0149729	0.125678
-0.0171477	0.123492
-0.0203392	0.125083
-0.0231613	0.12356
-0.0247497	0.122445
-0.0283451	0.119913
-0.030953	0.118915
-0.0306078	0.117858
-0.0347504	0.116347
-0.0367562	0.114382
-0.0408464	0.114468
-0.0425178	0.111682
-0.0441108	0.111164
-0.0443902	0.111959
-0.0450796	0.114244
-0.0461102	0.115095
-0.0477938	0.114649
-0.0497779	0.113514
-0.0516198	0.114017
-0.0495781	0.112172
-0.0523928	0.110421
-0.0548929	0.109708
-0.0552497	0.108133
-0.0580605	0.109251
-0.0577863	0.11182
-0.0556783	0.112249
-0.0530548	0.112435
-0.0535015	0.113418
-0.0514261	0.11095
-0.0514952	0.115103
-0.0480378	0.114826
-0.0455443	0.116763
-0.0457744	0.117607
-0.0428686	0.117693
-0.0423056	0.115155
-0.0388944	0.11839
-0.0394846	0.118764
-0.0398234	0.11976
-0.0389971	0.120696
-0.0370445	0.123257
-0.0375353	0.121834
-0.0362835	0.120744
-0.0358402	0.12022
-0.0333808	0.119094
-0.0315563	0.120179
-0.0313832	0.11925
-0.0291124	0.11974
-0.0276083	0.12186
-0.0242296	0.12199
-0.0245298	0.125559
-0.0235935	0.123578
-0.0209982	0.1233
-0.0167189	0.124225
-0.0116643	0.124335
-0.00951477	0.124849
-0.00689869	0.124984
-0.0051109	0.124708
-0.00262463	0.127464
0.000743084	0.127561
0.00299917	0.126876
0.00197998	0.126631
0.00410613	0.129065
0.00870587	0.129471
0.0098362	0.132536
0.0118427	0.132477
0.0119324	0.13035
0.0134025	0.127517
0.0129935	0.125562
0.0142522	0.126411
0.0155255	0.124884
0.0155656	0.126142
0.0164368	0.124336
0.0228378	0.12307
0.0253757	0.119926
0.0268155	0.116918
0.0256459	0.118267
0.0269481	0.116899
0.0309271	0.117064
0.0334531	0.117104
0.0337711	0.116766
0.0343756	0.118422
0.0373586	0.118791
0.0386467	0.1222
0.041348	0.122989
0.0426876	0.119916
0.042523	0.117329
0.0444058	0.118783
0.0470183	0.119647
0.0476532	0.116906
0.0480101	0.114178
0.0499763	0.113731
0.0516915	0.113837
0.0534413	0.114894
0.0551061	0.115801
0.0589414	0.11803
0.0622075	0.116164
0.0670054	0.115254
0.066931	0.114302
0.0651071	0.11275
