0.223607
0.201218
0.182167
0.168378
0.159318
0.149115
0.14352
0.138227
0.138068
0.133454
0.130459
0.128307
0.129061
0.125044
0.125699
0.123643
0.122148
0.119992
0.120666
0.117042
0.116447
0.121188
0.120728
0.121683
0.121508
0.123289
0.122275
0.120881
0.122797
0.123055
0.125016
0.126464
0.125012
0.123876
0.122581
0.126091
0.12639
0.127592
0.125487
0.125774
0.124504
0.127809
0.125206
0.125601
0.124329
0.124902
0.125839
0.126117
0.12334
0.125633
0.126291
0.125152
0.128311
0.128027
0.126775
0.129177
0.129762
0.125881
0.123128
0.124995
0.127691
0.127731
0.126039
0.126904
0.125964
0.126601
0.126082
0.125036
0.124695
0.124198
0.127055
0.126794
0.126347
0.128406
0.129415
0.130076
0.128447
0.12623
0.127312
0.127008
0.127172
0.124893
0.12489
0.124832
0.124071
0.124875
0.125321
0.125502
0.124144
0.125737
0.125561
0.123372
0.125663
0.12537
0.1234
0.123708
0.125603
0.12493
0.125133
0.12594
0.124701
0.126248
0.127737
0.129527
0.129813
0.132463
0.135026
0.132869
0.129267
0.126517
0.125999
0.124793
0.123135
0.121771
0.122735
0.125323
0.124191
0.122734
0.122016
0.122057
0.119262
0.120392
0.120948
0.11881
0.119717
0.117745
0.116349
0.118948
0.119227
0.122349
0.122562
0.120883
0.12107
0.122706
0.120389
0.121857
0.122804
0.121273
0.119573
0.119602
0.120243
0.119629
0.119091
0.118837
0.116859
0.119105
0.121121
0.120561
0.12174
0.121989
0.117144
0.115644
0.115312
0.118092
0.11581
0.117129
0.118222
0.1192
0.120818
0.119444
0.118954
0.120941
0.120454
0.120865
0.119593
0.122503
0.121084
0.121264
0.120251
0.120369
0.120661
0.118588
0.122362
0.123457
0.119862
0.120136
0.118126
0.120988
0.122321
0.120888
0.117283
0.116822
0.119486
0.120969
0.120903
0.122799
0.121431
0.121385
0.123605
0.120071
0.121161
0.123688
0.122798
0.121816
0.119396
0.121132
0.122649
0.124272
0.124055
0.122972
0.121231
0.122826
0.121731
0.120247
0.123053
0.119817
0.119673
0.121
0.123598
0.124575
0.124198
0.124915
0.121041
0.121263
0.124741
0.121389
0.123339
0.12153
0.12302
0.122305
0.122162
0.125422
0.12638
0.125689
0.126017
0.12696
0.129544
0.128095
0.126292
0.124307
0.12358
0.125572
0.124381
0.127049
0.128319
0.127104
0.128633
0.126238
0.125465
0.12396
0.124168
0.126903
0.12717
0.12879
0.12637
0.125946
0.123216
0.12533
0.1281
0.12868
0.126731
0.127617
0.126453
0.123125
0.123847
0.126255
0.129868
0.130326
0.128557
0.12803
0.127309
0.126375
0.126951
0.129279
0.130702
0.131418
0.129696
0.128613
0.129537
0.127681
0.129545
0.130353
0.131025
0.126669
0.127645
0.126811
0.129819
0.129858
0.127999
0.126063
0.121873
0.124062
0.12393
0.123854
0.120633
0.12171
0.121511
0.124394
0.124074
0.121287
0.121032
0.120852
0.120657
0.122058
0.118831
0.117841
0.119121
0.119955
0.119838
0.119337
0.119082
0.119931
0.12011
0.120163
0.123443
0.126238
0.12356
0.124452
0.125483
0.125122
0.125808
0.127702
0.129336
0.128205
0.127169
0.12516
0.122948
0.124501
0.12561
0.125866
0.120302
0.119893
0.120287
0.118753
0.121468
0.121931
0.121593
0.120204
0.120391
0.119645
0.118729
0.121109
0.120728
0.119263
0.119635
0.121097
0.124153
0.122397
0.122266
0.123739
0.128584
0.128248
0.127796
0.125052
0.121384
0.119543
0.122048
0.119349
0.121428
0.123714
0.124016
0.123218
0.124469
0.121934
0.123079
0.12188
0.120377
0.121016
0.123525
0.123672
0.125234
0.122124
0.123572
0.125183
0.120264
0.124353
0.126083
0.127579
0.125966
0.126913
0.127424
0.127091
0.126656
0.125421
0.126134
0.125467
0.128223
0.128084
0.13143
0.128092
0.128194
0.127207
0.125492
0.122193
0.121598
0.124035
0.128405
0.129037
0.128636
0.128947
0.127429
0.126916
0.127252
0.125395
0.123408
0.125445
0.124092
0.122428
0.125173
0.125602
0.13035
0.12916
0.128859
0.128967
0.129547
0.129318
0.129891
0.129252
0.130039
0.13138
0.131133
0.13006
0.128506
0.126415
0.128288
0.128945
0.129099
0.126844
0.124734
0.124816
0.123133
0.122435
0.122102
0.121588
0.124785
0.126558
0.125195
0.123805
0.122299
0.125161
0.125999
0.12585
0.125318
0.125788
0.127995
0.124569
0.125641
0.125514
0.124589
0.127541
0.129212
0.126976
0.124713
0.125212
0.125385
0.126526
0.126254
0.12477
0.123131
0.124671
0.122509
0.124199
0.123891
0.12652
0.125144
0.127941
0.127204
0.12503
0.123227
0.126777
0.127463
0.125002
0.125571
0.126273
0.124691
0.124268
0.122448
0.124841
0.126148
0.127077
0.125095
0.1238
0.126301
0.1255
0.127082
0.125036
0.12227
0.120671
0.118922
0.117012
0.11835
0.12079
0.120984
0.120666
0.120676
0.122388
0.12525
0.126126
0.129512
0.128271
0.126668
0.128704
0.126386
0.129385
0.129335
0.125959
0.122147
0.122009
0.123041
0.126012
0.125196
0.124985
0.12388
0.122525
0.122289
0.124335
0.125853
0.12649
0.126398
0.125459
0.129398
0.127774
0.128681
0.130237
0.127015
0.127677
0.12683
0.122676
0.122572
0.12448
0.122779
0.124378
0.121941
0.1215
0.121259
0.121243
0.122431
0.123959
0.121133
0.125868
0.125463
0.123963
0.124131
0.122593
0.124209
0.12251
0.124355
0.12869
0.12621
0.127713
0.128548
0.130704
0.13216
0.129909
0.131026
0.127604
0.126901
0.126126
0.125624
0.12252
0.122632
0.123242
0.12311
0.121632
0.120499
0.120305
0.122981
0.122762
0.123168
0.123765
0.121807
0.120872
0.120585
0.117988
0.120191
0.119941
0.118838
0.118652
0.117069
0.117226
0.11914
0.121058
0.12149
0.124138
0.124819
0.123859
0.120883
0.120888
0.12093
0.120662
0.119997
0.119678
0.120046
0.122646
0.121141
0.122974
0.124847
0.126481
0.122592
0.124906
0.122872
0.123597
0.121983
0.122508
0.120641
0.121131
0.122733
0.124363
0.124327
0.127877
0.126023
0.124542
0.124003
0.123863
0.117472
0.11718
0.119589
0.120265
0.118999
0.120489
0.119991
0.123058
0.122704
0.125768
0.126869
0.128023
0.124913
0.122646
0.12175
0.12226
0.122667
0.124633
0.123115
0.124682
0.126529
0.128191
0.125974
0.125858
0.122173
0.119837
0.122063
0.120307
0.119525
0.120206
0.122944
0.124235
0.12545
0.125236
0.125544
0.125259
0.125073
0.124134
0.125435
0.126525
0.125364
0.124161
0.12264
0.122829
0.12348
0.123249
0.124718
0.123088
0.121582
0.12365
0.126228
0.128273
0.126471
0.125437
0.126443
0.125929
0.126688
0.126723
0.129037
0.128995
0.128318
0.128327
0.127622
0.125985
0.127041
0.125272
0.12559
0.122862
0.12157
0.124739
0.12646
0.125906
0.124875
0.124827
0.121527
0.122878
0.125255
0.127046
0.128013
0.12931
0.127125
0.129862
0.129082
0.127822
0.126935
0.128682
0.129253
0.131183
0.127883
0.126726
0.123612
0.124745
0.122362
0.124764
0.123551
0.121461
0.122093
0.12498
0.124027
0.123786
0.123469
0.122356
0.120482
0.116581
0.119358
0.11671
0.117231
0.116964
0.117806
0.118449
0.118679
0.119411
0.118406
0.118995
0.121815
0.121522
0.125179
0.122386
0.124847
0.125332
0.125826
0.126891
0.126718
0.122985
0.119335
0.11857
0.120003
0.12018
0.120712
0.121055
0.121629
0.121618
0.123076
0.123439
0.125164
0.125795
0.125654
0.128674
0.127748
0.129969
0.130084
0.128583
0.124044
0.124553
0.12124
0.121075
0.123074
0.125244
0.123319
0.124236
0.124171
0.122859
0.124224
0.124777
0.127368
0.126538
0.127331
0.125877
0.123164
0.123027
0.122978
0.122809
0.12354
0.12632
0.12381
0.121109
0.121431
0.120795
0.122435
0.123072
0.123997
0.126489
0.125123
0.127234
0.127709
0.126526
0.125401
0.127592
0.126381
0.126273
0.128757
0.129477
0.127204
0.126215
0.124652
0.124664
0.124147
0.123474
0.123005
0.125092
0.127464
0.128422
0.126481
0.127484
0.127149
0.125951
0.125463
0.125118
0.124992
0.12631
0.128292
0.130703
0.129574
0.126675
0.126067
0.128162
0.127042
0.127567
0.127366
0.125273
0.123421
0.124106
0.123954
0.12207
0.122778
0.122455
0.123438
0.125591
0.124084
0.121772
0.123784
0.124091
0.124923
0.122626
0.125862
0.125605
0.125135
0.123834
0.12296
0.122592
0.121152
0.122504
0.123037
0.122925
0.126068
0.126939
0.12563
0.122046
0.121869
0.120528
0.121769
0.123232
0.122986
0.123621
0.121375
0.121494
0.121836
0.122513
0.123842
0.124624
0.124244
0.127526
0.12553
0.127311
0.124629
0.123697
0.124533
0.124325
0.122696
0.119599
0.121979
0.120627
0.121673
0.120124
0.119052
0.121998
0.123166
0.122979
0.12375
0.126632
0.125745
0.12758
0.12517
0.125564
0.124223
0.123815
0.123349
0.125275
0.123881
0.124716
0.122981
0.121938
0.120436
0.11702
0.11919
0.120898
0.120831
0.123914
0.121827
0.123053
0.124668
0.12467
0.125307
0.125172
0.126594
0.127443
0.126904
0.125341
0.121132
0.125192
0.123562
0.124775
0.126028
0.129433
0.129078
0.128263
0.127607
0.128346
0.127897
0.125158
0.125818
0.123389
0.124406
0.125617
0.123178
0.125251
0.123855
0.122914
0.12058
0.121033
0.120883
0.125308
0.129689
0.125382
0.127009
0.126389
0.124722
0.126544
0.126366
0.125725
0.125491
0.127887
0.127405
0.124616
0.125119
0.12594
0.123589
0.122179
0.124472
0.123174
0.119772
0.119573
0.116567
0.119835
0.120233
0.12067
0.120959
0.122822
0.123036
0.12264
0.122358
0.123046
0.121571
0.12007
0.122682
0.121846
0.124892
0.125012
0.126115
0.125542
0.125369
0.124291
0.123335
0.123019
0.122454
0.123676
0.121193
0.123545
0.123783
0.121908
0.123455
0.123103
0.121956
0.124299
0.121127
0.119796
0.119942
0.122235
0.120531
0.121878
0.122859
0.122248
0.121898
0.121005
0.117949
0.118374
0.11737
0.116921
0.11776
0.117907
0.120455
0.119484
0.118918
0.118045
0.116142
0.1196
0.121023
0.121227
0.117928
0.119737
0.11862
0.122433
0.124242
0.123563
0.122863
0.12412
0.123947
0.12682
0.125212
0.126258
0.124052
0.123416
0.124287
0.125788
0.124423
0.125531
0.12405
0.125484
0.126279
0.126922
0.125326
0.127573
0.128548
0.127602
0.124073
0.126589
0.125988
0.126339
0.127418
0.127759
0.126446
0.129027
0.128951
0.127217
0.124821
0.122339
0.121039
0.123552
0.123763
0.123425
0.126266
0.125339
0.124571
0.128816
0.127124
0.12915
0.12888
0.127711
0.128521
0.125453
0.127869
0.127462
0.128103
0.130319
0.129725
0.12878
0.130388
0.12742
0.129918
0.128353
0.128512
0.131165
0.12974
0.129373
0.129543
0.128885
0.12866
0.12755
0.129369
0.129765
0.126297
0.12467
0.125886
0.124187
0.127798
0.125732
0.125857
0.125123
0.121715
0.124946
0.124366
0.124315
0.125666
0.125869
0.122587
0.123094
0.123315
0.122606
0.124893
0.122932
0.124941
0.126833
0.127636
0.124357
0.12265
0.121405
0.123058
0.125419
0.12458
0.124636
0.123474
0.122921
0.120771
0.123756
0.123812
0.125073
0.124396
0.123284
0.122104
0.123714
0.121733
0.121151
0.121028
0.122892
0.124722
0.123841
0.124902
0.124913
0.122878
0.123374
0.124564
0.124173
0.124202
0.124419
0.124565
0.121966
0.122015
0.121266
0.123585
0.122712
0.125525
0.125751
0.125985
0.1251
0.125696
0.127556
0.126178
0.125388
0.124372
0.122139
0.12099
0.121127
0.123677
0.123994
0.12487
0.12712
0.124599
0.122913
0.118292
0.118262
0.118135
0.117623
0.11907
0.118717
0.119588
0.121637
0.123646
0.119001
0.119411
0.122472
0.122008
0.121743
0.122277
0.121804
0.123134
0.122597
0.125203
0.123841
0.12252
0.120209
0.120156
0.119679
0.119892
0.124104
0.12281
0.125397
0.124828
0.126203
0.124018
0.124834
0.125724
0.12648
0.126032
0.127513
0.125483
0.126155
0.127069
0.127784
0.125531
0.127818
0.128366
0.128162
0.12896
0.126898
0.127393
0.128813
0.129908
0.128729
0.130204
0.130085
0.130228
0.129264
0.1272
0.126939
0.124766
0.126629
0.126651
0.126452
0.125682
0.124219
0.126029
0.12707
0.126829
0.128419
0.124727
0.125152
0.124561
0.124138
0.123382
0.120703
0.119331
0.120592
0.12209
0.123411
0.123747
0.123441
0.124419
0.121614
0.125424
0.12624
0.127869
0.123042
0.123106
0.118917
0.120786
0.121122
0.121742
0.122069
0.122539
0.121763
0.125319
0.125498
0.126354
0.124503
0.123588
0.126223
0.12321
0.124478
0.122466
0.122885
0.122036
0.120893
0.122232
0.120594
0.121385
0.120118
0.11889
0.118799
0.120058
0.118718
0.119417
0.121075
0.121283
0.122627
0.12437
0.1256
0.126318
0.127139
0.125897
0.123099
0.123566
0.123574
0.12137
0.120432
0.123479
0.122236
0.122005
0.124771
0.126368
0.121863
0.12392
0.12511
0.129761
0.127354
0.126752
0.127289
0.127518
0.125896
0.128915
0.127016
0.128534
0.128179
0.131442
0.128475
0.129466
0.131237
0.128119
0.130248
0.128308
0.122733
0.122671
0.123698
0.12487
0.124878
0.124633
0.12582
0.124871
0.127543
0.12496
0.123723
0.126983
0.123007
0.124313
0.124642
0.125794
0.129243
0.128634
0.125612
0.127745
0.128751
0.130434
0.128181
0.126867
0.126125
0.124792
0.126071
0.124313
0.127539
0.125225
0.12681
0.125019
0.124869
0.125747
0.125835
0.124437
0.123809
0.125635
0.127051
0.128274
0.128619
0.126265
0.125021
0.123629
0.122102
0.121371
0.121435
0.123876
0.123344
0.124699
0.123176
0.123993
0.123046
0.120348
0.119017
0.118297
0.117909
0.117887
0.120161
0.123763
0.125234
0.128698
0.126588
0.127281
0.12793
0.125641
0.12519
0.127562
0.127973
0.127125
0.126276
0.125827
0.126964
0.125368
0.125361
0.126617
0.123952
0.119791
0.119376
0.119283
0.12209
0.121164
0.121021
0.125708
0.125833
0.123167
0.12426
0.12239
0.12116
0.123875
0.121481
0.123813
0.124171
0.124846
0.126327
0.127955
0.125666
0.124541
0.125313
0.125752
0.12582
0.126955
0.127531
0.128392
0.129231
0.129577
0.126974
0.126072
0.123907
0.123396
0.123271
0.122862
0.119393
0.117492
0.1215
0.122025
0.121576
0.120132
0.122199
0.124544
0.125313
0.125574
0.127095
0.129001
0.125248
0.126103
0.127751
0.128195
0.126247
0.124133
0.129182
0.126946
0.127633
0.125693
0.129149
0.126012
0.125532
0.127078
0.127724
0.126373
0.126856
0.128048
0.126221
0.125001
0.126248
0.128636
0.131347
0.132763
0.129864
0.130781
0.12882
0.127866
0.129038
0.127626
0.130769
0.131254
0.128674
0.127199
0.127316
0.129018
0.127073
0.129649
0.1308
0.129958
0.129224
0.127868
0.125382
0.124849
0.125539
0.123694
0.125538
0.128012
0.12649
0.125903
0.123294
0.124955
0.126152
0.126194
0.125201
0.126956
0.127653
0.125826
0.124274
0.126204
0.124365
0.126983
0.124259
0.122055
0.125167
0.124956
0.125602
0.125843
0.12611
0.122845
0.121548
0.122928
0.12475
0.128458
0.128578
0.127488
0.128117
0.127014
0.126208
0.126942
0.127529
0.125753
0.126291
0.123466
0.124762
0.12453
0.126068
0.127613
0.127279
0.12466
0.12453
0.124804
0.124533
0.123234
0.125744
0.128069
0.127561
0.127802
0.127157
0.126648
0.12474
0.124248
0.128799
0.128449
0.131061
0.129181
0.124192
0.123375
0.121717
0.125759
0.125281
0.125271
0.125301
0.122303
0.121856
0.122751
0.121939
0.123494
0.12271
0.124173
0.125514
0.125954
0.1253
0.126652
0.127226
0.125591
0.12663
0.126793
0.126176
0.123709
0.123803
0.123104
0.126514
0.12601
0.124236
0.12452
0.126753
0.124804
0.125421
0.124508
0.127342
0.128201
0.128545
0.132781
0.129925
0.130051
0.128747
0.126835
0.125974
0.125978
0.125397
0.123632
0.124741
0.124968
0.121504
0.122859
0.125791
0.125885
0.127973
0.127373
0.124978
0.125274
0.124536
0.125505
0.126474
0.126606
0.125559
0.125767
0.125486
0.127121
0.125661
0.122549
0.123888
0.127073
0.125971
0.124509
0.125093
0.126001
0.125548
0.125156
0.125581
0.125387
0.125749
0.126009
0.12951
0.129362
0.130036
0.127811
0.126526
0.126629
0.124298
0.12463
0.125469
0.125126
0.125406
0.124356
0.124523
0.123752
0.126495
0.126774
0.125513
0.124841
0.12403
0.123559
0.12269
0.122691
0.122371
0.125589
0.124014
0.123019
0.125912
0.126497
0.126672
0.127827
0.124558
0.124631
0.128438
0.129944
0.126453
0.125827
0.125941
0.126788
0.127672
0.129135
0.13036
0.129902
0.128018
0.127593
0.126856
0.1252
0.123072
0.121107
0.124634
0.126286
0.126865
0.125576
0.123835
0.121259
0.122826
0.121518
0.123168
0.121261
0.122694
0.119985
0.122133
0.121439
0.120892
0.120114
0.119417
0.12023
0.121967
0.123203
0.123798
0.12537
0.126484
0.126381
0.126257
0.123501
0.124338
0.125479
0.125247
0.125199
0.125219
0.124652
0.125508
0.125776
0.126415
0.124227
0.126307
0.124233
0.12763
0.124434
0.128369
0.127408
0.126995
0.125498
0.12652
0.127167
0.123893
0.123164
0.12187
0.121984
0.12156
0.120117
0.121702
0.124624
0.121686
0.122749
0.123219
0.122589
0.123897
0.124108
0.123975
0.123088
0.123201
0.125028
0.12694
0.126928
0.127456
0.126431
0.126971
0.125066
0.122989
0.121671
0.122892
0.123292
0.125985
0.12811
0.127034
0.129766
0.130533
0.130453
0.129408
0.130653
0.132442
0.12966
0.125118
0.124707
0.123548
0.123706
0.125364
0.125736
0.126218
0.124605
0.127453
0.125843
0.126231
0.124579
0.124752
0.127874
0.128801
0.126934
0.127902
0.128385
0.127571
0.12464
0.123576
0.123483
0.121982
0.122016
0.121744
0.123567
0.123593
0.125626
0.123012
0.123614
0.123173
0.122581
0.12376
0.121371
0.120798
0.119559
0.119051
0.120564
0.1205
0.121723
0.120319
0.122537
0.121913
0.122067
0.122506
0.123804
0.124538
0.126703
0.129665
0.127054
0.126691
0.126957
0.123988
0.123128
0.122557
0.123698
0.123977
0.124571
0.12718
0.127435
0.125862
0.126118
0.127757
0.127724
0.126093
0.126811
0.125073
0.125435
0.125905
0.124474
0.127558
0.128914
0.129158
0.129679
0.130086
0.129462
0.130403
0.129057
0.129187
0.125421
0.121534
0.120957
0.122561
0.124966
0.12498
0.127359
0.126798
0.128671
0.128602
0.12884
0.12896
0.12596
0.125647
0.125785
0.12652
0.125366
0.125072
0.122447
0.123924
0.127836
0.124835
0.125948
0.127845
0.126997
0.128432
0.129368
0.129831
0.127643
0.127542
0.127202
0.128584
0.128559
0.129592
0.129005
0.128647
0.12672
0.125894
0.124052
0.125055
0.123948
0.123697
0.125868
0.126637
0.125601
0.126119
0.127796
0.124564
0.126181
0.127708
0.128408
0.129453
0.125761
0.124293
0.124671
0.123496
0.124226
0.123301
0.122799
0.12236
0.122166
0.125676
0.125254
0.124854
0.122646
0.122865
0.122843
0.121595
0.121331
0.120609
0.119963
0.120544
0.124068
0.125818
0.126481
0.12725
0.129623
0.127604
0.125774
0.125784
0.126806
0.127083
0.122601
0.120217
0.119866
0.121776
0.121959
0.123272
0.12204
0.122644
0.121379
0.119234
0.123277
0.124122
0.125186
0.125689
0.124642
0.125842
0.127853
0.124654
0.123343
0.127372
0.129062
0.12683
0.129068
0.128231
0.128164
0.126852
0.127709
0.12581
0.125881
0.123751
0.127539
0.124949
0.125331
0.125421
0.125136
0.12615
0.12559
0.12509
0.126075
0.126824
0.127083
0.126897
0.127521
0.127894
0.126648
0.125209
0.126022
0.12636
0.124925
0.125675
0.127024
0.128299
0.124232
0.125008
0.126457
0.125844
0.127243
0.127834
0.130046
0.129469
0.128251
0.126193
0.126858
0.129297
0.12814
0.126127
0.125253
0.127569
0.129632
0.13011
0.126676
0.1245
0.126924
0.128548
0.127543
0.129294
0.129044
0.125586
0.127059
0.124675
0.121032
0.124623
0.124365
0.125527
0.125724
0.125947
0.124779
0.122038
0.122842
0.120991
0.122383
0.122838
0.126041
0.127625
0.125412
0.125596
0.124411
0.122546
0.118408
0.122333
0.12491
0.125297
0.127694
0.124767
0.125457
0.127667
0.126597
0.125892
0.127763
0.126679
0.129064
0.128279
0.130349
0.127731
0.128111
0.126929
0.126845
0.12514
0.124649
0.126189
0.126832
0.125792
0.12549
0.122147
0.12253
0.123389
0.12572
0.126422
0.125922
0.126217
0.125322
0.124787
0.129461
0.131101
0.129787
0.129612
0.126671
0.127702
0.127778
0.13004
0.127266
0.127955
0.127104
0.125037
0.122945
0.122769
0.119413
0.121742
0.123501
0.12424
0.124515
0.125832
0.125468
0.124193
0.125718
0.126813
0.126282
0.125499
0.124512
0.124329
0.123789
0.124641
0.125076
0.126717
0.12809
0.12992
0.128932
0.127302
0.126481
0.128532
0.128871
0.130703
0.130386
0.131245
0.132521
0.133319
0.12999
0.132072
0.133602
0.134653
0.131123
0.128372
0.12671
0.124263
0.12398
0.124704
0.12556
0.127594
0.126493
0.127143
0.129235
0.128354
0.127617
0.126821
0.123655
0.125164
0.125284
0.124466
0.123025
0.122668
0.124882
0.124614
0.126586
0.126397
0.127969
0.125237
0.12291
0.124605
0.12282
0.124941
0.124307
0.126369
0.125906
0.125346
0.125799
0.126615
0.125701
0.125838
0.125549
0.126393
0.129392
0.129637
0.12575
0.128043
0.126436
0.125244
0.123326
0.123258
0.122123
0.120948
0.123592
0.124954
0.124013
0.122299
0.124092
0.123919
0.124991
0.125065
0.126276
0.126668
0.127782
0.126155
0.127187
0.127076
0.126936
0.129439
0.13003
0.132624
0.130954
0.130742
0.128036
0.128431
0.12673
0.129731
0.129104
0.127843
0.127158
0.125341
0.124688
0.124857
0.124613
0.126311
0.12317
0.124899
0.123916
0.125407
0.123173
0.122421
0.120733
0.123202
0.120868
0.121926
0.122932
0.125682
0.123334
0.123526
0.122465
0.122348
0.12313
0.123721
0.12815
0.125772
0.126186
0.127025
0.128268
0.131256
0.129565
0.12884
0.126311
0.123364
0.123924
0.1262
0.124276
0.123044
0.12094
0.122621
0.124448
0.125455
0.124689
0.122253
0.124551
0.125926
0.126824
0.125828
0.12646
0.126976
0.127109
0.126688
0.125909
0.126475
0.12598
0.126516
0.126883
0.125559
0.124119
0.125182
0.124833
0.123
0.123959
0.12752
0.123813
0.123287
0.120979
0.121245
0.120955
0.124391
0.127043
0.127664
0.125748
0.125263
0.125681
0.126604
0.127736
0.127854
0.126936
0.128754
0.128832
0.125499
0.126613
0.124262
0.121441
0.12239
0.122027
0.122554
0.123708
0.125448
0.127749
0.126071
0.12711
0.125328
0.124471
0.124101
0.12137
0.119307
0.121152
0.12266
0.120812
0.120278
0.116921
0.118817
0.118787
0.120156
0.118186
0.118293
0.122739
0.121947
0.124126
0.121816
0.123702
0.123389
0.12533
0.126492
0.126927
0.129211
0.128821
0.130133
0.129161
0.12731
0.129536
0.12912
0.129048
0.127277
0.128927
0.127464
0.129065
0.12906
0.128789
0.130201
0.129268
0.127666
0.125124
0.124574
0.126531
0.125611
0.126239
0.125555
0.126711
0.127758
0.125629
0.122523
0.124118
0.123493
0.125148
0.125035
0.127083
0.126651
0.126158
0.124122
0.12675
0.124405
0.123749
0.128192
0.128479
0.127355
0.127463
0.127884
0.127571
0.125589
0.12536
0.128085
0.127368
0.128218
0.128118
0.12637
0.125508
0.123985
0.124907
0.125438
0.125721
0.12711
0.126309
0.122973
0.122478
0.122956
0.122404
0.123561
0.121033
0.121456
0.124884
0.125547
0.124642
0.123657
0.124797
0.126255
0.126057
0.123396
0.127109
0.125549
0.121737
0.121437
0.123457
0.122444
0.127712
0.126762
0.126639
0.125764
0.126822
0.128007
0.126884
0.122179
0.125833
0.125606
0.125733
0.126269
0.125404
0.124297
0.12497
0.125225
0.123789
0.123925
0.125061
0.12476
0.125642
0.126889
0.130825
0.131265
0.132552
0.129297
0.128488
0.128098
0.129526
0.12635
0.125527
0.124765
0.125456
0.127637
0.128178
0.125968
0.128112
0.127041
0.128748
0.127559
0.12871
0.126003
0.125037
0.123733
0.122024
0.124941
0.125223
0.125716
0.12572
0.126457
0.124895
0.122721
0.124514
0.125674
0.125377
0.12741
0.126499
0.12644
0.128676
0.128461
0.126042
0.127305
0.12853
0.126329
0.12707
0.123966
0.127345
0.127345
0.12824
0.129753
0.13204
0.12812
0.127357
0.125068
0.123667
0.123297
0.124721
0.127934
0.127995
0.126315
0.127011
0.127003
0.126726
0.125094
0.125364
0.125277
0.125171
0.126337
0.123615
0.121347
0.122753
0.123297
0.124666
0.126492
0.126873
0.125874
0.123318
0.123027
0.122859
0.125038
0.125434
0.127213
0.127248
0.128656
0.129577
0.129609
0.129354
0.130604
0.131667
0.12962
0.129893
0.127373
0.126659
0.124439
0.124123
0.122435
0.121371
0.121753
0.123116
0.123839
0.124305
0.125668
0.125336
0.125433
0.124729
0.12524
0.124985
0.123861
0.121031
0.118677
0.119599
0.121481
0.121307
0.123377
0.126244
0.127895
0.128264
0.127745
0.128625
0.127394
0.126464
0.124883
0.123215
0.122653
0.120609
0.120156
0.121718
0.123583
0.123775
0.122763
0.125642
0.125919
0.122793
0.121583
0.122215
0.119065
0.121378
0.120079
0.121297
0.122793
0.120619
0.11948
0.12058
0.121345
0.119863
0.12127
0.122031
0.121251
0.122502
0.122242
0.122781
0.124347
0.125118
0.123152
0.122442
0.121458
0.120908
0.124168
0.124418
0.124765
0.126408
0.125321
0.12428
0.125186
0.128154
0.126724
0.128337
0.12628
0.127932
0.129248
0.129039
0.127223
0.127403
0.125364
0.124323
0.125035
0.125303
0.125392
0.127156
0.126512
0.126226
0.126914
0.129397
0.132119
0.130433
0.128385
0.127789
0.125228
0.124537
0.126773
0.128276
0.125863
0.125447
0.123468
0.123506
0.123835
0.125721
0.12309
0.123931
0.127162
0.124531
0.125129
0.123922
0.123446
0.124376
0.124236
0.125907
0.127726
0.127748
0.126251
0.127181
0.12901
0.131272
0.130685
0.129689
0.12816
0.129042
0.127676
0.130593
0.12801
0.127904
0.128419
0.128245
0.12675
0.128983
0.125233
0.126251
0.126194
0.125384
0.123373
0.123241
0.12539
0.122603
0.122205
0.122138
0.122802
0.12346
0.126492
0.126341
0.127259
0.128011
0.126717
0.126699
0.125232
0.125982
0.12562
0.123648
0.124853
0.121824
0.127679
0.127434
0.129006
0.131112
0.132048
0.129641
0.127668
0.12668
0.125012
0.125679
0.124961
0.126826
0.125307
0.126853
0.126291
0.124181
0.126497
0.125951
0.126419
0.124367
0.127277
0.125735
0.128218
0.127974
0.127751
0.130216
0.131611
0.128909
0.128117
0.125729
0.12633
0.125966
0.127331
0.126435
0.125176
0.121882
0.12313
0.123196
0.120736
0.11922
0.118276
0.122606
0.125951
0.128364
0.129657
0.129542
0.132124
0.132053
0.130815
0.13152
0.130639
0.130143
0.128607
0.129026
0.128669
0.126602
0.126772
0.128364
0.126352
0.130724
0.12917
0.128799
0.129639
0.126379
0.126938
0.128503
0.128677
0.128439
0.128398
0.126892
0.125828
0.124328
0.12546
0.125748
0.124396
0.125213
0.124444
0.124894
0.125447
0.124576
0.124894
0.125373
0.124173
0.124794
0.127192
0.127741
0.127775
0.128868
0.126343
0.124981
0.125463
0.128796
0.125719
0.124124
0.124536
0.124371
0.126061
0.126666
0.12724
0.124818
0.123363
0.124522
0.124703
0.122852
0.118917
0.117596
0.11637
0.118035
0.119933
0.12206
0.122964
0.124061
0.125365
0.12502
0.127844
0.12782
0.125895
0.126261
0.127544
0.127465
0.12681
0.126308
0.126278
0.124939
0.124654
0.128429
0.130138
0.12769
0.127711
0.127089
0.129436
0.12585
0.126953
0.124576
0.126835
0.126578
0.125935
0.127693
0.127057
0.12554
0.127178
0.128803
0.127497
0.127965
0.124091
0.123947
0.126655
0.124083
0.123274
0.122718
0.127585
0.127197
0.124992
0.127038
0.126155
0.12557
0.127353
0.126669
0.127172
0.125813
0.127027
0.126406
0.125143
0.126047
0.127417
0.12669
0.128204
0.128552
0.126754
0.123827
0.122998
0.122544
0.122753
0.122151
0.121801
0.121675
0.121995
0.124298
0.126924
0.126968
0.124289
0.124468
0.122294
0.123393
0.121317
0.117183
0.119465
0.119598
0.119961
0.120191
0.119224
0.119656
0.123031
0.122598
0.124442
0.126211
0.125288
0.125361
0.125438
0.128446
0.12556
0.125966
0.127237
0.127362
0.12751
0.128862
0.128741
0.12533
0.127578
0.129931
0.127821
0.126038
0.123777
0.124765
0.123072
0.123113
0.122548
0.125037
0.126221
0.124141
0.122759
0.122414
0.122051
0.120801
0.120768
0.121503
0.120613
0.120764
0.124056
0.123649
0.122886
0.124162
0.127224
0.121955
0.120792
0.120219
0.120756
0.119264
0.118234
0.120172
0.118036
0.120351
0.123466
0.122065
0.118501
0.122374
0.124341
0.122799
0.122994
0.123658
0.120913
0.1229
0.12473
0.12447
0.124561
0.122749
0.122644
0.124549
0.123716
0.12576
0.123967
0.12271
0.121952
0.124538
0.123653
0.123699
0.124024
0.123186
0.124436
0.12018
0.123438
0.124322
0.127555
0.126637
0.124871
0.12492
0.125301
0.123629
0.123212
0.12205
0.124016
0.124966
0.128524
0.127328
0.123011
0.122028
0.121341
0.123621
0.122767
0.125402
0.12752
0.12525
0.124511
0.123224
0.123588
0.12395
0.125663
0.123828
0.12498
0.123085
0.124125
0.122688
0.1245
0.12431
0.122816
0.118701
0.121331
0.121967
0.121452
0.122836
0.125421
0.123445
0.121739
0.12148
0.120277
0.121637
0.12221
0.121895
0.122324
0.127627
0.125071
0.125561
0.126258
0.124883
0.12511
0.128589
0.131144
0.130065
0.129491
0.12706
0.126715
0.126582
0.127506
0.126121
0.123727
0.126763
0.127285
0.126502
0.126174
0.126101
0.124447
0.125363
0.123948
0.122065
0.120403
0.119897
0.123324
0.123364
0.123264
0.126539
0.127094
0.126221
0.126418
0.125189
0.126974
0.127769
0.128854
0.127669
0.130936
0.132709
0.12895
0.124756
0.126537
0.123338
0.121553
0.120302
0.119875
0.120475
0.118732
0.119276
0.11915
0.122494
0.121583
0.122231
0.123155
0.12283
0.122552
0.122497
0.123254
0.12333
0.125944
0.128676
0.125751
0.125729
0.123522
0.12369
0.122085
0.121609
0.120747
0.119981
0.119593
0.119426
0.120512
0.120602
0.120887
0.119879
0.118545
0.12117
0.124402
0.125725
0.125738
0.128366
0.129431
0.130516
0.128611
0.12786
0.128488
0.127374
0.126881
0.127157
0.122162
0.124478
0.125553
0.125025
0.126742
0.125711
0.126938
0.126669
0.128288
0.126671
0.126308
0.128249
0.127444
0.126866
0.125479
0.126401
0.125019
0.124163
0.125371
0.125779
0.126219
0.128015
0.123622
0.125286
0.125645
0.126428
0.12541
0.12482
0.127448
0.126399
0.128836
0.128144
0.129948
0.12803
0.129652
0.128855
0.131199
0.129724
0.130036
0.127996
0.125182
0.122168
0.122031
0.123843
0.123399
0.125668
0.127319
0.128054
0.125951
0.126571
0.125291
0.127786
0.127363
0.127549
0.128765
0.129182
0.130976
0.131173
0.129902
0.129892
0.127815
0.126232
0.125996
0.129908
0.126667
0.126473
0.125576
0.125778
0.12774
0.128675
0.128237
0.127313
0.128083
0.128243
0.128796
0.129606
0.12939
0.127016
0.129219
0.127238
0.127158
0.126793
0.126067
0.12455
0.124925
0.125574
0.127037
0.124953
0.121682
0.120606
0.118405
0.118497
0.120186
0.120722
0.122294
0.122825
0.126421
0.123455
0.127358
0.125353
0.126798
0.128172
0.127965
0.127274
0.127891
0.127801
0.126304
0.129057
0.127059
0.127546
0.125605
0.125653
0.127345
0.127217
0.127192
0.124153
0.126232
0.124002
0.125197
0.127556
0.129725
0.127219
0.129017
0.128762
0.127587
0.126163
0.125365
0.125594
0.125288
0.126518
0.125507
0.127015
0.127173
0.126935
0.124271
0.125486
0.125164
0.122575
0.119519
0.122384
0.123031
0.124655
0.122695
0.126035
0.124493
0.126283
0.126005
0.127162
0.126104
0.128073
0.127754
0.1276
0.12746
0.12572
0.127362
0.124616
0.123056
0.127027
0.129528
0.126849
0.125813
0.123262
0.12384
0.123527
0.123368
0.123381
0.123118
0.122164
0.121566
0.119622
0.119871
0.122387
0.119575
0.122103
0.12161
0.120399
0.121215
0.122991
0.124604
0.123608
0.126328
0.126373
0.125336
0.125603
0.121753
0.121568
0.120337
0.121941
0.121229
0.12289
0.124193
0.12275
0.122652
0.123406
0.124259
0.124629
0.126276
0.127675
0.129108
0.128151
0.128418
0.129467
0.126981
0.124395
0.123726
0.123624
0.123416
0.123051
0.123463
0.123311
0.125079
0.12081
0.121248
0.121627
0.121155
0.121544
0.121772
0.12502
0.124062
0.123808
0.124168
0.125641
0.124364
0.12344
0.12195
0.12042
0.120218
0.120564
0.123137
0.125801
0.126438
0.126935
0.126531
0.127103
0.1248
0.126173
0.126441
0.126569
0.124833
0.126394
0.12686
0.12565
0.123049
0.123425
0.125437
0.124546
0.123904
0.125468
0.127505
0.127773
0.125784
0.12519
0.126794
0.12797
0.126252
0.125867
0.124141
0.124397
0.125747
0.125649
0.124425
0.124901
0.125839
0.124839
0.124117
0.123325
0.123387
0.122544
0.126626
0.126794
0.126323
0.125881
0.124542
0.125224
0.124844
0.12665
0.123847
0.124608
0.125735
0.12479
0.125347
0.12343
0.124942
0.123486
0.121981
0.118535
0.120635
0.12159
0.122098
0.123651
0.118599
0.120643
0.121221
0.121433
0.12091
0.121989
0.121836
0.123234
0.126039
0.126901
0.128308
0.127827
0.12957
0.130598
0.128847
0.128809
0.125273
0.126614
0.123913
0.124914
0.123314
0.121619
0.123247
0.125211
0.125417
0.126988
0.128878
0.127594
0.124491
0.12761
0.125377
0.126524
0.125611
0.123108
0.12743
0.128486
0.128141
0.129434
0.127958
0.12622
0.126436
0.124589
0.125249
0.124794
0.124719
0.12242
0.122425
0.122969
0.121352
0.12335
0.122978
0.124385
0.122807
0.121075
0.121817
0.122239
0.122393
0.121608
0.12116
0.12418
0.122169
0.125026
0.129389
0.126437
0.121975
0.121894
0.124764
0.12458
0.126347
0.127065
0.129491
0.127946
0.126446
0.126739
0.128237
0.126924
0.127133
0.126567
0.124677
0.126726
0.125712
0.124922
0.123217
0.122877
0.121768
0.121426
0.120143
0.121537
0.119502
0.119596
0.120438
0.122816
0.123988
0.124212
0.123949
0.125158
0.12264
0.12222
0.122675
0.12143
0.123721
0.125869
0.125299
0.124324
0.125403
0.122289
0.126097
0.12447
0.125331
0.126201
0.125257
0.12268
0.124615
0.125156
0.126208
0.12684
0.128703
0.127485
0.126078
0.125449
0.123684
0.124253
0.12331
0.123229
0.124949
0.124373
0.127933
0.12581
0.125075
0.125345
0.124881
0.125211
0.125174
0.124813
0.127491
0.127563
0.126911
0.126646
0.12913
0.129763
0.132901
0.133006
0.130895
0.128219
0.126232
0.127212
0.125845
0.127099
0.125418
0.125171
0.122581
0.119953
0.121016
0.119965
0.12108
0.121789
0.121551
0.123311
0.124527
0.128166
0.129754
0.127287
0.124797
0.126812
0.128554
0.126245
0.123861
0.124228
0.125024
0.126715
0.128244
0.131929
0.131772
0.133316
0.132456
0.130197
