1.10715
1.09322
1.08475
1.09437
1.08929
1.07572
1.07038
1.05112
1.03553
1.02283
1.00273
0.986685
0.972199
0.94738
0.956725
0.966603
0.955569
0.950587
0.94932
0.940639
0.922453
0.924865
0.928186
0.920178
0.907254
0.898416
0.897424
0.88444
0.88519
0.887517
0.875204
0.869269
0.849754
0.832436
0.819911
0.815931
0.813607
0.80944
0.806972
0.797936
0.816084
0.797567
0.773588
0.760709
0.775415
0.762955
0.75689
0.757468
0.748206
0.742361
0.733107
0.722618
0.695362
0.707906
0.688355
0.670245
0.681492
0.665867
0.668267
0.663145
0.653456
0.655992
0.636407
0.637892
0.621571
0.604469
0.602812
0.603532
0.622434
0.636186
0.642622
0.628583
0.613188
0.601519
0.591645
0.595028
0.59143
0.572583
0.567677
0.56921
0.564515
0.577273
0.562339
0.559829
0.568648
0.56419
0.564378
0.548196
0.54546
0.553366
0.546402
0.546518
0.531231
0.526783
0.533923
0.539283
0.539974
0.539067
0.562774
0.564744
0.578518
0.557447
0.541353
0.546701
0.551148
0.538177
0.52762
0.52509
0.519619
0.530479
0.538064
0.532218
0.520682
0.511618
0.529996
0.539179
0.560671
0.595112
0.590224
0.60795
0.617008
0.622117
0.617868
0.642577
0.659547
0.675406
0.661543
0.661517
0.684683
0.706036
0.745631
0.725225
0.736509
0.755343
0.780341
0.803372
0.80811
0.850946
0.87149
0.871082
0.877266
0.902969
0.898847
0.915667
0.914597
0.900033
0.895979
0.932202
0.958846
0.96774
1.00364
1.00738
1.02125
1.04099
1.03892
1.05157
1.06898
1.09368
1.1241
1.14721
1.16105
1.1631
1.1752
1.18789
1.20651
1.21045
1.23436
1.26355
1.2846
1.30411
1.3072
1.35265
1.37366
1.39405
1.40149
1.42698
1.44718
1.44898
1.4649
1.46858
1.45603
1.47902
1.477
1.485
1.4609
1.44699
1.47451
1.47843
1.48392
1.49521
1.49667
1.52049
1.52844
1.53342
1.56179
1.56697
1.60658
1.61932
1.64105
1.66494
1.67296
1.68604
1.6896
1.72724
1.73485
1.7597
1.77986
1.8064
1.82276
1.83076
1.8358
1.85145
1.86015
1.87332
1.89473
1.90385
1.92573
1.92477
1.94877
1.96111
1.97878
1.99169
1.98649
1.99624
2.00317
2.01265
2.04249
2.03968
2.02729
2.02616
2.03568
2.04513
2.05307
2.06749
2.08258
2.08896
2.1187
2.13309
2.12286
2.12186
2.12696
2.14715
2.15021
2.15667
2.17267
2.18241
2.18285
2.19684
2.22564
2.22661
2.2291
2.24611
2.27665
2.29754
2.31512
2.31882
2.33548
2.33269
2.33906
2.34481
2.32864
2.32476
2.33764
2.34935
2.34985
2.3593
2.3524
2.38371
2.39494
2.40161
2.3999
2.41318
2.41933
2.4498
2.45192
2.45869
2.46549
2.48107
2.47855
2.4734
2.44571
2.43772
2.41508
2.40021
2.40019
2.37714
2.35441
2.33672
2.31401
2.30774
2.31129
2.28779
2.27757
2.25196
2.22325
2.20984
2.20262
2.18548
2.15452
2.17642
2.1493
2.12332
2.1034
2.08499
2.05706
2.04354
2.05089
2.04182
2.01324
2.03355
2.04478
2.04004
2.03324
2.00831
2.01306
1.98861
1.95526
1.92409
1.90822
1.89429
1.89621
1.89253
1.87348
1.85306
1.85751
1.85774
1.83699
1.82888
1.79588
1.79765
1.77736
1.76323
1.73159
1.73901
1.73753
1.71827
1.72474
1.68049
1.68102
1.68756
1.67875
1.66011
1.62098
1.6145
1.61692
1.61194
1.60658
1.57154
1.57173
1.57597
1.55554
1.54813
1.56485
1.53612
1.54115
1.54061
1.50836
1.48709
1.48764
1.46707
1.45762
1.4329
1.40429
1.38903
1.3671
1.33813
1.32917
1.30129
1.26832
1.24881
1.24332
1.22422
1.19699
1.16657
1.13875
1.14066
1.12152
1.08833
1.07042
1.04723
1.04984
1.05243
1.03766
1.03069
1.0343
1.02067
1.00375
0.986313
0.958385
0.936736
0.904617
0.896261
0.878222
0.86483
0.874031
0.871127
0.856967
0.860122
0.85137
0.841605
0.831955
0.834262
0.822152
0.829171
0.826679
0.831603
0.821632
0.825642
0.813235
0.818681
0.794473
0.7852
0.776369
0.796361
0.79544
0.784159
0.819436
0.846351
0.83184
0.839402
0.869671
0.867305
0.879278
0.887329
0.89761
0.92318
0.924665
0.936757
0.930069
0.944527
0.971713
0.945288
0.953218
0.976796
0.993868
1.00098
1.00466
1.0121
1.04324
1.04405
1.05491
1.07701
1.10735
1.1297
1.13457
1.1489
1.16484
1.17774
1.18203
1.1978
1.21429
1.23136
1.23179
1.25629
1.2694
1.25834
1.28559
1.31806
1.33417
1.34789
1.35191
1.36931
1.37705
1.38218
1.39377
1.39381
1.41406
1.44226
1.46209
1.47149
1.47793
1.47513
1.49452
1.50301
1.50247
1.49962
1.52623
1.54396
1.55071
1.57416
1.58159
1.59885
1.61245
1.59643
1.61576
1.61992
1.63033
1.65263
1.66565
1.6833
1.69092
1.68741
1.69128
1.70162
1.71984
1.73777
1.74745
1.75806
1.78321
1.78192
1.80332
1.82149
1.87647
1.90048
1.91318
1.93705
1.95077
1.97603
2.00294
2.03983
2.06017
2.06795
2.07383
2.10031
2.10415
2.11723
2.1387
2.16297
2.166
2.16322
2.17688
2.18268
2.18676
2.19952
2.20904
2.19551
2.2157
2.21831
2.2032
2.21568
2.23304
2.26146
2.27767
2.28964
2.30997
2.32486
2.32571
2.33827
2.32807
2.32796
2.33128
2.33574
2.33937
2.34664
2.35352
2.37636
2.36988
2.37656
2.394
2.36622
2.36267
2.34773
2.33728
2.32892
2.32989
2.31107
2.31167
2.2944
2.28421
2.24698
2.21492
2.21159
2.20306
2.17817
2.16475
2.15746
2.12837
2.13164
2.13289
2.12417
2.11223
2.10405
2.07596
2.05167
2.03928
2.0136
1.99946
1.98002
1.96223
1.96601
1.97752
1.98279
1.96332
1.94683
1.93318
1.90936
1.90726
1.89167
1.87793
1.86978
1.87588
1.85531
1.85817
1.85614
1.85035
1.83671
1.82631
1.8275
1.80995
1.76873
1.74793
1.72424
1.69182
1.65005
1.62727
1.59103
1.58082
1.56694
1.58057
1.58357
1.56058
1.54848
1.55606
1.55554
1.56444
1.55413
1.52891
1.51045
1.48305
1.46381
1.44443
1.45554
1.4475
1.41732
1.39494
1.38958
1.38661
1.39295
1.38149
1.3586
1.35197
1.32697
1.32041
1.28959
1.26668
1.26281
1.2303
1.21727
1.22033
1.20351
1.20083
1.19697
1.18178
1.17706
1.17672
1.16412
1.14684
1.12226
1.11468
1.11391
1.09836
1.08332
1.07227
1.05027
1.04215
1.02671
1.03005
1.02742
0.985016
0.974365
0.948981
0.95618
0.944636
0.950385
0.954094
0.952834
0.943239
0.929701
0.938032
0.94962
0.938475
0.943353
0.926867
0.917114
0.903639
0.894227
0.896972
0.884558
0.881175
0.875427
0.865787
0.844776
0.841067
0.848001
0.833663
0.844529
0.854645
0.864685
0.848508
0.866708
0.894349
0.911953
0.905947
0.903631
0.908238
0.923998
0.92735
0.935653
0.918177
0.907306
0.927875
0.925884
0.93559
0.945208
0.969955
0.980157
0.977868
0.983075
1.00536
1.05061
1.06886
1.10133
1.09691
1.09305
1.09779
1.10657
1.12274
1.13545
1.12557
1.13303
1.16706
1.19447
1.22617
1.22368
1.26265
1.27876
1.26453
1.27293
1.28922
1.3067
1.32067
1.35584
1.37572
1.39589
1.41769
1.4131
1.41421
1.42602
1.45099
1.46849
1.50221
1.50941
1.52063
1.54789
1.55868
1.57728
1.60915
1.61633
1.61145
1.63086
1.64216
1.65923
1.67602
1.68294
1.70955
1.72281
1.74724
1.76479
1.79123
1.79817
1.79918
1.80079
1.83817
1.88218
1.87496
1.90912
1.90176
1.91599
1.92205
1.92213
1.93923
1.95726
1.97431
1.98233
1.9759
1.98883
2.0091
2.00215
2.01357
2.0159
2.03376
2.0473
2.05596
2.06411
2.07771
2.08712
2.10297
2.12143
2.13106
2.13107
2.14603
2.15807
2.19321
2.21047
2.21319
2.22653
2.23206
2.24131
2.2517
2.25009
2.26795
2.26775
2.26255
2.26762
2.27408
2.28839
2.28882
2.31221
2.33096
2.33368
2.3371
2.35106
2.3441
2.32994
2.3103
2.2958
2.29559
2.29319
2.28802
2.283
2.26539
2.26812
2.24277
2.23093
2.22415
2.22076
2.21998
2.18601
2.18761
2.14458
2.11455
2.11864
2.10928
2.09977
2.09719
2.10624
2.11334
2.09111
2.07108
2.04648
2.01787
2.018
2.01563
2.00371
1.99688
1.97128
1.96109
1.95543
1.94714
1.93547
1.91499
1.91041
1.89177
1.90712
1.88336
1.88486
1.89037
1.87748
1.8837
1.87458
1.86882
1.84879
1.8194
1.80165
1.78233
1.7649
1.71076
1.69914
1.68874
1.69742
1.70398
1.6888
1.68114
1.64672
1.65076
1.62737
1.61993
1.57801
1.58239
1.56518
1.56956
1.57968
1.5761
1.55011
1.54916
1.54252
1.53867
1.50726
1.50224
1.48673
1.46033
1.44124
1.40246
1.38326
1.37881
1.35944
1.32836
1.30259
1.28473
1.28254
1.26062
1.24401
1.23497
1.21091
1.1798
1.16677
1.162
1.12056
1.0948
1.08814
1.08779
1.08269
1.07011
1.06164
1.04004
1.00466
1.011
0.984705
0.967968
0.939844
0.908352
0.901262
0.900849
0.880991
0.866479
0.845093
0.824582
0.822825
0.805231
0.814081
0.794681
0.76647
0.755088
0.750762
0.75643
0.743275
0.720499
0.685996
0.661988
0.660045
0.656386
0.654002
0.653138
0.670319
0.688519
0.675334
0.695399
0.706726
0.717026
0.731947
0.773147
0.785584
0.778817
0.784094
0.777502
0.788909
0.815018
0.809804
0.829663
0.843698
0.850393
0.871419
0.884159
0.906764
0.915489
0.911814
0.915437
0.9372
0.940599
0.975304
0.967677
1.00695
1.01322
1.02602
1.03367
1.03583
1.04864
1.04671
1.06513
1.09626
1.11734
1.12855
1.13094
1.15377
1.14406
1.14278
1.14746
1.16546
1.18023
1.1787
1.18597
1.19335
1.20756
1.2343
1.25915
1.29454
1.30016
1.31633
1.37221
1.37166
1.39445
1.40257
1.43429
1.45357
1.43729
1.45148
1.46979
1.47486
1.49724
1.51604
1.54109
1.56191
1.55926
1.59064
1.59085
1.5843
1.56561
1.58964
1.58188
1.57675
1.58407
1.59029
1.61185
1.6046
1.61379
1.60984
1.6148
1.62456
1.63622
1.66724
1.67393
1.71074
1.72132
1.72955
1.74136
1.71967
1.71671
1.72281
1.74828
1.75182
1.75061
1.75334
1.75471
1.7936
1.80891
1.78839
1.79157
1.78608
1.79187
1.78302
1.79408
1.81898
1.82745
1.80793
1.80531
1.82452
1.82714
1.84917
1.83817
1.85648
1.86872
1.87239
1.8787
1.90961
1.90209
1.92625
1.94531
1.97751
1.98705
1.99298
1.98412
2.00408
2.01263
2.01951
2.04325
2.06756
2.0668
2.08243
2.03836
2.04813
2.05717
2.06766
2.08481
2.08563
2.09063
2.08861
2.11387
2.09838
2.08242
2.08181
2.09157
2.0764
2.0959
2.11419
2.12891
2.13514
2.14066
2.14487
2.16303
2.17859
2.18647
2.19652
2.20569
2.22169
2.21697
2.25666
2.25915
2.28085
2.29209
2.28593
2.30056
2.296
2.29232
2.26896
2.24461
2.23522
2.20822
2.18701
2.17883
2.16336
2.14786
2.12879
2.11982
2.12165
2.10739
2.09686
2.04599
2.05104
2.04404
2.02881
2.03465
2.01151
2.00823
2.00386
1.99731
1.99501
1.9676
1.95962
1.95526
1.96161
1.94986
1.9317
1.94297
1.92608
1.92703
1.89952
1.87745
1.86509
1.83999
1.8317
1.82538
1.7895
1.78369
1.75898
1.74589
1.70969
1.67272
1.66434
1.63326
1.60279
1.59191
1.57909
1.56524
1.5613
1.53489
1.49476
1.48372
1.46808
1.44502
1.42812
1.41516
1.40512
1.37937
1.36411
1.3342
1.31626
1.31302
1.30246
1.29235
1.25461
1.24909
1.22205
1.18029
1.14572
1.12684
1.07515
1.07402
1.07308
1.06183
1.06739
1.0524
1.04932
1.03302
1.04536
1.04311
1.03526
1.02005
1.01176
1.01529
1.00859
0.998788
0.983916
0.965204
0.974362
0.956048
0.947966
0.930027
0.912604
0.890614
0.873068
0.86143
0.833291
0.86312
0.849836
0.877431
0.873806
0.891424
0.911118
0.913574
0.921292
0.93211
0.960329
0.966535
0.978167
0.987465
1.02516
1.04589
1.05794
1.07096
1.08197
1.10402
1.1253
1.12334
1.11932
1.11462
1.13076
1.14061
1.15155
1.1636
1.19204
1.19709
1.21804
1.19892
1.21002
1.21633
1.21543
1.22561
1.24909
1.26438
1.26816
1.29109
1.29955
1.311
1.32931
1.35508
1.36328
1.39133
1.38915
1.40686
1.43051
1.45559
1.51324
1.54075
1.54134
1.53116
1.54703
1.56353
1.58579
1.60619
1.62407
1.65568
1.66744
1.68115
1.69106
1.71223
1.70835
1.72778
1.74363
1.74629
1.77605
1.79908
1.81365
1.83506
1.83651
1.83679
1.84637
1.86281
1.86885
1.87798
1.89266
1.88084
1.89638
1.90945
1.92685
1.94102
1.96289
1.97835
1.97949
1.98901
2.01743
2.04624
2.04687
2.05435
2.03974
2.03261
2.01906
2.04893
2.04333
2.02324
2.03319
2.03982
2.06221
2.06617
2.05199
2.07821
2.07554
2.09998
2.12252
2.12599
2.13261
2.1411
2.15017
2.16758
2.16403
2.16751
2.15168
2.14219
2.13581
2.10862
2.09479
2.0984
2.0857
2.07811
2.04714
2.05024
2.0078
1.99537
1.98549
1.97715
1.95853
1.94047
1.9267
1.89971
1.88677
1.87358
1.85127
1.82728
1.81399
1.80135
1.79865
1.78527
1.7674
1.73973
1.72116
1.70993
1.66633
1.66107
1.6615
1.64747
1.6378
1.61216
1.59014
1.56995
1.53519
1.50476
1.49633
1.48706
1.49179
1.46844
1.47828
1.47223
1.45981
1.44615
1.43644
1.39003
1.38088
1.3704
1.35091
1.32189
1.3124
1.30844
1.28763
1.2739
1.25373
1.23064
1.23576
1.23138
1.21523
1.20431
1.18766
1.18156
1.17023
1.15549
1.15607
1.14221
1.15404
1.14286
1.14568
1.14001
1.11507
1.08917
1.09857
1.08692
1.07856
1.0764
1.09812
1.12212
1.13489
1.14969
1.15986
1.15418
1.17643
1.21549
1.22484
1.23733
1.25896
1.27639
1.29023
1.32555
1.34379
1.38564
1.39193
1.42134
1.42565
1.42859
1.43153
1.43644
1.45316
1.49145
1.49787
1.5239
1.50954
1.54448
1.56002
1.55137
1.5645
1.59118
1.60053
1.60316
1.62751
1.66792
1.69962
1.72689
1.72074
1.73639
1.7398
1.77708
1.78755
1.77647
1.80824
1.80973
1.82178
1.83925
1.85477
1.85403
1.8605
1.89617
1.91716
1.93772
1.94163
1.94475
1.93675
1.95525
1.97217
1.99041
1.9951
1.97264
1.96998
1.96654
1.94852
1.94875
1.93585
1.91759
1.91003
1.89178
1.87789
1.85426
1.8176
1.79349
1.7952
1.80413
1.79364
1.78331
1.76254
1.75039
1.74455
1.73227
1.71918
1.70038
1.70138
1.70248
1.67341
1.66985
1.65192
1.63511
1.63379
1.6423
1.63618
1.60209
1.56885
1.54132
1.5133
1.50772
1.48651
1.47009
1.45306
1.4415
1.43591
1.43373
1.44443
1.44304
1.41317
1.38584
1.36772
1.36862
1.35297
1.35751
1.3587
1.3372
1.30017
1.28307
1.25849
1.23893
1.23775
1.22683
1.22352
1.20645
1.19908
1.19557
1.17974
1.15976
1.13871
1.14726
1.1582
1.16238
1.17616
1.19887
1.23259
1.23519
1.26313
1.26919
1.28128
1.30088
1.32388
1.34882
1.35216
1.34518
1.36265
1.39039
1.39701
1.41483
1.42457
1.42851
1.40747
1.43018
1.44252
1.46253
1.46174
1.48355
1.48648
1.49236
1.52529
1.54406
1.53442
1.55363
1.56469
1.58924
1.5859
1.59376
1.59584
1.59463
1.61831
1.62219
1.64014
1.65095
1.64973
1.66118
1.67993
1.67043
1.67562
1.70839
1.72511
1.73363
1.758
1.75598
1.7586
1.79338
1.81292
1.81236
1.80778
1.81087
1.82592
1.83014
1.85216
1.86125
1.86239
1.86784
1.87404
1.86451
1.87494
1.87928
1.91181
1.94043
1.94154
1.936
1.90935
1.90021
1.87977
1.855
1.84194
1.83748
1.81655
1.79819
1.76246
1.75404
1.73508
1.72749
1.71045
1.67826
1.65312
1.65777
1.64713
1.64309
1.64031
1.59693
1.58293
1.57031
1.54129
1.51928
1.50148
1.48184
1.46711
1.4524
1.43558
1.44224
1.45118
1.42968
1.42276
1.4015
1.39769
1.37756
1.36317
1.37618
1.37272
1.38298
1.34644
1.33208
1.31186
1.28223
1.27056
1.24648
1.25765
1.26269
1.27761
1.2866
1.28148
1.29506
1.31974
1.3347
1.36937
1.36695
1.39379
1.39458
1.40903
1.4127
1.41868
1.41344
1.44986
1.47089
1.50668
1.51732
1.53487
1.56369
1.55704
1.57133
1.57816
1.60548
1.62447
1.62849
1.63926
1.64901
1.67132
1.68745
1.70594
1.72638
1.75116
1.76519
1.77195
1.79595
1.804
1.83456
1.8433
1.83789
1.84045
1.83772
1.84034
1.83748
1.83713
1.83511
1.81418
1.80788
1.80605
1.80417
1.76775
1.76563
1.75929
1.74356
1.70657
1.67993
1.64514
1.63378
1.6395
1.63458
1.62266
1.6108
1.60346
1.56741
1.55073
1.56024
1.5537
1.52184
1.50441
1.47757
1.46468
1.45474
1.44141
1.43208
1.43017
1.40893
1.41064
1.41105
1.38571
1.37451
1.35811
1.37139
1.37981
1.35765
1.37418
1.36941
1.38003
1.40595
1.45192
1.47776
1.49732
1.50832
1.51341
1.56206
1.58999
1.5941
1.6065
1.61468
1.61038
1.63796
1.62395
1.64676
1.66851
1.68046
1.71123
1.7002
1.71275
1.70459
1.71256
1.70892
1.71562
1.69622
1.6857
1.67177
1.64396
1.62832
1.61058
1.60492
1.57202
1.55411
1.52736
1.51842
1.47632
1.45789
1.44886
1.44173
1.44865
1.4568
1.44803
1.46959
1.47799
1.50834
1.4897
1.50221
1.51194
1.52346
1.54155
1.53135
1.56066
1.56147
1.57449
1.57703
1.60066
1.60951
1.60498
1.64056
1.65235
1.66054
1.68725
1.6874
1.68698
1.66697
1.64512
1.62263
1.62617
1.61359
1.60573
1.57223
1.56212
1.54919
1.56278
1.57269
1.54578
1.53349
1.52755
1.51347
1.49909
1.48308
1.48851
1.51033
1.52068
1.54559
1.54727
1.55516
1.57221
1.60557
1.62403
1.63961
1.65439
1.64331
1.62742
1.6014
1.58507
1.56625
1.55778
1.5314
1.5263
1.51912
1.50581
1.51109
1.53366
1.55955
1.57572
1.5772
1.59089
1.61567
1.65208
1.62676
1.62717
1.61164
1.60996
1.60503
1.58105
1.58233
1.55458
1.55222
1.54574
1.54096
1.53054
1.52837
1.51205
1.49668
1.51059
1.5261
1.55334
1.58383
1.58238
1.59985
1.59439
1.59875
1.61105
1.59242
1.58847
1.57818
1.56771
1.54452
1.51985
1.56323
1.55981
1.57303
1.56482
1.57153
1.58878
1.5974
1.58303
1.57427
1.59448
1.56533
1.55074
1.54121
1.56486
1.57553
1.60698
1.5994
1.57944
1.59401
1.57682
1.55558
1.56157
1.53333
1.53716
1.53319
1.5421
1.5607
1.5798
1.60244
1.62268
1.60461
1.60649
1.57789
1.56362
1.55078
1.54243
1.51946
1.5342
1.53321
1.54866
1.57244
1.58227
1.59154
1.6164
1.64515
1.63101
1.60402
1.58143
1.56372
1.56585
1.56285
1.53875
1.53295
1.49654
1.49959
1.51036
1.52195
1.5513
1.56797
1.57068
1.59572
1.60598
1.61318
1.64667
1.64289
1.62061
1.61188
1.58042
1.58923
1.55359
1.53226
1.50508
1.49774
1.5315
1.57934
1.61189
1.6147
1.61613
1.59112
1.57723
1.58597
1.57737
1.54786
1.53894
1.53525
1.52463
1.52934
1.53725
1.53403
1.54981
1.57456
1.57942
1.58593
1.5921
1.59954
1.60738
1.61815
1.63512
1.63438
1.61999
1.61823
1.60761
1.61431
1.58645
1.57442
1.57687
1.54404
1.53888
1.50765
1.50753
1.51153
1.51078
1.50724
1.54862
1.5715
1.58059
1.57614
1.61741
1.58009
1.57335
1.56758
1.55983
1.55521
1.56745
1.60442
1.60113
1.58229
1.53547
1.52927
1.52388
1.55374
1.56959
1.58141
1.58608
1.59312
1.59649
1.5804
1.5549
1.58014
1.55528
1.56679
1.57433
1.58436
1.59538
1.58482
1.5777
1.57736
1.57754
1.59771
1.56671
1.53898
1.51626
1.52884
1.54926
1.57991
1.57665
1.58822
1.61199
1.62007
1.62141
1.61894
1.58184
1.57115
1.55827
1.53172
1.51904
1.49789
1.50478
1.52174
1.55269
1.53276
1.54682
1.55534
1.57818
1.62849
1.62912
1.64185
1.67028
1.64727
1.6433
1.61048
1.59884
1.60625
1.58007
1.57578
1.55683
1.53593
1.50214
1.51812
1.51558
1.5193
1.51255
1.5227
1.55164
1.55263
1.56083
1.58098
1.59537
1.59389
1.60607
1.59777
1.58566
1.57312
1.56361
1.54432
1.53562
1.51931
1.57442
1.5717
1.60166
1.60886
1.59452
1.57874
1.58298
1.57045
1.52744
1.54523
1.5727
1.60299
1.58672
1.55916
1.54018
1.54634
1.57819
1.56788
1.58874
1.61172
1.60012
1.57599
1.59845
1.59687
1.59192
1.5958
1.58769
1.56532
1.56001
1.53987
1.51488
1.49262
1.50289
1.51558
1.51643
1.51394
1.51102
1.52834
1.54458
1.55876
1.58437
1.61081
1.64373
1.64556
1.65194
1.67489
1.66743
1.66006
1.64602
1.60945
1.58264
1.54888
1.53832
1.50858
1.52366
1.4915
1.47204
1.45977
1.47588
1.4832
1.49835
1.51756
1.5484
1.56952
1.57145
1.56244
1.5689
1.60993
1.63811
1.65623
1.69667
1.70584
1.73043
1.73776
1.73743
1.73026
1.71922
1.71916
1.68897
1.68112
1.67789
1.68084
1.67013
1.63832
1.62829
1.58629
1.59621
1.60481
1.55728
1.55449
1.54469
1.54165
1.53037
1.50412
1.49421
1.47403
1.47594
1.45123
1.43298
1.40956
1.39285
1.39436
1.37119
1.36007
1.37168
1.38122
1.40821
1.41908
1.43324
1.45444
1.4623
1.48217
1.4867
1.50928
1.50803
1.53177
1.53789
1.52159
1.54912
1.56355
1.55456
1.561
1.56482
1.56447
1.60114
1.62097
1.63392
1.6158
1.63158
1.63586
1.63671
1.65125
1.68772
1.68783
1.70898
1.7122
1.70607
1.7294
1.72888
1.73948
1.72547
1.70415
1.68634
1.70089
1.67822
1.67467
1.679
1.66046
1.65374
1.63679
1.60658
1.57614
1.59916
1.595
1.60632
1.59738
1.57404
1.55953
1.5508
1.55768
1.55086
1.52534
1.50931
1.48264
1.46749
1.47098
1.46793
1.45034
1.46434
1.44551
1.44879
1.4367
1.40932
1.41435
1.43835
1.45933
1.44941
1.44978
1.45006
1.44118
1.44691
1.47814
1.48287
1.49769
1.50008
1.51065
1.52011
1.54678
1.57727
1.59317
1.60974
1.63622
1.66698
1.6638
1.68303
1.68928
1.70878
1.72873
1.73005
1.74251
1.75788
1.77118
1.75311
1.72918
1.72262
1.72397
1.73781
1.73813
1.72564
1.71427
1.70475
1.70365
1.69462
1.69843
1.6866
1.6842
1.66804
1.61783
1.61206
1.61399
1.58675
1.5968
1.57296
1.56599
1.55298
1.54909
1.52666
1.51856
1.50613
1.49361
1.48785
1.4901
1.48101
1.47408
1.43699
1.43723
1.41972
1.42704
1.40484
1.38644
1.38102
1.37452
1.33984
1.31162
1.30418
1.3189
1.3227
1.34989
1.34601
1.35554
1.37372
1.35573
1.36825
1.34879
1.35918
1.37378
1.39277
1.41118
1.4189
1.45157
1.46366
1.47728
1.48339
1.47983
1.50574
1.51366
1.52944
1.51206
1.52402
1.53849
1.54553
1.57163
1.5864
1.59141
1.61501
1.63499
1.64347
1.65508
1.65508
1.67091
1.7064
1.71888
1.72455
1.72959
1.73352
1.75267
1.79288
1.8048
1.8424
1.85958
1.86676
1.89572
1.90451
1.92683
1.9221
1.90797
1.86544
1.84702
1.84517
1.82345
1.78421
1.76189
1.74203
1.74538
1.7162
1.71225
1.72463
1.7112
1.68848
1.69333
1.66623
1.64114
1.64378
1.64875
1.64578
1.64105
1.64974
1.64674
1.64126
1.6459
1.61545
1.60716
1.58992
1.57484
1.55906
1.53623
1.52756
1.54357
1.52523
1.5192
1.49429
1.47339
1.47489
1.45611
1.46273
1.44641
1.44942
1.43351
1.42384
1.41153
1.39731
1.3903
1.38999
1.37312
1.36023
1.3699
1.35564
1.34253
1.33053
1.32596
1.31085
1.30423
1.29594
1.31385
1.3301
1.33256
1.34134
1.34415
1.34635
1.36348
1.36988
1.40863
1.44101
1.46571
1.45852
1.48069
1.4831
1.50162
1.50634
1.52008
1.55333
1.55626
1.56289
1.58887
1.58444
1.6189
1.63981
1.61895
1.62454
1.63068
1.63514
1.64081
1.63861
1.65906
1.68258
1.71767
1.73977
1.76345
1.76781
1.7671
1.79175
1.8073
1.81657
1.81761
1.84712
1.87297
1.85594
1.81972
1.81852
1.81647
1.77687
1.77666
1.75133
1.74286
1.72179
1.68061
1.6629
1.65716
1.65137
1.63159
1.61315
1.63727
1.61026
1.59599
1.60049
1.58881
1.59476
1.60564
1.60538
1.58656
1.57331
1.56485
1.57648
1.56088
1.51111
1.50481
1.47871
1.44746
1.4475
1.43247
1.4212
1.39586
1.36728
1.35233
1.34117
1.32829
1.29833
1.27879
1.28246
1.26986
1.27244
1.28309
1.30684
1.34659
1.36171
1.39873
1.43391
1.44196
1.47574
1.49351
1.52106
1.54609
1.54839
1.54999
1.56651
1.58118
1.58724
1.60356
1.63127
1.63032
1.64712
1.64275
1.63472
1.66318
1.65628
1.67896
1.68147
1.68625
1.67333
1.69985
1.72505
1.72775
1.75147
1.76147
1.75418
1.74662
1.74189
1.75152
1.72454
1.71873
1.72619
1.73136
1.72248
1.71736
1.71441
1.67899
1.66047
1.64143
1.63307
1.60173
1.59077
1.59476
1.58712
1.5611
1.5468
1.53882
1.52243
1.51147
1.51251
1.51405
1.51329
1.50868
1.50102
1.50311
1.50166
1.47743
1.43594
1.40826
1.39083
1.37611
1.35064
1.33832
1.32008
1.32452
1.30919
1.3168
1.32168
1.33323
1.33371
1.3345
1.3164
1.33248
1.34287
1.35157
1.36027
1.36993
1.36545
1.39133
1.42317
1.44204
1.45575
1.46167
1.4893
1.50827
1.50476
1.51153
1.54022
1.5466
1.57152
1.57621
1.57677
1.58247
1.60258
1.61054
1.6191
1.61564
1.64672
1.65968
1.66116
1.67324
1.67772
1.68395
1.69153
1.68183
1.67987
1.68579
1.70142
1.70489
1.73652
1.75041
1.75396
1.77043
1.77411
1.7891
1.80959
1.81866
1.83843
1.84932
1.86537
1.883
1.85792
1.85648
1.83017
1.82022
1.81671
1.77664
1.76933
1.77494
1.74518
1.7154
1.70564
1.72245
1.70532
1.7092
1.71229
1.71089
1.69324
1.68576
1.69905
1.66719
1.65226
1.62581
1.60364
1.57706
1.56486
1.54629
1.54181
1.52555
1.49181
1.48393
1.48027
1.48871
1.47205
1.45379
1.43982
1.42612
1.42034
1.39775
1.38901
1.37375
1.35949
1.31876
1.29394
1.27939
1.26436
1.24652
1.23339
1.21535
1.22377
1.23687
1.25117
1.24312
1.28302
1.31162
1.32945
1.35044
1.36194
1.40178
1.39521
1.39539
1.41369
1.4261
1.42796
1.42187
1.434
1.45527
1.48189
1.50674
1.51981
1.5299
1.52971
1.54904
1.56317
1.56117
1.58209
1.61529
1.61639
1.6089
1.61932
1.64757
1.68701
1.69884
1.69572
1.71276
1.7233
1.72822
1.70847
1.70455
1.72457
1.75269
1.76294
1.77093
1.78918
1.79939
1.79498
1.82812
1.8265
1.83859
1.8518
1.85196
1.85209
1.88126
1.87256
1.8517
1.85599
1.85294
1.84151
1.82979
1.82765
1.80028
1.79175
1.78861
1.76215
1.75145
1.74493
1.71919
1.70428
1.68195
1.65262
1.64867
1.61564
1.59399
1.58211
1.56048
1.54659
1.55085
1.52858
1.51235
1.49082
1.50628
1.49717
1.47173
1.44538
1.43423
1.41355
1.4222
1.41492
1.39757
1.39791
1.3653
1.35804
1.35428
1.35022
1.32361
1.3111
1.29623
1.29324
1.29599
1.30747
1.30189
1.32032
1.35083
1.36858
1.39688
1.40817
1.39964
1.41388
1.41908
1.43839
1.45739
1.48152
1.49503
1.51198
1.53488
1.56883
1.57458
1.58391
1.59453
1.6209
1.61233
1.63847
1.65229
1.65327
1.65977
1.66067
1.67485
1.68331
1.69426
1.72521
1.74793
1.76961
1.77831
1.79993
1.81337
1.81266
1.80794
1.80156
1.78927
1.79152
1.77581
1.76473
1.75376
1.7505
1.74247
1.76027
1.7202
1.70809
1.70739
1.71012
1.67611
1.66088
1.65544
1.62396
1.60382
1.58518
1.58019
1.57033
1.56319
1.58596
1.56241
1.55319
1.54132
1.55089
1.51476
1.48961
1.47593
1.46929
1.46402
1.44955
1.4447
1.46401
1.45204
1.4356
1.42494
1.41323
1.40024
1.38276
1.39487
1.37943
1.34937
1.35823
1.34894
1.34776
1.34477
1.36305
1.36856
1.35448
1.35258
1.35709
1.34654
1.35375
1.36261
1.36739
1.3527
1.36736
1.39611
1.40208
1.40899
1.42669
1.43413
1.43936
1.46039
1.49676
1.51128
1.49861
1.49518
1.5021
1.49245
1.51592
1.55431
1.56819
1.57296
1.59657
1.60971
1.6068
1.61707
1.60295
1.62405
1.64186
1.64877
1.65271
1.66659
1.67898
1.67365
1.68282
1.68786
1.69629
1.72709
1.74574
1.78621
1.78724
1.78956
1.80621
1.80985
1.79704
1.84762
1.85549
1.86787
1.87263
1.85208
1.83922
1.84873
1.85614
1.86146
1.8566
1.86431
1.86056
1.83825
1.81129
1.80646
1.78577
1.80636
1.7794
1.74941
1.73572
1.71788
1.67586
1.66993
1.6551
1.6485
1.63343
1.60857
1.59846
1.60668
1.58836
1.56598
1.53703
1.53398
1.54127
1.53477
1.53291
1.49552
1.48152
1.49571
1.50099
1.51134
1.50105
1.50698
1.4746
1.47742
1.4478
1.47283
1.45974
1.4567
1.4537
1.44156
1.41738
1.41705
1.39322
1.37904
1.36421
1.36028
1.34195
1.3649
1.3482
1.34446
1.33744
1.34496
1.33028
1.32385
1.33884
1.32779
1.3241
1.30912
1.30863
1.32978
1.3371
1.3404
1.37374
1.38606
1.40292
1.43314
1.43313
1.44832
1.45854
1.46328
1.49095
1.48922
1.50112
1.52387
1.54265
1.56555
1.58673
1.61557
1.63622
1.65667
1.67225
1.67474
1.68184
1.68709
1.70493
1.71609
1.74254
1.75822
1.76865
1.80009
1.83556
1.85732
1.88218
1.87358
1.90573
1.90671
1.88875
1.88088
1.86647
1.83823
1.82685
1.83244
1.81737
1.7972
1.79139
1.78235
1.75278
1.74759
1.72206
1.68984
1.681
1.63444
1.63507
1.61399
1.62317
1.57548
1.57149
1.55822
1.53684
1.52774
1.53771
1.54545
1.54688
1.53791
1.52484
1.50466
1.46734
1.44444
1.42032
1.40773
1.39952
1.39686
1.3721
1.32202
1.30198
1.31125
1.29707
1.28625
1.26664
1.23788
1.216
1.2189
1.21748
1.20818
1.20851
1.23254
1.24333
1.24152
1.27263
1.2629
1.27285
1.29251
1.31744
1.32904
1.32499
1.35997
1.36993
1.37859
1.37871
1.38807
1.40701
1.42469
1.42899
1.44852
1.4628
1.47936
1.49585
1.51509
1.52241
1.53086
1.54129
1.57461
1.60626
1.63468
1.65818
1.67334
1.69722
1.72059
1.72714
1.75225
1.76041
1.78714
1.8039
1.82235
1.85308
1.86975
1.88586
1.88837
1.87977
1.88524
1.89307
1.88334
1.88446
1.90673
1.93432
1.95019
1.96289
1.94387
1.92918
1.90676
1.88387
1.8659
1.84899
1.81911
1.80782
1.80428
1.8147
1.79845
1.78399
1.76001
1.7737
1.75808
1.75089
1.75441
1.74554
1.70909
1.69166
1.70073
1.70261
1.70459
1.69725
1.66215
1.64776
1.63582
1.64102
1.65604
1.64214
1.62799
1.62587
1.60268
1.58797
1.57118
1.54553
1.5397
1.52277
1.51052
1.51154
1.52276
1.5331
1.51241
1.48324
1.46211
1.46019
1.46495
1.44102
1.44549
1.44748
1.45363
1.45277
1.44259
1.42862
1.42045
1.41179
1.40273
1.38251
1.39686
1.39067
1.36617
1.33749
1.31524
1.29003
1.2611
1.26241
1.23832
1.23118
1.22197
1.23372
1.23514
1.20604
1.21959
1.21918
1.23099
1.22038
1.227
1.2422
1.26318
1.26888
1.28752
1.3059
1.30506
1.30281
1.30933
1.31743
1.32593
1.32639
1.34045
1.36116
1.36006
1.38458
1.35948
1.38383
1.38415
1.38847
1.39645
1.40435
1.40172
1.43684
1.46801
1.48969
1.52592
1.55419
1.58775
1.58907
1.60607
1.61907
1.64376
1.6743
1.69941
1.71733
1.72648
1.71645
1.73284
1.74203
1.74697
1.76084
1.75709
1.79586
1.80068
1.78701
1.79658
1.80735
1.79652
1.77921
1.77607
1.78444
1.7795
1.79909
1.83429
1.8374
1.83745
1.85914
1.86176
1.9072
1.93546
1.9269
1.96043
1.97808
1.98459
1.97448
1.96038
1.94786
1.94963
1.93757
1.94494
1.92518
1.90638
1.91253
1.89275
1.87002
1.84956
1.82826
1.82342
1.81522
1.82482
1.81229
1.82463
1.81817
1.81615
1.79299
1.7884
1.78734
1.75105
1.71764
1.72141
1.69374
1.69352
1.68826
1.67214
1.66828
1.64911
1.60813
1.58043
1.56961
1.54191
1.53638
1.54282
1.50479
1.46188
1.41911
1.39119
1.36497
1.37017
1.37244
1.37408
1.35961
1.35456
1.32045
1.28476
1.29078
1.27928
1.26192
1.23518
1.21081
1.2019
1.16024
1.13809
1.12661
1.10596
1.08162
1.09312
1.08524
1.07129
1.06226
1.09771
1.11313
1.14724
1.16286
1.18041
1.20279
1.21273
1.21902
1.27018
1.2758
1.3122
1.32525
1.33786
1.35675
1.36729
1.37922
1.39679
1.39559
1.38096
1.36012
1.39547
1.41828
1.44128
1.46834
1.47747
1.47887
1.4666
1.49116
1.48215
1.49532
1.512
1.51588
1.50989
1.50693
1.52676
1.51497
1.53883
1.5675
1.56432
1.58108
1.58049
1.59774
1.60834
1.62565
1.6396
1.66151
1.68937
1.70877
1.73199
1.7561
1.77024
1.80292
1.82544
1.82488
1.86104
1.88172
1.91355
1.93456
1.94855
1.94827
1.94663
1.95184
1.96576
1.98406
1.99592
1.98696
2.01382
2.03473
2.04316
2.05928
2.04778
2.03126
2.01169
2.01157
2.00483
1.99147
1.96702
1.9427
1.94197
1.9201
1.92287
1.88822
1.89176
1.89182
1.88331
1.86275
1.86966
1.86271
1.86053
1.84407
1.82758
1.82813
1.8093
1.79359
1.76686
1.76373
1.75945
1.73948
1.70458
1.66434
1.64686
1.62594
1.61176
1.59138
1.56497
1.54716
1.55516
1.53899
1.50366
1.49672
1.48164
1.47951
1.46608
1.46768
1.45853
1.44711
1.44802
1.43936
1.38732
1.36228
1.34534
1.35725
1.34423
1.31251
1.29254
1.28926
1.28828
1.2661
1.26449
1.24648
1.2288
1.2231
1.21304
1.19636
1.18374
1.17276
1.15677
1.14455
1.13543
1.12664
1.10765
1.07914
1.04419
1.04106
1.04712
