1.10715
1.1064
1.10564
1.10488
1.10411
1.10334
1.10257
1.10179
1.101
1.10022
1.09943
1.09863
1.09783
1.09703
1.09622
1.09541
1.09459
1.09377
1.09295
1.09212
1.09129
1.09046
1.08962
1.08878
1.08794
1.08709
1.08624
1.08539
1.08453
1.08367
1.08281
1.08194
1.08107
1.0802
1.07933
1.07845
1.07757
1.07669
1.0758
1.07491
1.07402
1.07313
1.07224
1.07134
1.07044
1.06954
1.06863
1.06772
1.06681
1.0659
1.06499
1.06407
1.06316
1.06224
1.06132
1.06039
1.05947
1.05854
1.05762
1.05669
1.05575
1.05482
1.05389
1.05295
1.05201
1.05107
1.05013
1.04919
1.04825
1.0473
1.04636
1.04541
1.04446
1.04352
1.04257
1.04161
1.04066
1.03971
1.03875
1.0378
1.03684
1.03589
1.03493
1.03397
1.03301
1.03205
1.03109
1.03013
1.02916
1.0282
1.02724
1.02627
1.02531
1.02434
1.02338
1.02241
1.02144
1.02048
1.01951
1.01854
1.01757
1.0166
1.01563
1.01466
1.01369
1.01272
1.01175
1.01078
1.00981
1.00884
1.00787
1.0069
1.00592
1.00495
1.00398
1.00301
1.00203
1.00106
1.00009
0.999118
0.998145
0.997173
0.9962
0.995227
0.994255
0.993282
0.99231
0.991338
0.990365
0.989393
0.988421
0.987449
0.986477
0.985506
0.984534
0.983563
0.982591
0.98162
0.98065
0.979679
0.978709
0.977738
0.976768
0.975799
0.974829
0.97386
0.972891
0.971923
0.970954
0.969986
0.969019
0.968051
0.967084
0.966117
0.965151
0.964185
0.963219
0.962254
0.961289
0.960324
0.95936
0.958396
0.957432
0.956469
0.955507
0.954544
0.953583
0.952621
0.95166
0.9507
0.94974
0.94878
0.947821
0.946862
0.945904
0.944946
0.943988
0.943031
0.942075
0.941119
0.940164
0.939209
0.938254
0.9373
0.936347
0.935394
0.934441
0.93349
0.932538
0.931587
0.930637
0.929687
0.928738
0.927789
0.926841
0.925893
0.924946
0.923999
0.923053
0.922108
0.921163
0.920219
0.919275
0.918332
0.917389
0.916447
0.915505
0.914564
0.913624
0.912684
0.911745
0.910806
0.909868
0.908931
0.907994
0.907058
0.906122
0.905187
0.904253
0.903319
0.902385
0.901453
0.900521
0.899589
0.898658
0.897728
0.896798
0.895869
0.894941
0.894013
0.893086
0.892159
0.891233
0.890308
0.889383
0.888459
0.887536
0.886613
0.885691
0.884769
0.883848
0.882928
0.882008
0.881089
0.880171
0.879253
0.878336
0.877419
0.876503
0.875588
0.874673
0.873759
0.872846
0.871933
0.871021
0.87011
0.869199
0.868289
0.867379
0.86647
0.865562
0.864655
0.863748
0.862841
0.861936
0.861031
0.860126
0.859223
0.85832
0.857417
0.856515
0.855614
0.854714
0.853814
0.852915
0.852016
0.851119
0.850221
0.849325
0.848429
0.847534
0.846639
0.845745
0.844852
0.843959
0.843067
0.842176
0.841285
0.840395
0.839506
0.838617
0.837729
0.836842
0.835955
0.835069
0.834183
0.833299
0.832415
0.831531
0.830648
0.829766
0.828885
0.828004
0.827124
0.826244
0.825365
0.824487
0.82361
0.822733
0.821856
0.820981
0.820106
0.819232
0.818358
0.817485
0.816613
0.815741
0.81487
0.814
0.81313
0.812261
0.811393
0.810525
0.809658
0.808792
0.807926
0.807061
0.806196
0.805333
0.804469
0.803607
0.802745
0.801884
0.801024
0.800164
0.799304
0.798446
0.797588
0.796731
0.795874
0.795018
0.794163
0.793309
0.792455
0.791601
0.790749
0.789897
0.789045
0.788195
0.787345
0.786495
0.785646
0.784798
0.783951
0.783104
0.782258
0.781412
0.780568
0.779723
0.77888
0.778037
0.777195
0.776353
0.775512
0.774672
0.773832
0.772993
0.772155
0.771317
0.77048
0.769644
0.768808
0.767973
0.767138
0.766305
0.765471
0.764639
0.763807
0.762976
0.762145
0.761315
0.760486
0.759657
0.758829
0.758002
0.757175
0.756349
0.755523
0.754699
0.753874
0.753051
0.752228
0.751406
0.750584
0.749763
0.748943
0.748123
0.747304
0.746485
0.745668
0.74485
0.744034
0.743218
0.742403
0.741588
0.740774
0.739961
0.739148
0.738336
0.737524
0.736714
0.735903
0.735094
0.734285
0.733477
0.732669
0.731862
0.731055
0.73025
0.729444
0.72864
0.727836
0.727033
0.72623
0.725428
0.724627
0.723826
0.723026
0.722226
0.721427
0.720629
0.719831
0.719034
0.718238
0.717442
0.716647
0.715852
0.715058
0.714265
0.713472
0.71268
0.711888
0.711098
0.710307
0.709518
0.708729
0.70794
0.707152
0.706365
0.705579
0.704793
0.704007
0.703223
0.702439
0.701655
0.700872
0.70009
0.699308
0.698527
0.697747
0.696967
0.696187
0.695409
0.694631
0.693853
0.693076
0.6923
0.691525
0.690749
0.689975
0.689201
0.688428
0.687655
0.686883
0.686112
0.685341
0.684571
0.683801
0.683032
0.682264
0.681496
0.680729
0.679962
0.679196
0.67843
0.677665
0.676901
0.676137
0.675374
0.674612
0.67385
0.673088
0.672328
0.671567
0.670808
0.670049
0.66929
0.668532
0.667775
0.667018
0.666262
0.665507
0.664752
0.663998
0.663244
0.66249
0.661738
0.660986
0.660234
0.659483
0.658733
0.657983
0.657234
0.656485
0.655737
0.65499
0.654243
0.653497
0.652751
0.652006
0.651261
0.650517
0.649773
0.64903
0.648288
0.647546
0.646805
0.646064
0.645324
0.644585
0.643846
0.643107
0.642369
0.641632
0.640895
0.640159
0.639423
0.638688
0.637953
0.637219
0.636486
0.635753
0.63502
0.634289
0.633557
0.632827
0.632096
0.631367
0.630638
0.629909
0.629181
0.628453
0.627727
0.627
0.626274
0.625549
0.624824
0.6241
0.623376
0.622653
0.62193
0.621208
0.620486
0.619765
0.619045
0.618325
0.617605
0.616886
0.616168
0.61545
0.614732
0.614015
0.613299
0.612583
0.611868
0.611153
0.610439
0.609725
0.609012
0.608299
0.607587
0.606875
0.606164
0.605453
0.604743
0.604033
0.603324
0.602615
0.601907
0.601199
0.600492
0.599785
0.599079
0.598373
0.597668
0.596963
0.596259
0.595555
0.594852
0.59415
0.593447
0.592745
0.592044
0.591343
0.592043
0.592743
0.593443
0.594142
0.594842
0.595541
0.596241
0.59694
0.59764
0.598339
0.599039
0.599739
0.600438
0.601138
0.601838
0.602538
0.603239
0.603939
0.604639
0.60534
0.606041
0.606742
0.607444
0.608145
0.608847
0.60955
0.610252
0.610955
0.611658
0.612361
0.613065
0.613769
0.614473
0.615178
0.615883
0.616589
0.617295
0.618001
0.618708
0.619415
0.620123
0.620831
0.621539
0.622248
0.622958
0.623668
0.624378
0.625089
0.625801
0.626513
0.627225
0.627938
0.628652
0.629366
0.630081
0.630796
0.631512
0.632229
0.632946
0.633663
0.634382
0.6351
0.63582
0.63654
0.637261
0.637982
0.638704
0.639427
0.640151
0.640875
0.641599
0.642325
0.643051
0.643778
0.644505
0.645233
0.645962
0.646692
0.647422
0.648153
0.648885
0.649618
0.650351
0.651085
0.65182
0.652555
0.653292
0.654029
0.654766
0.655505
0.656244
0.656985
0.657726
0.658467
0.65921
0.659953
0.660697
0.661442
0.662188
0.662935
0.663682
0.66443
0.665179
0.665929
0.66668
0.667431
0.668184
0.668937
0.669691
0.670446
0.671201
0.671958
0.672715
0.673474
0.674233
0.674993
0.675754
0.676516
0.677278
0.678042
0.678806
0.679571
0.680338
0.681105
0.681873
0.682641
0.683411
0.684182
0.684953
0.685726
0.686499
0.687273
0.688048
0.688824
0.689601
0.690379
0.691158
0.691937
0.692718
0.693499
0.694282
0.695065
0.695849
0.696634
0.69742
0.698207
0.698995
0.699784
0.700574
0.701364
0.702156
0.702949
0.703742
0.704536
0.705332
0.706128
0.706925
0.707723
0.708523
0.709323
0.710124
0.710925
0.711728
0.712532
0.713337
0.714143
0.714949
0.715757
0.716565
0.717375
0.718185
0.718997
0.719809
0.720622
0.721436
0.722252
0.723068
0.723885
0.724703
0.725522
0.726342
0.727163
0.727985
0.728807
0.729631
0.730456
0.731282
0.732108
0.732936
0.733764
0.734594
0.735424
0.736256
0.737088
0.737921
0.738756
0.739591
0.740427
0.741264
0.742102
0.742942
0.743782
0.744623
0.745465
0.746307
0.747151
0.747996
0.748842
0.749689
0.750536
0.751385
0.752235
0.753085
0.753937
0.754789
0.755643
0.756497
0.757352
0.758209
0.759066
0.759924
0.760784
0.761644
0.762505
0.763367
0.76423
0.765094
0.765959
0.766825
0.767691
0.768559
0.769428
0.770298
0.771168
0.77204
0.772913
0.773786
0.774661
0.775536
0.776412
0.77729
0.778168
0.779047
0.779927
0.780808
0.78169
0.782573
0.783457
0.784342
0.785228
0.786115
0.787003
0.787891
0.788781
0.789672
0.790563
0.791456
0.792349
0.793243
0.794139
0.795035
0.795932
0.79683
0.797729
0.798629
0.79953
0.800432
0.801335
0.802239
0.803143
0.804049
0.804956
0.805863
0.806771
0.807681
0.808591
0.809502
0.810414
0.811328
0.812242
0.813157
0.814072
0.814989
0.815907
0.816826
0.817745
0.818666
0.819587
0.820509
0.821433
0.822357
0.823282
0.824208
0.825135
0.826063
0.826992
0.827922
0.828852
0.829784
0.830716
0.83165
0.832584
0.833519
0.834455
0.835392
0.83633
0.837269
0.838209
0.83915
0.840091
0.841034
0.841977
0.842921
0.843867
0.844813
0.84576
0.846708
0.847657
0.848606
0.849557
0.850509
0.851461
0.852414
0.853369
0.854324
0.85528
0.856237
0.857194
0.858153
0.859113
0.860073
0.861035
0.861997
0.86296
0.863924
0.864889
0.865855
0.866822
0.867789
0.868758
0.869727
0.870697
0.871668
0.87264
0.873613
0.874587
0.875562
0.876537
0.877514
0.878491
0.879469
0.880448
0.881428
0.882409
0.88339
0.884373
0.885356
0.886341
0.887326
0.888312
0.889298
0.890286
0.891275
0.892264
0.893254
0.894246
0.895238
0.89623
0.897224
0.898219
0.899214
0.90021
0.901208
0.902206
0.903204
0.904204
0.905205
0.906206
0.907208
0.908211
0.909215
0.91022
0.911226
0.912232
0.913239
0.914248
0.915257
0.916266
0.917277
0.918289
0.919301
0.920314
0.921328
0.922343
0.923359
0.924375
0.925392
0.926411
0.927429
0.928449
0.92947
0.930491
0.931514
0.932537
0.933561
0.934585
0.935611
0.936637
0.937664
0.938692
0.939721
0.940751
0.941781
0.942813
0.943845
0.944878
0.945911
0.946946
0.947981
0.949017
0.950054
0.951092
0.95213
0.953169
0.954209
0.95525
0.956292
0.957335
0.958378
0.959422
0.960467
0.961512
0.962559
0.963606
0.964654
0.965703
0.966752
0.967803
0.968854
0.969906
0.970959
0.972012
0.973066
0.974121
0.975177
0.976234
0.977291
0.978349
0.979408
0.980468
0.981528
0.982589
0.983651
0.984714
0.985778
0.986842
0.987907
0.988973
0.990039
0.991106
0.992174
0.993243
0.994313
0.995383
0.996454
0.997526
0.998598
0.999672
1.00075
1.00182
1.0029
1.00397
1.00505
1.00613
1.00721
1.00828
1.00936
1.01045
1.01153
1.01261
1.01369
1.01478
1.01586
1.01694
1.01803
1.01912
1.0202
1.02129
1.02238
1.02347
1.02456
1.02565
1.02674
1.02784
1.02893
1.03002
1.03112
1.03221
1.03331
1.0344
1.0355
1.0366
1.0377
1.0388
1.0399
1.041
1.0421
1.0432
1.0443
1.04541
1.04651
1.04762
1.04872
1.04983
1.05093
1.05204
1.05315
1.05426
1.05537
1.05648
1.05759
1.0587
1.05981
1.06093
1.06204
1.06315
1.06427
1.06539
1.0665
1.06762
1.06874
1.06985
1.07097
1.07209
1.07321
1.07433
1.07546
1.07658
1.0777
1.07882
1.07995
1.08107
1.0822
1.08332
1.08445
1.08558
1.08671
1.08783
1.08896
1.09009
1.09122
1.09236
1.09349
1.09462
1.09575
1.09689
1.09802
1.09915
1.10029
1.10143
1.10256
1.1037
1.10484
1.10598
1.10712
1.10826
1.1094
1.11054
1.11168
1.11282
1.11396
1.11511
1.11625
1.1174
1.11854
1.11969
1.12083
1.12198
1.12313
1.12427
1.12542
1.12657
1.12772
1.12887
1.13002
1.13117
1.13233
1.13348
1.13463
1.13579
1.13694
1.1381
1.13925
1.14041
1.14156
1.14272
1.14388
1.14504
1.1462
1.14736
1.14852
1.14968
1.15084
1.152
1.15316
1.15432
1.15549
1.15665
1.15781
1.15898
1.16014
1.16131
1.16248
1.16364
1.16481
1.16598
1.16715
1.16832
1.16949
1.17066
1.17183
1.173
1.17417
1.17534
1.17651
1.17769
1.17886
1.18003
1.18121
1.18238
1.18356
1.18474
1.18591
1.18709
1.18827
1.18944
1.19062
1.1918
1.19298
1.19416
1.19534
1.19652
1.1977
1.19889
1.20007
1.20125
1.20243
1.20362
1.2048
1.20599
1.20717
1.20836
1.20954
1.21073
1.21192
1.2131
1.21429
1.21548
1.21667
1.21786
1.21905
1.22024
1.22143
1.22262
1.22381
1.225
1.22619
1.22739
1.22858
1.22977
1.23097
1.23216
1.23336
1.23455
1.23575
1.23694
1.23814
1.23934
1.24053
1.24173
1.24293
1.24413
1.24533
1.24653
1.24773
1.24893
1.25013
1.25133
1.25253
1.25373
1.25493
1.25613
1.25734
1.25854
1.25974
1.26095
1.26215
1.26336
1.26456
1.26577
1.26697
1.26818
1.26939
1.27059
1.2718
1.27301
1.27422
1.27542
1.27663
1.27784
1.27905
1.28026
1.28147
1.28268
1.28389
1.2851
1.28631
1.28753
1.28874
1.28995
1.29116
1.29238
1.29359
1.2948
1.29602
1.29723
1.29845
1.29966
1.30088
1.30209
1.30331
1.30452
1.30574
1.30696
1.30817
1.30939
1.31061
1.31183
1.31304
1.31426
1.31548
1.3167
1.31792
1.31914
1.32036
1.32158
1.3228
1.32402
1.32524
1.32646
1.32769
1.32891
1.33013
1.33135
1.33258
1.3338
1.33502
1.33624
1.33747
1.33869
1.33992
1.34114
1.34237
1.34359
1.34482
1.34604
1.34727
1.34849
1.34972
1.35095
1.35217
1.3534
1.35463
1.35585
1.35708
1.35831
1.35954
1.36076
1.36199
1.36322
1.36445
1.36568
1.36691
1.36814
1.36937
1.3706
1.37183
1.37306
1.37429
1.37552
1.37675
1.37798
1.37921
1.38044
1.38167
1.38291
1.38414
1.38537
1.3866
1.38783
1.38907
1.3903
1.39153
1.39277
1.394
1.39523
1.39647
1.3977
1.39893
1.40017
1.4014
1.40263
1.40387
1.4051
1.40634
1.40757
1.40881
1.41004
1.41128
1.41251
1.41375
1.41499
1.41622
1.41746
1.41869
1.41993
1.42117
1.4224
1.42364
1.42487
1.42611
1.42735
1.42858
1.42982
1.43106
1.4323
1.43353
1.43477
1.43601
1.43725
1.43848
1.43972
1.44096
1.4422
1.44343
1.44467
1.44591
1.44715
1.44839
1.44963
1.45086
1.4521
1.45334
1.45458
1.45582
1.45706
1.4583
1.45954
1.46077
1.46201
1.46325
1.46449
1.46573
1.46697
1.46821
1.46945
1.47069
1.47193
1.47317
1.47441
1.47564
1.47688
1.47812
1.47936
1.4806
1.48184
1.48308
1.48432
1.48556
1.4868
1.48804
1.48928
1.49052
1.49176
1.493
1.49424
1.49548
1.49672
1.49796
1.4992
1.50044
1.50168
1.50291
1.50415
1.50539
1.50663
1.50787
1.50911
1.51035
1.51159
1.51283
1.51407
1.51531
1.51655
1.51779
1.51903
1.52027
1.5215
1.52274
1.52398
1.52522
1.52646
1.5277
1.52894
1.53018
1.53142
1.53265
1.53389
1.53513
1.53637
1.53761
1.53885
1.54008
1.54132
1.54256
1.5438
1.54504
1.54627
1.54751
1.54875
1.54999
1.55123
1.55246
1.5537
1.55494
1.55617
1.55741
1.55865
1.55988
1.56112
1.56236
1.56359
1.56483
1.56607
1.5673
1.56854
1.56978
1.57101
1.57225
1.57348
1.57472
1.57595
1.57719
1.57842
1.57966
1.58089
1.58213
1.58336
1.5846
1.58583
1.58706
1.5883
1.58953
1.59077
1.592
1.59323
1.59447
1.5957
1.59693
1.59816
1.5994
1.60063
1.60186
1.60309
1.60433
1.60556
1.60679
1.60802
1.60925
1.61048
1.61171
1.61294
1.61417
1.61541
1.61664
1.61787
1.6191
1.62032
1.62155
1.62278
1.62401
1.62524
1.62647
1.6277
1.62893
1.63015
1.63138
1.63261
1.63384
1.63506
1.63629
1.63752
1.63874
1.63997
1.6412
1.64242
1.64365
1.64487
1.6461
1.64732
1.64855
1.64977
1.651
1.65222
1.65344
1.65467
1.65589
1.65711
1.65834
1.65956
1.66078
1.662
1.66322
1.66445
1.66567
1.66689
1.66811
1.66933
1.67055
1.67177
1.67299
1.67421
1.67543
1.67665
1.67786
1.67908
1.6803
1.68152
1.68274
1.68395
1.68517
1.68639
1.6876
1.68882
1.69004
1.69125
1.69247
1.69368
1.6949
1.69611
1.69732
1.69854
1.69975
1.70096
1.70218
1.70339
1.7046
1.70581
1.70703
1.70824
1.70945
1.71066
1.71187
1.71308
1.71429
1.7155
1.71671
1.71792
1.71912
1.72033
1.72154
1.72275
1.72395
1.72516
1.72637
1.72757
1.72878
1.72998
1.73119
1.73239
1.7336
1.7348
1.73601
1.73721
1.73841
1.73961
1.74082
1.74202
1.74322
1.74442
1.74562
1.74682
1.74802
1.74922
1.75042
1.75162
1.75282
1.75402
1.75522
1.75641
1.75761
1.75881
1.76
1.7612
1.7624
1.76359
1.76479
1.76598
1.76717
1.76837
1.76956
1.77075
1.77195
1.77314
1.77433
1.77552
1.77671
1.7779
1.77909
1.78028
1.78147
1.78266
1.78385
1.78504
1.78623
1.78741
1.7886
1.78979
1.79097
1.79216
1.79335
1.79453
1.79571
1.7969
1.79808
1.79927
1.80045
1.80163
1.80281
1.80399
1.80518
1.80636
1.80754
1.80872
1.8099
1.81107
1.81225
1.81343
1.81461
1.81579
1.81696
1.81814
1.81931
1.82049
1.82166
1.82284
1.82401
1.82519
1.82636
1.82753
1.82871
1.82988
1.83105
1.83222
1.83339
1.83456
1.83573
1.8369
1.83807
1.83924
1.8404
1.84157
1.84274
1.8439
1.84507
1.84623
1.8474
1.84856
1.84973
1.85089
1.85205
1.85322
1.85438
1.85554
1.8567
1.85786
1.85902
1.86018
1.86134
1.8625
1.86366
1.86481
1.86597
1.86713
1.86828
1.86944
1.8706
1.87175
1.8729
1.87406
1.87521
1.87636
1.87752
1.87867
1.87982
1.88097
1.88212
1.88327
1.88442
1.88557
1.88671
1.88786
1.88901
1.89016
1.8913
1.89245
1.89359
1.89474
1.89588
1.89702
1.89817
1.89931
1.90045
1.90159
1.90273
1.90387
1.90501
1.90615
1.90729
1.90843
1.90957
1.91071
1.91184
1.91298
1.91411
1.91525
1.91638
1.91752
1.91865
1.91978
1.92092
1.92205
1.92318
1.92431
1.92544
1.92657
1.9277
1.92883
1.92996
1.93108
1.93221
1.93334
1.93446
1.93559
1.93671
1.93784
1.93896
1.94008
1.94121
1.94233
1.94345
1.94457
1.94569
1.94681
1.94793
1.94905
1.95017
1.95128
1.9524
1.95352
1.95463
1.95575
1.95686
1.95798
1.95909
1.9602
1.96131
1.96243
1.96354
1.96465
1.96576
1.96687
1.96798
1.96908
1.97019
1.9713
1.97241
1.97351
1.97462
1.97572
1.97683
1.97793
1.97903
1.98014
1.98124
1.98234
1.98344
1.98454
1.98564
1.98674
1.98784
1.98894
1.99003
1.99113
1.99222
1.99332
1.99442
1.99551
1.9966
1.9977
1.99879
1.99988
2.00097
2.00206
2.00315
2.00424
2.00533
2.00642
2.00751
2.00859
2.00968
2.01077
2.01185
2.01294
2.01402
2.0151
2.01619
2.01727
2.01835
2.01943
2.02051
2.02159
2.02267
2.02375
2.02483
2.0259
2.02698
2.02806
2.02913
2.03021
2.03128
2.03236
2.03343
2.0345
2.03557
2.03664
2.03771
2.03878
2.03985
2.04092
2.04199
2.04306
2.04412
2.04519
2.04626
2.04732
2.04839
2.04945
2.05051
2.05158
2.05264
2.0537
2.05476
2.05582
2.05688
2.05794
2.05899
2.06005
2.06111
2.06217
2.06322
2.06428
2.06533
2.06638
2.06744
2.06849
2.06954
2.07059
2.07164
2.07269
2.07374
2.07479
2.07584
2.07689
2.07793
2.07898
2.08002
2.08107
2.08211
2.08316
2.0842
2.08524
2.08628
2.08732
2.08836
2.0894
2.09044
2.09148
2.09252
2.09355
2.09459
2.09563
2.09666
2.0977
2.09873
2.09976
2.1008
2.10183
2.10286
2.10389
2.10492
2.10595
2.10698
2.108
2.10903
2.11006
2.11108
2.11211
2.11313
2.11416
2.11518
2.1162
2.11723
2.11825
2.11927
2.12029
2.12131
2.12233
2.12335
2.12436
2.12538
2.1264
2.12741
2.12843
2.12944
2.13045
2.13147
2.13248
2.13349
2.1345
2.13551
2.13652
2.13753
2.13854
2.13955
2.14055
2.14156
2.14257
2.14357
2.14457
2.14558
2.14658
2.14758
2.14859
2.14959
2.15059
2.15159
2.15259
2.15358
2.15458
2.15558
2.15658
2.15757
2.15857
2.15956
2.16055
2.16155
2.16254
2.16353
2.16452
2.16551
2.1665
2.16749
2.16848
2.16947
2.17045
2.17144
2.17243
2.17341
2.1744
2.17538
2.17636
2.17735
2.17833
2.17931
2.18029
2.18127
2.18225
2.18323
2.1842
2.18518
2.18616
2.18713
2.18811
2.18908
2.19006
2.19103
2.192
2.19297
2.19394
2.19491
2.19588
2.19685
2.19782
2.19879
2.19976
2.20072
2.20169
2.20265
2.20362
2.20458
2.20554
2.20651
2.20747
2.20843
2.20939
2.21035
2.21131
2.21227
2.21322
2.21418
2.21514
2.21609
2.21705
2.218
2.21896
2.21991
2.22086
2.22181
2.22276
2.22371
2.22466
2.22561
2.22656
2.22751
2.22845
2.2294
2.23035
2.23129
2.23224
2.23318
2.23412
2.23506
2.23601
2.23695
2.23789
2.23883
2.23977
2.2407
2.24164
2.24258
2.24351
2.24445
2.24538
2.24632
2.24725
2.24818
2.24912
2.25005
2.25098
2.25191
2.25284
2.25377
2.2547
2.25562
2.25655
2.25748
2.2584
2.25933
2.26025
2.26117
2.2621
2.26302
2.26394
2.26486
2.26578
2.2667
2.26762
2.26854
2.26945
2.27037
2.27129
2.2722
2.27312
2.27403
2.27494
2.27586
2.27677
2.27768
2.27859
2.2795
2.28041
2.28132
2.28223
2.28313
2.28404
2.28495
2.28585
2.28676
2.28766
2.28856
2.28947
2.29037
2.29127
2.29217
2.29307
2.29397
2.29487
2.29577
2.29666
2.29756
2.29846
2.29935
2.30025
2.30114
2.30203
2.30293
2.30382
2.30471
2.3056
2.30649
2.30738
2.30827
2.30916
2.31004
2.31093
2.31182
2.3127
2.31359
2.31447
2.31536
2.31624
2.31712
2.318
2.31888
2.31976
2.32064
2.32152
2.3224
2.32328
2.32415
2.32503
2.3259
2.32678
2.32765
2.32853
2.3294
2.33027
2.33114
2.33202
2.33289
2.33375
2.33462
2.33549
2.33636
2.33723
2.33809
2.33896
2.33982
2.34069
2.34155
2.34242
2.34328
2.34414
2.345
2.34586
2.34672
2.34758
2.34844
2.3493
2.35015
2.35101
2.35187
2.35272
2.35358
2.35443
2.35528
2.35614
2.35699
2.35784
2.35869
2.35954
2.36039
2.36124
2.36209
2.36293
2.36378
2.36463
2.36547
2.36632
2.36716
2.36801
2.36885
2.36969
2.37053
2.37137
2.37221
2.37305
2.37389
2.37473
2.37557
2.37641
2.37724
2.37808
2.37892
2.37975
2.38058
2.38142
2.38225
2.38308
2.38391
2.38474
2.38558
2.3864
2.38723
2.38806
2.38889
2.38972
2.39054
2.39137
2.39219
2.39302
2.39384
2.39467
2.39549
2.39631
2.39713
2.39795
2.39877
2.39959
2.40041
2.40123
2.40205
2.40287
2.40368
2.4045
2.40531
2.40613
2.40694
2.40775
2.40857
2.40938
2.41019
2.411
2.41181
2.41262
2.41343
2.41424
2.41505
2.41585
2.41666
2.41747
2.41827
2.41908
2.41988
2.42068
2.42149
2.42229
2.42309
2.42389
2.42469
2.42549
2.42629
2.42709
2.42789
2.42869
2.42948
2.43028
2.43107
2.43187
2.43266
2.43346
2.43425
2.43504
2.43584
2.43663
2.43742
2.43821
2.439
2.43979
2.44058
2.44136
2.44215
2.44294
2.44372
2.44451
2.44529
2.44608
2.44686
2.44764
2.44843
2.44921
2.44999
2.45077
2.45155
2.45233
2.45311
2.45389
2.45467
2.45544
2.45622
2.45699
2.45777
2.45855
2.45932
2.46009
2.46087
2.46164
2.46241
2.46318
2.46395
2.46472
2.46549
2.46626
2.46703
2.4678
2.46857
2.46933
2.4701
2.47086
2.47163
2.47239
2.47316
2.47392
2.47468
2.47545
2.47621
2.47697
2.47773
2.47849
2.47925
2.48001
2.48077
2.48152
2.48228
2.48304
2.4838
2.48455
2.48531
2.48606
2.48681
2.48757
2.48832
2.48907
2.48982
2.49058
2.49133
2.49208
2.49283
2.49357
2.49432
2.49507
2.49582
2.49657
2.49731
2.49806
2.4988
2.49955
2.50029
2.50104
2.50178
2.50252
2.50326
2.504
2.50475
2.50549
2.50623
2.50697
2.5077
2.50844
2.50918
2.50992
2.51065
2.51139
2.51213
2.51286
2.5136
2.51433
2.51506
2.5158
2.51653
2.51726
2.51799
2.51873
2.51946
2.52019
2.52092
2.52165
2.52237
2.5231
2.52383
2.52456
2.52383
2.5231
2.52237
2.52164
2.52092
2.52019
2.51946
2.51873
2.518
2.51728
2.51655
2.51582
2.51509
2.51437
2.51364
2.51291
2.51218
2.51145
2.51072
2.50999
2.50927
2.50854
2.50781
2.50708
2.50635
2.50562
2.50489
2.50416
2.50343
2.5027
2.50196
2.50123
2.5005
2.49977
2.49903
2.4983
2.49757
2.49683
2.4961
2.49536
2.49463
2.49389
2.49316
2.49242
2.49168
2.49095
2.49021
2.48947
2.48873
2.48799
2.48725
2.48651
2.48577
2.48503
2.48429
2.48354
2.4828
2.48206
2.48131
2.48057
2.47982
2.47908
2.47833
2.47758
2.47683
2.47608
2.47534
2.47459
2.47383
2.47308
2.47233
2.47158
2.47082
2.47007
2.46932
2.46856
2.4678
2.46705
2.46629
2.46553
2.46477
2.46401
2.46325
2.46249
2.46173
2.46097
2.4602
2.45944
2.45867
2.45791
2.45714
2.45637
2.45561
2.45484
2.45407
2.4533
2.45252
2.45175
2.45098
2.45021
2.44943
2.44866
2.44788
2.4471
2.44632
2.44555
2.44477
2.44399
2.4432
2.44242
2.44164
2.44086
2.44007
2.43929
2.4385
2.43771
2.43692
2.43614
2.43535
2.43455
2.43376
2.43297
2.43218
2.43138
2.43059
2.42979
2.42899
2.4282
2.4274
2.4266
2.4258
2.425
2.42419
2.42339
2.42259
2.42178
2.42098
2.42017
2.41936
2.41855
2.41774
2.41693
2.41612
2.41531
2.4145
2.41368
2.41287
2.41205
2.41123
2.41042
2.4096
2.40878
2.40796
2.40714
2.40631
2.40549
2.40466
2.40384
2.40301
2.40219
2.40136
2.40053
2.3997
2.39887
2.39804
2.3972
2.39637
2.39553
2.3947
2.39386
2.39302
2.39219
2.39135
2.39051
2.38966
2.38882
2.38798
2.38713
2.38629
2.38544
2.3846
2.38375
2.3829
2.38205
2.3812
2.38035
2.37949
2.37864
2.37778
2.37693
2.37607
2.37521
2.37436
2.3735
2.37264
2.37177
2.37091
2.37005
2.36918
2.36832
2.36745
2.36659
2.36572
2.36485
2.36398
2.36311
2.36224
2.36136
2.36049
2.35961
2.35874
2.35786
2.35698
2.35611
2.35523
2.35435
2.35346
2.35258
2.3517
2.35081
2.34993
2.34904
2.34815
2.34727
2.34638
2.34549
2.3446
2.3437
2.34281
2.34192
2.34102
2.34013
2.33923
2.33833
2.33743
2.33653
2.33563
2.33473
2.33383
2.33293
2.33202
2.33112
2.33021
2.3293
2.3284
2.32749
2.32658
2.32567
2.32475
2.32384
2.32293
2.32201
2.3211
2.32018
2.31926
2.31835
2.31743
2.31651
2.31559
2.31466
2.31374
2.31282
2.31189
2.31097
2.31004
2.30911
2.30818
2.30725
2.30632
2.30539
2.30446
2.30353
2.30259
2.30166
2.30072
2.29978
2.29885
2.29791
2.29697
2.29603
2.29509
2.29414
2.2932
2.29226
2.29131
2.29036
2.28942
2.28847
2.28752
2.28657
2.28562
2.28467
2.28372
2.28276
2.28181
2.28085
2.2799
2.27894
2.27798
2.27702
2.27606
2.2751
2.27414
2.27318
2.27222
2.27125
2.27029
2.26932
2.26835
2.26739
2.26642
2.26545
2.26448
2.26351
2.26253
2.26156
2.26059
2.25961
2.25864
2.25766
2.25668
2.2557
2.25472
2.25374
2.25276
2.25178
2.2508
2.24981
2.24883
2.24784
2.24686
2.24587
2.24488
2.24389
2.2429
2.24191
2.24092
2.23993
2.23894
2.23794
2.23695
2.23595
2.23495
2.23396
2.23296
2.23196
2.23096
2.22996
2.22896
2.22795
2.22695
2.22594
2.22494
2.22393
2.22293
2.22192
2.22091
2.2199
2.21889
2.21788
2.21687
2.21585
2.21484
2.21382
2.21281
2.21179
2.21078
2.20976
2.20874
2.20772
2.2067
2.20568
2.20466
2.20363
2.20261
2.20158
2.20056
2.19953
2.19851
2.19748
2.19645
2.19542
2.19439
2.19336
2.19233
2.19129
2.19026
2.18923
2.18819
2.18715
2.18612
2.18508
2.18404
2.183
2.18196
2.18092
2.17988
2.17884
2.17779
2.17675
2.17571
2.17466
2.17361
2.17257
2.17152
2.17047
2.16942
2.16837
2.16732
2.16627
2.16521
2.16416
2.16311
2.16205
2.16099
2.15994
2.15888
2.15782
2.15676
2.1557
2.15464
2.15358
2.15252
2.15146
2.15039
2.14933
2.14826
2.1472
2.14613
2.14506
2.144
2.14293
2.14186
2.14079
2.13972
2.13864
2.13757
2.1365
2.13542
2.13435
2.13327
2.1322
2.13112
2.13004
2.12896
2.12788
2.1268
2.12572
2.12464
2.12356
2.12247
2.12139
2.12031
2.11922
2.11813
2.11705
2.11596
2.11487
2.11378
2.11269
2.1116
2.11051
2.10942
2.10833
2.10724
2.10614
2.10505
2.10395
2.10286
2.10176
2.10066
2.09956
2.09846
2.09736
2.09626
2.09516
2.09406
2.09296
2.09186
2.09075
2.08965
2.08854
2.08744
2.08633
2.08522
2.08412
2.08301
2.0819
2.08079
2.07968
2.07857
2.07745
2.07634
2.07523
2.07411
2.073
2.07188
2.07077
2.06965
2.06854
2.06742
2.0663
2.06518
2.06406
2.06294
2.06182
2.0607
2.05957
2.05845
2.05733
2.0562
2.05508
2.05395
2.05282
2.0517
2.05057
2.04944
2.04831
2.04718
2.04605
2.04492
2.04379
2.04266
2.04153
2.04039
2.03926
2.03812
2.03699
2.03585
2.03472
2.03358
2.03244
2.0313
2.03017
2.02903
2.02789
2.02675
2.0256
2.02446
2.02332
2.02218
2.02103
2.01989
2.01874
2.0176
2.01645
2.01531
2.01416
2.01301
2.01186
2.01071
2.00956
2.00841
2.00726
2.00611
2.00496
2.00381
2.00265
2.0015
2.00035
1.99919
1.99804
1.99688
1.99573
1.99457
1.99341
1.99225
1.99109
1.98993
1.98878
1.98762
1.98645
1.98529
1.98413
1.98297
1.98181
1.98064
1.97948
1.97831
1.97715
1.97598
1.97482
1.97365
1.97248
1.97132
1.97015
1.96898
1.96781
1.96664
1.96547
1.9643
1.96313
1.96196
1.96078
1.95961
1.95844
1.95726
1.95609
1.95491
1.95374
1.95256
1.95139
1.95021
1.94903
1.94785
1.94668
1.9455
1.94432
1.94314
1.94196
1.94078
1.9396
1.93841
1.93723
1.93605
1.93487
1.93368
1.9325
1.93131
1.93013
1.92894
1.92776
1.92657
1.92539
1.9242
1.92301
1.92182
1.92063
1.91945
1.91826
1.91707
1.91588
1.91469
1.91349
1.9123
1.91111
1.90992
1.90873
1.90753
1.90634
1.90514
1.90395
1.90275
1.90156
1.90036
1.89917
1.89797
1.89677
1.89558
1.89438
1.89318
1.89198
1.89078
1.88958
1.88838
1.88718
1.88598
1.88478
1.88358
1.88238
1.88118
1.87997
1.87877
1.87757
1.87636
1.87516
1.87396
1.87275
1.87155
1.87034
1.86913
1.86793
1.86672
1.86551
1.86431
1.8631
1.86189
1.86068
1.85947
1.85827
1.85706
1.85585
1.85464
1.85343
1.85221
1.851
1.84979
1.84858
1.84737
1.84616
1.84494
1.84373
1.84252
1.8413
1.84009
1.83887
1.83766
1.83644
1.83523
1.83401
1.8328
1.83158
1.83037
1.82915
1.82793
1.82671
1.8255
1.82428
1.82306
1.82184
1.82062
1.8194
1.81818
1.81696
1.81574
1.81452
1.8133
1.81208
1.81086
1.80964
1.80842
1.8072
1.80598
1.80475
1.80353
1.80231
1.80108
1.79986
1.79864
1.79741
1.79619
1.79496
1.79374
1.79252
1.79129
1.79006
1.78884
1.78761
1.78639
1.78516
1.78393
1.78271
1.78148
1.78025
1.77903
1.7778
1.77657
1.77534
1.77411
1.77289
1.77166
1.77043
1.7692
1.76797
1.76674
1.76551
1.76428
1.76305
1.76182
1.76059
1.75936
1.75813
1.7569
1.75567
1.75444
1.75321
1.75197
1.75074
1.74951
1.74828
1.74705
1.74581
1.74458
1.74335
1.74211
1.74088
1.73965
1.73841
1.73718
1.73595
1.73471
1.73348
1.73225
1.73101
1.72978
1.72854
1.72731
1.72607
1.72484
1.7236
1.72237
1.72113
1.7199
1.71866
1.71742
1.71619
1.71495
1.71372
1.71248
1.71124
1.71001
1.70877
1.70754
1.7063
1.70506
1.70383
1.70259
1.70135
1.70011
1.69888
1.69764
1.6964
1.69516
1.69393
1.69269
1.69145
1.69021
1.68898
1.68774
1.6865
1.68526
1.68402
1.68279
1.68155
1.68031
1.67907
1.67783
1.67659
1.67536
1.67412
1.67288
1.67164
1.6704
1.66916
1.66792
1.66669
1.66545
1.66421
1.66297
1.66173
1.66049
1.65925
1.65801
1.65677
1.65554
1.6543
1.65306
1.65182
1.65058
1.64934
1.6481
1.64686
1.64562
1.64438
1.64314
1.64191
1.64067
1.63943
1.63819
1.63695
1.63571
1.63447
1.63323
1.63199
1.63075
1.62952
1.62828
1.62704
1.6258
1.62456
1.62332
1.62208
1.62084
1.61961
1.61837
1.61713
1.61589
1.61465
1.61341
1.61217
1.61094
1.6097
1.60846
1.60722
1.60598
1.60475
1.60351
1.60227
1.60103
1.59979
1.59856
1.59732
1.59608
1.59484
1.59361
1.59237
1.59113
1.58989
1.58866
1.58742
1.58618
1.58495
1.58371
1.58247
1.58124
1.58
1.57876
1.57753
1.57629
1.57506
1.57382
1.57258
1.57135
1.57011
1.56888
1.56764
1.56641
1.56517
1.56394
1.5627
1.56147
1.56023
1.559
1.55776
1.55653
1.5553
1.55406
1.55283
1.5516
1.55036
1.54913
1.5479
1.54666
1.54543
1.5442
1.54296
1.54173
1.5405
1.53927
1.53804
1.5368
1.53557
1.53434
1.53311
1.53188
1.53065
1.52942
1.52819
1.52696
1.52573
1.5245
1.52327
1.52204
1.52081
1.51958
1.51835
1.51712
1.51589
1.51466
1.51343
1.51221
1.51098
1.50975
1.50852
1.5073
1.50607
1.50484
1.50362
1.50239
1.50116
1.49994
1.49871
1.49749
1.49626
1.49504
1.49381
1.49259
1.49136
1.49014
1.48891
1.48769
1.48647
1.48524
1.48402
1.4828
1.48158
1.48035
1.47913
1.47791
1.47669
1.47547
1.47425
1.47302
1.4718
1.47058
1.46936
1.46814
1.46692
1.46571
1.46449
1.46327
1.46205
1.46083
1.45961
1.4584
1.45718
1.45596
1.45475
1.45353
1.45231
1.4511
1.44988
1.44867
1.44745
1.44624
1.44502
1.44381
1.44259
1.44138
1.44017
1.43895
1.43774
1.43653
1.43532
1.43411
1.43289
1.43168
1.43047
1.42926
1.42805
1.42684
1.42563
1.42442
1.42321
1.42201
1.4208
1.41959
1.41838
1.41717
1.41597
1.41476
1.41355
1.41235
1.41114
1.40994
1.40873
1.40753
1.40632
1.40512
1.40392
1.40271
1.40151
1.40031
1.39911
1.3979
1.3967
1.3955
1.3943
1.3931
1.3919
1.3907
1.3895
1.3883
1.3871
1.38591
1.38471
1.38351
1.38231
1.38112
1.37992
1.37872
1.37753
1.37633
1.37514
1.37394
1.37275
1.37156
1.37036
1.36917
1.36798
1.36679
1.36559
1.3644
1.36321
1.36202
1.36083
1.35964
1.35845
1.35726
1.35607
1.35489
1.3537
1.35251
1.35132
1.35014
1.34895
1.34777
1.34658
1.34539
1.34421
1.34303
1.34184
1.34066
1.33948
1.33829
1.33711
1.33593
1.33475
1.33357
1.33239
1.33121
1.33003
1.32885
1.32767
1.32649
1.32532
1.32414
1.32296
1.32179
1.32061
1.31943
1.31826
1.31708
1.31591
1.31474
1.31356
1.31239
1.31122
1.31005
1.30888
1.3077
1.30653
1.30536
1.30419
1.30303
1.30186
1.30069
1.29952
1.29835
1.29719
1.29602
1.29485
1.29369
1.29252
1.29136
1.2902
1.28903
1.28787
1.28671
1.28554
1.28438
1.28322
1.28206
1.2809
1.27974
1.27858
1.27742
1.27626
1.27511
1.27395
1.27279
1.27164
1.27048
1.26933
1.26817
1.26702
1.26586
1.26471
1.26356
1.2624
1.26125
1.2601
1.25895
1.2578
1.25665
1.2555
1.25435
1.2532
1.25206
1.25091
1.24976
1.24862
1.24747
1.24632
1.24518
1.24404
1.24289
1.24175
1.24061
1.23946
1.23832
1.23718
1.23604
1.2349
1.23376
1.23262
1.23148
1.23035
1.22921
1.22807
1.22693
1.2258
1.22466
1.22353
1.22239
1.22126
1.22013
1.219
1.21786
1.21673
1.2156
1.21447
1.21334
1.21221
1.21108
1.20995
1.20883
1.2077
1.20657
1.20545
1.20432
1.2032
1.20207
1.20095
1.19982
1.1987
1.19758
1.19646
1.19534
1.19422
1.1931
1.19198
1.19086
1.18974
1.18862
1.1875
1.18639
1.18527
1.18416
1.18304
1.18193
1.18081
1.1797
1.17859
1.17747
1.17636
1.17525
1.17414
1.17303
1.17192
1.17081
1.16971
1.1686
1.16749
1.16638
1.16528
1.16417
1.16307
1.16197
1.16086
1.15976
1.15866
1.15755
1.15645
1.15535
1.15425
1.15315
1.15205
1.15096
1.14986
1.14876
1.14767
1.14657
1.14547
1.14438
1.14329
1.14219
1.1411
1.14001
1.13892
1.13782
1.13673
1.13564
1.13455
1.13347
1.13238
1.13129
1.1302
1.12912
1.12803
1.12695
1.12586
1.12478
1.12369
1.12261
1.12153
1.12045
1.11937
1.11829
1.11721
1.11613
1.11505
1.11397
1.11289
1.11182
1.11074
1.10967
1.10859
1.10752
1.10644
1.10537
1.1043
1.10323
1.10216
1.10109
1.10002
1.09895
1.09788
1.09681
1.09574
1.09468
1.09361
1.09254
1.09148
1.09041
1.08935
1.08829
1.08723
1.08616
1.0851
1.08404
1.08298
1.08192
1.08086
1.07981
1.07875
1.07769
1.07664
1.07558
1.07453
1.07347
1.07242
1.07136
1.07031
1.06926
1.06821
1.06716
1.06611
1.06506
1.06401
1.06296
1.06192
1.06087
1.05982
1.05878
1.05773
1.05669
1.05565
1.0546
1.05356
1.05252
1.05148
1.05044
1.0494
1.04836
1.04732
1.04628
1.04525
1.04421
1.04317
1.04214
1.0411
1.04007
1.03904
1.038
1.03697
1.03594
1.03491
1.03388
1.03285
1.03182
1.03079
1.02977
1.02874
1.02771
1.02669
1.02566
1.02464
1.02362
1.02259
1.02157
1.02055
1.01953
1.01851
1.01749
1.01647
1.01545
1.01443
1.01342
1.0124
1.01139
1.01037
1.00936
1.00834
1.00733
1.00632
1.0053
1.00429
1.00328
1.00227
1.00126
1.00026
0.999248
0.998241
0.997234
0.996229
0.995223
0.994219
0.993215
0.992212
0.991209
0.990207
0.989206
0.988205
0.987205
0.986206
0.985207
0.984209
0.983212
0.982215
0.981219
0.980224
0.979229
0.978235
0.977242
0.976249
0.975257
0.974266
0.973275
0.972285
0.971296
0.970307
0.969319
0.968332
0.967345
0.966359
0.965374
0.964389
0.963405
0.962421
0.961439
0.960456
0.959475
0.958494
0.957514
0.956535
0.955556
0.954578
0.9536
0.952624
0.951648
0.950672
0.949697
0.948723
0.94775
0.946777
0.945805
0.944833
0.943863
0.942892
0.941923
0.940954
0.939986
0.939019
0.938052
0.937086
0.93612
0.935155
0.934191
0.933228
0.932265
0.931303
0.930341
0.92938
0.92842
0.927461
0.926502
0.925544
0.924586
0.92363
0.922673
0.921718
0.920763
0.919809
0.918856
0.917903
0.916951
0.915999
0.915048
0.914098
0.913149
0.9122
0.911252
0.910304
0.909357
0.908411
0.907466
0.906521
0.905577
0.904633
0.903691
0.902748
0.901807
0.900866
0.899926
0.898986
0.898048
0.897109
0.896172
0.895235
0.894299
0.893364
0.892429
0.891495
0.890561
0.889628
0.888696
0.887765
0.886834
0.885904
0.884974
0.884045
0.883117
0.88219
0.881263
0.880337
0.879411
0.878486
0.877562
0.876638
0.875716
0.874793
0.873872
0.872951
0.872031
0.871111
0.870192
0.869274
0.868357
0.86744
0.866524
0.865608
0.864693
0.863779
0.862865
0.861952
0.86104
0.860129
0.859218
0.858307
0.857398
0.856489
0.855581
0.854673
0.853766
0.85286
0.851954
0.851049
0.850145
0.849241
0.848338
0.847436
0.846534
0.845633
0.844733
0.843833
0.842934
0.842036
0.841138
0.840241
0.839344
0.838449
0.837553
0.836659
0.835765
0.834872
0.83398
0.833088
0.832197
0.831306
0.830416
0.829527
0.828639
0.827751
0.826863
0.825977
0.825091
0.824206
0.823321
0.822437
0.821554
0.820671
0.819789
0.818908
0.818027
0.817147
0.816268
0.815389
0.814511
0.813633
0.812756
0.81188
0.811005
0.81013
0.809256
0.808382
0.807509
0.806637
0.805765
0.804894
0.804024
0.803154
0.802285
0.801417
0.800549
0.799682
0.798816
0.79795
0.797085
0.79622
0.795356
0.794493
0.79363
0.792768
0.791907
0.791046
0.790186
0.789327
0.788468
0.78761
0.786753
0.785896
0.78504
0.784184
0.783329
0.782475
0.781621
0.780768
0.779916
0.779064
0.778213
0.777362
0.776513
0.775663
0.774815
0.773967
0.77312
0.772273
0.771427
0.770582
0.769737
0.768893
0.768049
0.767206
0.766364
0.765522
0.764681
0.763841
0.763001
0.762162
0.761324
0.760486
0.759649
0.758812
0.757976
0.757141
0.756306
0.755472
0.754638
0.753805
0.752973
0.752141
0.75131
0.75048
0.74965
0.748821
0.747993
0.747165
0.746337
0.745511
0.744685
0.743859
0.743034
0.74221
0.741387
0.740564
0.739741
0.738919
0.738098
0.737278
0.736458
0.735639
0.73482
0.734002
0.733184
0.732367
0.731551
0.730735
0.72992
0.729106
0.728292
0.727479
0.726666
0.725854
0.725043
0.724232
0.723422
0.722612
0.721803
0.720994
0.720187
0.719379
0.718573
0.717767
0.716961
0.716156
0.715352
0.714548
0.713745
0.712943
0.712141
0.71134
0.710539
0.709739
0.708939
0.70814
0.707342
0.706544
0.705747
0.704951
0.704155
0.703359
0.702564
0.70177
0.700976
0.700183
0.699391
0.698599
0.697808
0.697017
0.696227
0.695437
0.694648
0.693859
0.693072
0.692284
0.691497
0.690711
0.689926
0.689141
0.688356
0.687572
0.686789
0.686006
0.685224
0.684442
0.683661
0.682881
0.682101
0.681322
0.680543
0.679764
0.678987
0.67821
0.677433
0.676657
0.675882
0.675107
0.674332
0.673559
0.672785
0.672013
0.67124
0.670469
0.669698
0.668927
0.668157
0.667388
0.666619
0.665851
0.665083
0.664316
0.663549
0.662783
0.662017
0.661252
0.660488
0.659724
0.65896
0.658197
0.657435
0.656673
0.655912
0.655151
0.654391
0.653631
0.652872
0.652113
0.651355
0.650597
0.64984
0.649084
0.648327
0.647572
0.646817
0.646062
0.645308
0.644555
0.643802
0.643049
0.642297
0.641546
0.640795
0.640045
0.640796
0.641548
0.6423
0.643051
0.643803
0.644554
0.645305
0.646057
0.646808
0.647559
0.64831
0.649061
0.649813
0.650564
0.651315
0.652067
0.652819
0.65357
0.654322
0.655074
0.655827
0.656579
0.657332
0.658085
0.658838
0.659591
0.660345
0.661099
0.661853
0.662607
0.663362
0.664117
0.664873
0.665628
0.666385
0.667141
0.667898
0.668655
0.669413
0.670171
0.670929
0.671688
0.672448
0.673208
0.673968
0.674729
0.67549
0.676252
0.677014
0.677777
0.67854
0.679304
0.680068
0.680833
0.681599
0.682365
0.683131
0.683899
0.684666
0.685435
0.686204
0.686973
0.687744
0.688514
0.689286
0.690058
0.690831
0.691604
0.692378
0.693153
0.693928
0.694704
0.695481
0.696259
0.697037
0.697816
0.698595
0.699375
0.700156
0.700938
0.701721
0.702504
0.703288
0.704072
0.704858
0.705644
0.706431
0.707219
0.708007
0.708796
0.709586
0.710377
0.711169
0.711961
0.712754
0.713548
0.714343
0.715139
0.715935
0.716732
0.71753
0.718329
0.719129
0.719929
0.720731
0.721533
0.722336
0.72314
0.723944
0.72475
0.725556
0.726363
0.727172
0.727981
0.72879
0.729601
0.730413
0.731225
0.732038
0.732853
0.733668
0.734484
0.7353
0.736118
0.736937
0.737756
0.738577
0.739398
0.74022
0.741043
0.741867
0.742692
0.743518
0.744344
0.745172
0.746001
0.74683
0.74766
0.748492
0.749324
0.750157
0.750991
0.751826
0.752662
0.753498
0.754336
0.755175
0.756014
0.756855
0.757696
0.758538
0.759382
0.760226
0.761071
0.761917
0.762764
0.763612
0.764461
0.76531
0.766161
0.767013
0.767865
0.768719
0.769573
0.770429
0.771285
0.772143
0.773001
0.77386
0.77472
0.775581
0.776443
0.777306
0.77817
0.779035
0.779901
0.780768
0.781635
0.782504
0.783374
0.784244
0.785116
0.785988
0.786862
0.787736
0.788612
0.789488
0.790365
0.791243
0.792122
0.793002
0.793883
0.794765
0.795648
0.796532
0.797417
0.798303
0.79919
0.800077
0.800966
0.801856
0.802746
0.803638
0.80453
0.805423
0.806318
0.807213
0.808109
0.809006
0.809905
0.810804
0.811704
0.812605
0.813507
0.81441
0.815313
0.816218
0.817124
0.818031
0.818938
0.819847
0.820756
0.821667
0.822578
0.82349
0.824404
0.825318
0.826233
0.827149
0.828066
0.828984
0.829903
0.830823
0.831744
0.832666
0.833588
0.834512
0.835436
0.836362
0.837288
0.838216
0.839144
0.840073
0.841003
0.841935
0.842867
0.8438
0.844733
0.845668
0.846604
0.847541
0.848478
0.849417
0.850356
0.851297
0.852238
0.85318
0.854123
0.855067
0.856012
0.856958
0.857905
0.858853
0.859802
0.860751
0.861702
0.862653
0.863606
0.864559
0.865513
0.866468
0.867424
0.868381
0.869339
0.870298
0.871257
0.872218
0.873179
0.874142
0.875105
0.876069
0.877034
0.878
0.878967
0.879935
0.880904
0.881873
0.882844
0.883815
0.884787
0.885761
0.886735
0.88771
0.888686
0.889662
0.89064
0.891618
0.892598
0.893578
0.894559
0.895541
0.896524
0.897508
0.898493
0.899479
0.900465
0.901452
0.902441
0.90343
0.90442
0.905411
0.906402
0.907395
0.908389
0.909383
0.910378
0.911374
0.912371
0.913369
0.914368
0.915367
0.916368
0.917369
0.918371
0.919374
0.920378
0.921383
0.922389
0.923395
0.924402
0.925411
0.92642
0.92743
0.92844
0.929452
0.930464
0.931478
0.932492
0.933507
0.934522
0.935539
0.936557
0.937575
0.938594
0.939614
0.940635
0.941657
0.942679
0.943703
0.944727
0.945752
0.946778
0.947804
0.948832
0.94986
0.950889
0.951919
0.95295
0.953982
0.955014
0.956047
0.957082
0.958116
0.959152
0.960189
0.961226
0.962264
0.963303
0.964343
0.965384
0.966425
0.967467
0.96851
0.969554
0.970599
0.971644
0.97269
0.973737
0.974785
0.975834
0.976883
0.977933
0.978984
0.980036
0.981089
0.982142
0.983196
0.984251
0.985307
0.986363
0.987421
0.988479
0.989538
0.990597
0.991658
0.992719
0.993781
0.994843
0.995907
0.996971
0.998036
0.999102
1.00017
1.00124
1.0023
1.00337
1.00444
1.00551
1.00658
1.00766
1.00873
1.0098
1.01088
1.01195
1.01303
1.0141
1.01518
1.01626
1.01734
1.01842
1.0195
1.02058
1.02166
1.02274
1.02382
1.02491
1.02599
1.02708
1.02816
1.02925
1.03034
1.03143
1.03251
1.0336
1.03469
1.03579
1.03688
1.03797
1.03906
1.04016
1.04125
1.04235
1.04344
1.04454
1.04564
1.04674
1.04784
1.04893
1.05003
1.05114
1.05224
1.05334
1.05444
1.05555
1.05665
1.05776
1.05886
1.05997
1.06108
1.06218
1.06329
1.0644
1.06551
1.06662
1.06773
1.06885
1.06996
1.07107
1.07219
1.0733
1.07442
1.07553
1.07665
1.07777
1.07888
1.08
1.08112
1.08224
1.08336
1.08448
1.08561
1.08673
1.08785
1.08898
1.0901
1.09123
1.09235
1.09348
1.09461
1.09573
1.09686
1.09799
1.09912
1.10025
1.10138
1.10251
1.10365
1.10478
1.10591
1.10705
1.10818
1.10932
1.11045
1.11159
1.11273
1.11386
1.115
1.11614
1.11728
1.11842
1.11956
1.1207
1.12184
1.12299
1.12413
1.12527
1.12642
1.12756
1.12871
1.12986
1.131
1.13215
1.1333
1.13445
1.1356
1.13675
1.1379
1.13905
1.1402
1.14135
1.1425
1.14366
1.14481
1.14596
1.14712
1.14827
1.14943
1.15059
1.15174
1.1529
1.15406
1.15522
1.15638
1.15754
1.1587
1.15986
1.16102
1.16218
1.16334
1.16451
1.16567
1.16684
1.168
1.16916
1.17033
1.1715
1.17266
1.17383
1.175
1.17617
1.17734
1.17851
1.17968
1.18085
1.18202
1.18319
1.18436
1.18553
1.18671
1.18788
1.18905
1.19023
1.1914
1.19258
1.19375
1.19493
1.19611
1.19729
1.19846
1.19964
1.20082
1.202
1.20318
1.20436
1.20554
1.20672
1.2079
1.20909
1.21027
1.21145
1.21264
1.21382
1.215
1.21619
1.21737
1.21856
1.21975
1.22093
1.22212
1.22331
1.2245
1.22569
1.22687
1.22806
1.22925
1.23044
1.23164
1.23283
1.23402
1.23521
1.2364
1.2376
1.23879
1.23998
1.24118
1.24237
1.24357
1.24476
1.24596
1.24715
1.24835
1.24955
1.25075
1.25194
1.25314
1.25434
1.25554
1.25674
1.25794
1.25914
1.26034
1.26154
1.26274
1.26394
1.26515
1.26635
1.26755
1.26876
1.26996
1.27116
1.27237
1.27357
1.27478
1.27598
1.27719
1.2784
1.2796
1.28081
1.28202
1.28322
1.28443
1.28564
1.28685
1.28806
1.28927
1.29048
1.29169
1.2929
1.29411
1.29532
1.29653
1.29774
1.29896
1.30017
1.30138
1.30259
1.30381
1.30502
1.30623
1.30745
1.30866
1.30988
1.31109
1.31231
1.31352
1.31474
1.31596
1.31717
1.31839
1.31961
1.32083
1.32204
1.32326
1.32448
1.3257
1.32692
1.32814
1.32936
1.33058
1.3318
1.33302
1.33424
1.33546
1.33668
1.3379
1.33912
1.34035
1.34157
1.34279
1.34401
1.34524
1.34646
1.34768
1.34891
1.35013
1.35136
1.35258
1.35381
1.35503
1.35626
1.35748
1.35871
1.35993
1.36116
1.36238
1.36361
1.36484
1.36607
1.36729
1.36852
1.36975
1.37098
1.3722
1.37343
1.37466
1.37589
1.37712
1.37835
1.37958
1.38081
1.38204
1.38326
1.38449
1.38573
1.38696
1.38819
1.38942
1.39065
1.39188
1.39311
1.39434
1.39557
1.3968
1.39804
1.39927
1.4005
1.40173
1.40297
1.4042
1.40543
1.40666
1.4079
1.40913
1.41036
1.4116
1.41283
1.41407
1.4153
1.41653
1.41777
1.419
1.42024
1.42147
1.42271
1.42394
1.42518
1.42641
1.42765
1.42888
1.43012
1.43135
1.43259
1.43383
1.43506
1.4363
1.43753
1.43877
1.44001
1.44124
1.44248
1.44372
1.44495
1.44619
1.44743
1.44866
1.4499
1.45114
1.45237
1.45361
1.45485
1.45609
1.45732
1.45856
1.4598
1.46104
1.46227
1.46351
1.46475
1.46599
1.46723
1.46846
1.4697
1.47094
1.47218
1.47342
1.47465
1.47589
1.47713
1.47837
1.47961
1.48085
1.48208
1.48332
1.48456
1.4858
1.48704
1.48828
1.48952
1.49075
1.49199
1.49323
1.49447
1.49571
1.49695
1.49819
1.49942
1.50066
1.5019
1.50314
1.50438
1.50562
1.50686
1.50809
1.50933
1.51057
1.51181
1.51305
1.51429
1.51553
1.51676
1.518
1.51924
1.52048
1.52172
1.52296
1.52419
1.52543
1.52667
1.52791
1.52915
1.53038
1.53162
1.53286
1.5341
1.53534
1.53657
1.53781
1.53905
1.54029
1.54152
1.54276
1.544
1.54524
1.54647
1.54771
1.54895
1.55018
1.55142
1.55266
1.55389
1.55513
1.55637
1.5576
1.55884
1.56008
1.56131
1.56255
1.56378
1.56502
1.56626
1.56749
1.56873
1.56996
1.5712
1.57243
1.57367
1.5749
1.57614
1.57737
1.57861
1.57984
1.58108
1.58231
1.58355
1.58478
1.58601
1.58725
1.58848
1.58971
1.59095
1.59218
1.59341
1.59465
1.59588
1.59711
1.59834
1.59958
1.60081
1.60204
1.60327
1.6045
1.60574
1.60697
1.6082
1.60943
1.61066
1.61189
1.61312
1.61435
1.61558
1.61681
1.61804
1.61927
1.6205
1.62173
1.62296
1.62419
1.62542
1.62665
1.62787
1.6291
1.63033
1.63156
1.63278
1.63401
1.63524
1.63647
1.63769
1.63892
1.64015
1.64137
1.6426
1.64382
1.64505
1.64627
1.6475
1.64872
1.64995
1.65117
1.6524
1.65362
1.65484
1.65607
1.65729
1.65851
1.65974
1.66096
1.66218
1.6634
1.66462
1.66584
1.66707
1.66829
1.66951
1.67073
1.67195
1.67317
1.67439
1.67561
1.67683
1.67804
1.67926
1.68048
1.6817
1.68292
1.68414
1.68535
1.68657
1.68779
1.689
1.69022
1.69143
1.69265
1.69387
1.69508
1.69629
1.69751
1.69872
1.69994
1.70115
1.70236
1.70358
1.70479
1.706
1.70721
1.70843
1.70964
1.71085
1.71206
1.71327
1.71448
1.71569
1.7169
1.71811
1.71932
1.72053
1.72173
1.72294
1.72415
1.72536
1.72656
1.72777
1.72898
1.73018
1.73139
1.73259
1.7338
1.735
1.73621
1.73741
1.73862
1.73982
1.74102
1.74222
1.74343
1.74463
1.74583
1.74703
1.74823
1.74943
1.75063
1.75183
1.75303
1.75423
1.75543
1.75663
1.75783
1.75902
1.76022
1.76142
1.76261
1.76381
1.76501
1.7662
1.7674
1.76859
1.76979
1.77098
1.77217
1.77337
1.77456
1.77575
1.77694
1.77813
1.77933
1.78052
1.78171
1.7829
1.78409
1.78527
1.78646
1.78765
1.78884
1.79003
1.79121
1.7924
1.79359
1.79477
1.79596
1.79714
1.79833
1.79951
1.8007
1.80188
1.80306
1.80425
1.80543
1.80661
1.80779
1.80897
1.81015
1.81133
1.81251
1.81369
1.81487
1.81605
1.81723
1.8184
1.81958
1.82076
1.82193
1.82311
1.82428
1.82546
1.82663
1.82781
1.82898
1.83015
1.83133
1.8325
1.83367
1.83484
1.83601
1.83718
1.83835
1.83952
1.84069
1.84186
1.84303
1.8442
1.84536
1.84653
1.8477
1.84886
1.85003
1.85119
1.85236
1.85352
1.85468
1.85585
1.85701
1.85817
1.85933
1.86049
1.86165
1.86281
1.86397
1.86513
1.86629
1.86745
1.86861
1.86976
1.87092
1.87208
1.87323
1.87439
1.87554
1.8767
1.87785
1.879
1.88016
1.88131
1.88246
1.88361
1.88476
1.88591
1.88706
1.88821
1.88936
1.89051
1.89166
1.8928
1.89395
1.8951
1.89624
1.89739
1.89853
1.89968
1.90082
1.90196
1.9031
1.90425
1.90539
1.90653
1.90767
1.90881
1.90995
1.91109
1.91223
1.91336
1.9145
1.91564
1.91678
1.91791
1.91905
1.92018
1.92132
1.92245
1.92358
1.92471
1.92585
1.92698
1.92811
1.92924
1.93037
1.9315
1.93263
1.93376
1.93488
1.93601
1.93714
1.93826
1.93939
1.94051
1.94164
1.94276
1.94389
1.94501
1.94613
1.94725
1.94837
1.94949
1.95061
1.95173
1.95285
1.95397
1.95509
1.95621
1.95732
1.95844
1.95955
1.96067
1.96178
1.9629
1.96401
1.96512
1.96623
1.96735
1.96846
1.96957
1.97068
1.97179
1.9729
1.974
1.97511
1.97622
1.97732
1.97843
1.97954
1.98064
1.98174
1.98285
1.98395
1.98505
1.98616
1.98726
1.98836
1.98946
1.99056
1.99166
1.99275
1.99385
1.99495
1.99605
1.99714
1.99824
1.99933
2.00043
2.00152
2.00261
2.0037
2.0048
2.00589
2.00698
2.00807
2.00916
2.01025
2.01133
2.01242
2.01351
2.0146
2.01568
2.01677
2.01785
2.01894
2.02002
2.0211
2.02218
2.02327
2.02435
2.02543
2.02651
2.02759
2.02866
2.02974
2.03082
2.0319
2.03297
2.03405
2.03512
2.0362
2.03727
2.03834
2.03942
2.04049
2.04156
2.04263
2.0437
2.04477
2.04584
2.04691
2.04798
2.04904
2.05011
2.05117
2.05224
2.0533
2.05437
2.05543
2.05649
2.05756
2.05862
2.05968
2.06074
2.0618
2.06286
2.06391
2.06497
2.06603
2.06709
2.06814
2.0692
2.07025
2.07131
2.07236
2.07341
2.07446
2.07551
2.07656
2.07762
2.07866
2.07971
2.08076
2.08181
2.08286
2.0839
2.08495
2.08599
2.08704
2.08808
2.08912
2.09017
2.09121
2.09225
2.09329
2.09433
2.09537
2.09641
2.09745
2.09848
2.09952
2.10056
2.10159
2.10263
2.10366
2.1047
2.10573
2.10676
2.10779
2.10882
2.10985
2.11088
2.11191
2.11294
2.11397
2.115
2.11602
2.11705
2.11807
2.1191
2.12012
2.12114
2.12217
2.12319
2.12421
2.12523
2.12625
2.12727
2.12829
2.12931
2.13032
2.13134
2.13236
2.13337
2.13439
2.1354
2.13642
2.13743
2.13844
2.13945
2.14046
2.14147
2.14248
2.14349
2.1445
2.14551
2.14652
2.14752
2.14853
2.14953
2.15054
2.15154
2.15254
2.15355
2.15455
2.15555
2.15655
2.15755
2.15855
2.15955
2.16054
2.16154
2.16254
2.16353
2.16453
2.16552
2.16652
2.16751
2.1685
2.1695
2.17049
2.17148
2.17247
2.17346
2.17445
2.17543
2.17642
2.17741
2.17839
2.17938
2.18036
2.18135
2.18233
2.18331
2.1843
2.18528
2.18626
2.18724
2.18822
2.1892
2.19017
2.19115
2.19213
2.1931
2.19408
2.19505
2.19603
2.197
2.19798
2.19895
2.19992
2.20089
2.20186
2.20283
2.2038
2.20477
2.20573
2.2067
2.20767
2.20863
2.2096
2.21056
2.21153
2.21249
2.21345
2.21441
2.21537
2.21633
2.21729
2.21825
2.21921
2.22017
2.22112
2.22208
2.22304
2.22399
2.22495
2.2259
2.22685
2.2278
2.22876
2.22971
2.23066
2.23161
2.23256
2.2335
2.23445
2.2354
2.23635
2.23729
2.23824
2.23918
2.24012
2.24107
2.24201
2.24295
2.24389
2.24483
2.24577
2.24671
2.24765
2.24859
2.24953
2.25046
2.2514
2.25233
2.25327
2.2542
2.25513
2.25607
2.257
2.25793
2.25886
2.25979
2.26072
2.26165
2.26258
2.2635
2.26443
2.26536
2.26628
2.26721
2.26813
2.26905
2.26997
2.2709
2.27182
2.27274
2.27366
2.27458
2.2755
2.27641
2.27733
2.27825
2.27916
2.28008
2.281
2.28191
2.28282
2.28374
2.28465
2.28556
2.28647
2.28738
2.28829
2.2892
2.29011
2.29101
2.29192
2.29283
2.29373
2.29464
2.29554
2.29645
2.29735
2.29825
2.29915
2.30005
2.30095
2.30185
2.30275
2.30365
2.30455
2.30545
2.30634
2.30724
2.30813
2.30903
2.30992
2.31081
2.31171
2.3126
2.31349
2.31438
2.31527
2.31616
2.31705
2.31794
2.31882
2.31971
2.3206
2.32148
2.32237
2.32325
2.32413
2.32502
2.3259
2.32678
2.32766
2.32854
2.32942
2.3303
2.33118
2.33206
2.33293
2.33381
2.33469
2.33556
2.33644
2.33731
2.33818
2.33906
2.33993
2.3408
2.34167
2.34254
2.34341
2.34428
2.34515
2.34601
2.34688
2.34775
2.34861
2.34948
2.35034
2.35121
2.35207
2.35293
2.35379
2.35465
2.35551
2.35637
2.35723
2.35809
2.35895
2.35981
2.36066
2.36152
2.36238
2.36323
2.36409
2.36494
2.36579
2.36664
2.3675
2.36835
2.3692
2.37005
2.3709
2.37175
2.37259
2.37344
2.37429
2.37513
2.37598
2.37682
2.37767
2.37851
2.37936
2.3802
2.38104
2.38188
2.38272
2.38356
2.3844
2.38524
2.38608
2.38692
2.38775
2.38859
2.38942
2.39026
2.39109
2.39193
2.39276
2.39359
2.39443
2.39526
2.39609
2.39692
2.39775
2.39858
2.39941
2.40023
2.40106
2.40189
2.40271
2.40354
2.40436
2.40519
2.40601
2.40684
2.40766
2.40848
2.4093
2.41012
2.41094
2.41176
2.41258
2.4134
2.41422
2.41503
2.41585
2.41667
2.41748
2.4183
2.41911
2.41992
2.42074
2.42155
2.42236
2.42317
2.42398
2.42479
2.4256
2.42641
2.42722
2.42803
2.42883
2.42964
2.43045
2.43125
2.43206
2.43286
2.43366
2.43447
2.43527
2.43607
2.43687
2.43767
2.43847
2.43927
2.44007
2.44087
2.44167
2.44247
2.44326
2.44406
2.44486
2.44565
2.44645
2.44724
2.44803
2.44883
2.44962
2.45041
2.4512
2.45199
2.45278
2.45357
2.45436
2.45515
2.45594
2.45672
2.45751
2.4583
2.45908
2.45987
2.46065
2.46144
2.46222
2.463
2.46379
2.46457
2.46535
2.46613
2.46691
2.46769
2.46847
2.46925
2.47003
2.47081
2.47158
2.47236
2.47314
2.47391
2.47469
2.47546
2.47623
2.47701
2.47778
2.47855
2.47933
2.4801
2.48087
2.48164
2.48087
2.4801
2.47933
2.47856
2.47779
2.47702
2.47625
2.47549
2.47472
2.47395
2.47318
2.47241
2.47164
2.47087
2.4701
2.46933
2.46856
2.46779
2.46702
2.46625
2.46548
2.46471
2.46394
2.46317
2.4624
2.46163
2.46086
2.46009
2.45931
2.45854
2.45777
2.45699
2.45622
2.45545
2.45467
2.4539
2.45312
2.45235
2.45157
2.45079
2.45002
2.44924
2.44846
2.44768
2.4469
2.44613
2.44535
2.44456
2.44378
2.443
2.44222
2.44144
2.44066
2.43987
2.43909
2.4383
2.43752
2.43673
2.43594
2.43516
2.43437
2.43358
2.43279
2.432
2.43121
2.43042
2.42963
2.42884
2.42804
2.42725
2.42646
2.42566
2.42487
2.42407
2.42327
2.42247
2.42168
2.42088
2.42008
2.41928
2.41847
2.41767
2.41687
2.41606
2.41526
2.41445
2.41365
2.41284
2.41203
2.41123
2.41042
2.40961
2.4088
2.40798
2.40717
2.40636
2.40554
2.40473
2.40391
2.4031
2.40228
2.40146
2.40064
2.39982
2.399
2.39818
2.39736
2.39653
2.39571
2.39489
2.39406
2.39323
2.39241
2.39158
2.39075
2.38992
2.38909
2.38826
2.38742
2.38659
2.38575
2.38492
2.38408
2.38325
2.38241
2.38157
2.38073
2.37989
2.37905
2.3782
2.37736
2.37652
2.37567
2.37482
2.37398
2.37313
2.37228
2.37143
2.37058
2.36973
2.36887
2.36802
2.36717
2.36631
2.36546
2.3646
2.36374
2.36288
2.36202
2.36116
2.3603
2.35943
2.35857
2.35771
2.35684
2.35597
2.35511
2.35424
2.35337
2.3525
2.35163
2.35076
2.34988
2.34901
2.34813
2.34726
2.34638
2.3455
2.34462
2.34374
2.34286
2.34198
2.3411
2.34022
2.33933
2.33845
2.33756
2.33667
2.33578
2.33489
2.334
2.33311
2.33222
2.33133
2.33043
2.32954
2.32864
2.32775
2.32685
2.32595
2.32505
2.32415
2.32325
2.32235
2.32144
2.32054
2.31963
2.31873
2.31782
2.31691
2.316
2.31509
2.31418
2.31327
2.31236
2.31144
2.31053
2.30961
2.3087
2.30778
2.30686
2.30594
2.30502
2.3041
2.30318
2.30225
2.30133
2.3004
2.29948
2.29855
2.29762
2.29669
2.29576
2.29483
2.2939
2.29297
2.29204
2.2911
2.29017
2.28923
2.28829
2.28735
2.28641
2.28547
2.28453
2.28359
2.28265
2.2817
2.28076
2.27981
2.27887
2.27792
2.27697
2.27602
2.27507
2.27412
2.27317
2.27222
2.27126
2.27031
2.26935
2.26839
2.26744
2.26648
2.26552
2.26456
2.2636
2.26264
2.26167
2.26071
2.25974
2.25878
2.25781
2.25684
2.25587
2.2549
2.25393
2.25296
2.25199
2.25102
2.25004
2.24907
2.24809
2.24712
2.24614
2.24516
2.24418
2.2432
2.24222
2.24124
2.24025
2.23927
2.23829
2.2373
2.23631
2.23533
2.23434
2.23335
2.23236
2.23137
2.23038
2.22938
2.22839
2.2274
2.2264
2.2254
2.22441
2.22341
2.22241
2.22141
2.22041
2.21941
2.21841
2.2174
2.2164
2.2154
2.21439
2.21338
2.21238
2.21137
2.21036
2.20935
2.20834
2.20733
2.20631
2.2053
2.20428
2.20327
2.20225
2.20124
2.20022
2.1992
2.19818
2.19716
2.19614
2.19512
2.1941
2.19307
2.19205
2.19102
2.19
2.18897
2.18794
2.18691
2.18588
2.18485
2.18382
2.18279
2.18176
2.18072
2.17969
2.17865
2.17762
2.17658
2.17554
2.17451
2.17347
2.17243
2.17138
2.17034
2.1693
2.16826
2.16721
2.16617
2.16512
2.16408
2.16303
2.16198
2.16093
2.15988
2.15883
2.15778
2.15673
2.15567
2.15462
2.15357
2.15251
2.15145
2.1504
2.14934
2.14828
2.14722
2.14616
2.1451
2.14404
2.14298
2.14191
2.14085
2.13979
2.13872
2.13765
2.13659
2.13552
2.13445
2.13338
2.13231
2.13124
2.13017
2.1291
2.12802
2.12695
2.12587
2.1248
2.12372
2.12265
2.12157
2.12049
2.11941
2.11833
2.11725
2.11617
2.11509
2.114
2.11292
2.11184
2.11075
2.10967
2.10858
2.10749
2.1064
2.10532
2.10423
2.10314
2.10204
2.10095
2.09986
2.09877
2.09767
2.09658
2.09548
2.09439
2.09329
2.09219
2.0911
2.09
2.0889
2.0878
2.0867
2.0856
2.08449
2.08339
2.08229
2.08118
2.08008
2.07897
2.07787
2.07676
2.07565
2.07454
2.07343
2.07232
2.07121
2.0701
2.06899
2.06788
2.06676
2.06565
2.06453
2.06342
2.0623
2.06119
2.06007
2.05895
2.05783
2.05671
2.05559
2.05447
2.05335
2.05223
2.05111
2.04998
2.04886
2.04774
2.04661
2.04549
2.04436
2.04323
2.0421
2.04098
2.03985
2.03872
2.03759
2.03646
2.03532
2.03419
2.03306
2.03193
2.03079
2.02966
2.02852
2.02739
2.02625
2.02511
2.02397
2.02284
2.0217
2.02056
2.01942
2.01828
2.01714
2.01599
2.01485
2.01371
2.01256
2.01142
2.01027
2.00913
2.00798
2.00684
2.00569
2.00454
2.00339
2.00224
2.00109
1.99994
1.99879
1.99764
1.99649
1.99534
1.99418
1.99303
1.99188
1.99072
1.98957
1.98841
1.98725
1.9861
1.98494
1.98378
1.98262
1.98146
1.9803
1.97914
1.97798
1.97682
1.97566
1.9745
1.97333
1.97217
1.971
1.96984
1.96867
1.96751
1.96634
1.96518
1.96401
1.96284
1.96167
1.9605
1.95933
1.95816
1.95699
1.95582
1.95465
1.95348
1.95231
1.95113
1.94996
1.94879
1.94761
1.94644
1.94526
1.94409
1.94291
1.94173
1.94055
1.93938
1.9382
1.93702
1.93584
1.93466
1.93348
1.9323
1.93112
1.92994
1.92875
1.92757
1.92639
1.9252
1.92402
1.92284
1.92165
1.92047
1.91928
1.91809
1.91691
1.91572
1.91453
1.91334
1.91215
1.91097
1.90978
1.90859
1.9074
1.90621
1.90501
1.90382
1.90263
1.90144
1.90024
1.89905
1.89786
1.89666
1.89547
1.89427
1.89308
1.89188
1.89069
1.88949
1.88829
1.8871
1.8859
1.8847
1.8835
1.8823
1.8811
1.8799
1.8787
1.8775
1.8763
1.8751
1.8739
1.87269
1.87149
1.87029
1.86909
1.86788
1.86668
1.86547
1.86427
1.86306
1.86186
1.86065
1.85945
1.85824
1.85703
1.85583
1.85462
1.85341
1.8522
1.85099
1.84978
1.84858
1.84737
1.84616
1.84495
1.84373
1.84252
1.84131
1.8401
1.83889
1.83768
1.83646
1.83525
1.83404
1.83282
1.83161
1.8304
1.82918
1.82797
1.82675
1.82554
1.82432
1.8231
1.82189
1.82067
1.81945
1.81824
1.81702
1.8158
1.81458
1.81336
1.81215
1.81093
1.80971
1.80849
1.80727
1.80605
1.80483
1.80361
1.80239
1.80117
1.79994
1.79872
1.7975
1.79628
1.79506
1.79383
1.79261
1.79139
1.79016
1.78894
1.78772
1.78649
1.78527
1.78404
1.78282
1.78159
1.78037
1.77914
1.77792
1.77669
1.77547
1.77424
1.77301
1.77179
1.77056
1.76933
1.7681
1.76688
1.76565
1.76442
1.76319
1.76196
1.76073
1.75951
1.75828
1.75705
1.75582
1.75459
1.75336
1.75213
1.7509
1.74967
1.74844
1.74721
1.74598
1.74475
1.74351
1.74228
1.74105
1.73982
1.73859
1.73736
1.73612
1.73489
1.73366
1.73243
1.73119
1.72996
1.72873
1.72749
1.72626
1.72503
1.72379
1.72256
1.72133
1.72009
1.71886
1.71762
1.71639
1.71515
1.71392
1.71268
1.71145
1.71021
1.70898
1.70774
1.70651
1.70527
1.70404
1.7028
1.70157
1.70033
1.6991
1.69786
1.69662
1.69539
1.69415
1.69291
1.69168
1.69044
1.6892
1.68797
1.68673
1.68549
1.68426
1.68302
1.68178
1.68055
1.67931
1.67807
1.67683
1.6756
1.67436
1.67312
1.67188
1.67065
1.66941
1.66817
1.66693
1.6657
1.66446
1.66322
1.66198
1.66074
1.65951
1.65827
1.65703
1.65579
1.65455
1.65332
1.65208
1.65084
1.6496
1.64836
1.64712
1.64589
1.64465
1.64341
1.64217
1.64093
1.6397
1.63846
1.63722
1.63598
1.63474
1.6335
1.63227
1.63103
1.62979
1.62855
1.62731
1.62608
1.62484
1.6236
1.62236
1.62112
1.61989
1.61865
1.61741
1.61617
1.61493
1.6137
1.61246
1.61122
1.60998
1.60875
1.60751
1.60627
1.60503
1.6038
1.60256
1.60132
1.60008
1.59885
1.59761
1.59637
1.59514
1.5939
1.59266
1.59143
1.59019
1.58895
1.58772
1.58648
1.58524
1.58401
1.58277
1.58153
1.5803
1.57906
1.57783
1.57659
1.57536
1.57412
1.57288
1.57165
1.57041
1.56918
1.56794
1.56671
1.56547
1.56424
1.56301
1.56177
1.56054
1.5593
1.55807
1.55683
1.5556
1.55437
1.55313
1.5519
1.55067
1.54943
1.5482
1.54697
1.54574
1.5445
1.54327
1.54204
1.54081
1.53958
1.53834
1.53711
1.53588
1.53465
1.53342
1.53219
1.53096
1.52973
1.5285
1.52726
1.52603
1.5248
1.52358
1.52235
1.52112
1.51989
1.51866
1.51743
1.5162
1.51497
1.51374
1.51252
1.51129
1.51006
1.50883
1.50761
1.50638
1.50515
1.50392
1.5027
1.50147
1.50025
1.49902
1.49779
1.49657
1.49534
1.49412
1.49289
1.49167
1.49044
1.48922
1.488
1.48677
1.48555
1.48433
1.4831
1.48188
1.48066
1.47944
1.47821
1.47699
1.47577
1.47455
1.47333
1.47211
1.47089
1.46967
1.46845
1.46723
1.46601
1.46479
1.46357
1.46235
1.46113
1.45991
1.4587
1.45748
1.45626
1.45504
1.45383
1.45261
1.45139
1.45018
1.44896
1.44775
1.44653
1.44532
1.4441
1.44289
1.44167
1.44046
1.43925
1.43803
1.43682
1.43561
1.4344
1.43318
1.43197
1.43076
1.42955
1.42834
1.42713
1.42592
1.42471
1.4235
1.42229
1.42108
1.41987
1.41867
1.41746
1.41625
1.41504
1.41384
1.41263
1.41142
1.41022
1.40901
1.40781
1.4066
1.4054
1.40419
1.40299
1.40178
1.40058
1.39938
1.39818
1.39697
1.39577
1.39457
1.39337
1.39217
1.39097
1.38977
1.38857
1.38737
1.38617
1.38497
1.38377
1.38257
1.38138
1.38018
1.37898
1.37779
1.37659
1.37539
1.3742
1.373
1.37181
1.37062
1.36942
1.36823
1.36704
1.36584
1.36465
1.36346
1.36227
1.36108
1.35988
1.35869
1.3575
1.35631
1.35513
1.35394
1.35275
1.35156
1.35037
1.34919
1.348
1.34681
1.34563
1.34444
1.34326
1.34207
1.34089
1.3397
1.33852
1.33734
1.33615
1.33497
1.33379
1.33261
1.33143
1.33025
1.32907
1.32789
1.32671
1.32553
1.32435
1.32317
1.32199
1.32082
1.31964
1.31846
1.31729
1.31611
1.31494
1.31376
1.31259
1.31142
1.31024
1.30907
1.3079
1.30673
1.30556
1.30438
1.30321
1.30204
1.30087
1.29971
1.29854
1.29737
1.2962
1.29503
1.29387
1.2927
1.29153
1.29037
1.2892
1.28804
1.28688
1.28571
1.28455
1.28339
1.28222
1.28106
1.2799
1.27874
1.27758
1.27642
1.27526
1.2741
1.27294
1.27179
1.27063
1.26947
1.26832
1.26716
1.266
1.26485
1.2637
1.26254
1.26139
1.26024
1.25908
1.25793
1.25678
1.25563
1.25448
1.25333
1.25218
1.25103
1.24988
1.24873
1.24759
1.24644
1.24529
1.24415
1.243
1.24186
1.24071
1.23957
1.23843
1.23728
1.23614
1.235
1.23386
1.23272
1.23158
1.23044
1.2293
1.22816
1.22702
1.22588
1.22475
1.22361
1.22247
1.22134
1.2202
1.21907
1.21793
1.2168
1.21567
1.21454
1.2134
1.21227
1.21114
1.21001
1.20888
1.20775
1.20663
1.2055
1.20437
1.20324
1.20212
1.20099
1.19987
1.19874
1.19762
1.19649
1.19537
1.19425
1.19313
1.192
1.19088
1.18976
1.18864
1.18752
1.18641
1.18529
1.18417
1.18305
1.18194
1.18082
1.17971
1.17859
1.17748
1.17636
1.17525
1.17414
1.17303
1.17191
1.1708
1.16969
1.16858
1.16747
1.16637
1.16526
1.16415
1.16304
1.16194
1.16083
1.15973
1.15862
1.15752
1.15641
1.15531
1.15421
1.15311
1.15201
1.15091
1.14981
1.14871
1.14761
1.14651
1.14541
1.14432
1.14322
1.14212
1.14103
1.13993
1.13884
1.13775
1.13665
1.13556
1.13447
1.13338
1.13229
1.1312
1.13011
1.12902
1.12793
1.12685
1.12576
1.12467
1.12359
1.1225
1.12142
1.12033
1.11925
1.11817
1.11709
1.116
1.11492
1.11384
1.11276
1.11168
1.11061
1.10953
1.10845
1.10737
1.1063
1.10522
1.10415
1.10307
1.102
1.10093
1.09985
1.09878
1.09771
1.09664
1.09557
1.0945
1.09343
1.09236
1.0913
1.09023
1.08916
1.0881
1.08703
1.08597
1.0849
1.08384
1.08278
1.08172
1.08066
1.0796
1.07854
1.07748
1.07642
1.07536
1.0743
1.07324
1.07219
1.07113
1.07008
1.06902
1.06797
1.06692
1.06586
1.06481
1.06376
1.06271
1.06166
1.06061
1.05956
1.05851
1.05746
1.05642
1.05537
1.05433
1.05328
1.05224
1.05119
1.05015
1.04911
1.04807
1.04702
1.04598
1.04494
1.0439
1.04287
1.04183
1.04079
1.03975
1.03872
1.03768
1.03665
1.03561
1.03458
1.03355
1.03251
1.03148
1.03045
1.02942
1.02839
1.02736
1.02633
1.02531
1.02428
1.02325
1.02223
1.0212
1.02018
1.01915
1.01813
1.01711
1.01608
1.01506
1.01404
1.01302
1.012
1.01098
1.00997
1.00895
1.00793
1.00691
1.0059
1.00488
1.00387
1.00286
1.00184
1.00083
0.999819
0.998808
0.997797
0.996788
0.995778
0.99477
0.993762
0.992755
0.991749
0.990743
0.989737
0.988733
0.987729
0.986726
0.985723
0.984721
0.98372
0.982719
0.981719
0.98072
0.979721
0.978723
0.977726
0.976729
0.975733
0.974737
0.973743
0.972749
0.971755
0.970762
0.96977
0.968779
0.967788
0.966798
0.965808
0.964819
0.963831
0.962843
0.961856
0.96087
0.959884
0.958899
0.957915
0.956932
0.955949
0.954966
0.953985
0.953003
0.952023
0.951043
0.950064
0.949086
0.948108
0.947131
0.946155
0.945179
0.944204
0.943229
0.942255
0.941282
0.94031
0.939338
0.938367
0.937396
0.936426
0.935457
0.934489
0.933521
0.932554
0.931587
0.930621
0.929656
0.928691
0.927727
0.926764
0.925801
0.924839
0.923878
0.922917
0.921957
0.920998
0.920039
0.919081
0.918124
0.917167
0.916211
0.915256
0.914301
0.913347
0.912393
0.911441
0.910488
0.909537
0.908586
0.907636
0.906686
0.905738
0.904789
0.903842
0.902895
0.901949
0.901003
0.900058
0.899114
0.898171
0.897228
0.896285
0.895344
0.894403
0.893462
0.892523
0.891584
0.890645
0.889708
0.888771
0.887834
0.886899
0.885964
0.885029
0.884095
0.883162
0.88223
0.881298
0.880367
0.879436
0.878507
0.877577
0.876649
0.875721
0.874794
0.873867
0.872941
0.872016
0.871091
0.870168
0.869244
0.868322
0.8674
0.866478
0.865558
0.864637
0.863718
0.862799
0.861881
0.860964
0.860047
0.859131
0.858215
0.857301
0.856386
0.855473
0.85456
0.853648
0.852736
0.851825
0.850915
0.850005
0.849096
0.848188
0.84728
0.846373
0.845467
0.844561
0.843656
0.842751
0.841848
0.840944
0.840042
0.83914
0.838239
0.837338
0.836438
0.835539
0.83464
0.833742
0.832845
0.831948
0.831052
0.830156
0.829262
0.828367
0.827474
0.826581
0.825689
0.824797
0.823906
0.823016
0.822126
0.821237
0.820349
0.819461
0.818574
0.817687
0.816801
0.815916
0.815032
0.814148
0.813264
0.812382
0.8115
0.810618
0.809737
0.808857
0.807978
0.807099
0.806221
0.805343
0.804466
0.80359
0.802714
0.801839
0.800964
0.80009
0.799217
0.798345
0.797473
0.796601
0.795731
0.794861
0.793991
0.793122
0.792254
0.791387
0.79052
0.789653
0.788788
0.787923
0.787058
0.786194
0.785331
0.784469
0.783607
0.782745
0.781885
0.781025
0.780165
0.779306
0.778448
0.777591
0.776734
0.775877
0.775021
0.774166
0.773312
0.772458
0.771604
0.770752
0.7699
0.769048
0.768197
0.767347
0.766498
0.765649
0.7648
0.763952
0.763105
0.762259
0.761413
0.760567
0.759722
0.758878
0.758035
0.757192
0.756349
0.755508
0.754667
0.753826
0.752986
0.752147
0.751308
0.75047
0.749632
0.748795
0.747959
0.747123
0.746288
0.745454
0.74462
0.743786
0.742954
0.742121
0.74129
0.740459
0.739629
0.738799
0.73797
0.737141
0.736313
0.735485
0.734659
0.733832
0.733007
0.732181
0.731357
0.730533
0.72971
0.728887
0.728065
0.727243
0.726422
0.725602
0.724782
0.723962
0.723144
0.722326
0.721508
0.720691
0.719874
0.719059
0.718243
0.717429
0.716614
0.715801
0.714988
0.714175
0.713364
0.712552
0.711742
0.710931
0.710122
0.709313
0.708504
0.707696
0.706889
0.706082
0.705276
0.70447
0.703665
0.70286
0.702056
0.701253
0.70045
0.699648
0.698846
0.698044
0.697244
0.696444
0.695644
0.694845
0.694046
0.693248
0.692451
0.691654
0.690857
0.690062
0.689266
0.688472
0.687677
0.686884
0.68609
0.685298
0.684506
0.683714
0.682923
0.682133
0.681343
0.680553
0.679764
0.678976
0.678188
0.6774
0.678189
0.678978
0.679766
0.680554
0.681342
0.68213
0.682918
0.683706
0.684494
0.685282
0.686069
0.686857
0.687645
0.688433
0.689221
0.69001
0.690798
0.691586
0.692375
0.693164
0.693952
0.694742
0.695531
0.69632
0.69711
0.6979
0.69869
0.699481
0.700272
0.701063
0.701854
0.702646
0.703438
0.70423
0.705023
0.705816
0.70661
0.707404
0.708198
0.708993
0.709788
0.710583
0.71138
0.712176
0.712973
0.71377
0.714568
0.715367
0.716166
0.716965
0.717765
0.718566
0.719367
0.720168
0.720971
0.721773
0.722577
0.72338
0.724185
0.72499
0.725796
0.726602
0.727409
0.728216
0.729025
0.729833
0.730643
0.731453
0.732264
0.733075
0.733887
0.7347
0.735514
0.736328
0.737143
0.737958
0.738774
0.739591
0.740409
0.741228
0.742047
0.742867
0.743687
0.744509
0.745331
0.746154
0.746978
0.747802
0.748627
0.749453
0.75028
0.751108
0.751936
0.752765
0.753595
0.754426
0.755257
0.75609
0.756923
0.757757
0.758592
0.759427
0.760264
0.761101
0.761939
0.762778
0.763618
0.764459
0.7653
0.766142
0.766986
0.76783
0.768675
0.76952
0.770367
0.771214
0.772063
0.772912
0.773762
0.774613
0.775465
0.776318
0.777171
0.778026
0.778881
0.779737
0.780594
0.781453
0.782311
0.783171
0.784032
0.784894
0.785756
0.78662
0.787484
0.788349
0.789215
0.790082
0.79095
0.791819
0.792689
0.79356
0.794431
0.795304
0.796177
0.797052
0.797927
0.798803
0.79968
0.800558
0.801437
0.802317
0.803198
0.80408
0.804963
0.805846
0.806731
0.807616
0.808503
0.80939
0.810278
0.811168
0.812058
0.812949
0.813841
0.814734
0.815628
0.816523
0.817418
0.818315
0.819213
0.820111
0.821011
0.821911
0.822813
0.823715
0.824618
0.825522
0.826427
0.827334
0.828241
0.829149
0.830057
0.830967
0.831878
0.83279
0.833702
0.834616
0.835531
0.836446
0.837362
0.83828
0.839198
0.840117
0.841037
0.841959
0.842881
0.843804
0.844728
0.845652
0.846578
0.847505
0.848433
0.849361
0.850291
0.851221
0.852153
0.853085
0.854018
0.854952
0.855888
0.856824
0.857761
0.858699
0.859638
0.860577
0.861518
0.86246
0.863402
0.864346
0.86529
0.866236
0.867182
0.868129
0.869078
0.870027
0.870977
0.871928
0.872879
0.873832
0.874786
0.875741
0.876696
0.877653
0.87861
0.879568
0.880528
0.881488
0.882449
0.883411
0.884374
0.885337
0.886302
0.887268
0.888234
0.889202
0.89017
0.891139
0.89211
0.893081
0.894053
0.895026
0.895999
0.896974
0.89795
0.898926
0.899904
0.900882
0.901861
0.902841
0.903822
0.904804
0.905787
0.906771
0.907755
0.908741
0.909727
0.910714
0.911703
0.912692
0.913681
0.914672
0.915664
0.916657
0.91765
0.918644
0.91964
0.920636
0.921633
0.922631
0.923629
0.924629
0.925629
0.926631
0.927633
0.928636
0.92964
0.930645
0.931651
0.932657
0.933665
0.934673
0.935682
0.936692
0.937703
0.938715
0.939727
0.940741
0.941755
0.94277
0.943786
0.944803
0.945821
0.94684
0.947859
0.948879
0.949901
0.950923
0.951945
0.952969
0.953994
0.955019
0.956045
0.957072
0.9581
0.959129
0.960158
0.961189
0.96222
0.963252
0.964285
0.965318
0.966353
0.967388
0.968424
0.969461
0.970499
0.971538
0.972577
0.973618
0.974659
0.975701
0.976743
0.977787
0.978831
0.979876
0.980922
0.981969
0.983017
0.984065
0.985114
0.986164
0.987215
0.988267
0.989319
0.990372
0.991426
0.992481
0.993537
0.994593
0.99565
0.996708
0.997767
0.998826
0.999887
1.00095
1.00201
1.00307
1.00414
1.0052
1.00626
1.00733
1.0084
1.00946
1.01053
1.0116
1.01267
1.01374
1.01481
1.01588
1.01696
1.01803
1.0191
1.02018
1.02126
1.02233
1.02341
1.02449
1.02557
1.02665
1.02773
1.02881
1.02989
1.03097
1.03205
1.03314
1.03422
1.03531
1.03639
1.03748
1.03857
1.03966
1.04075
1.04184
1.04293
1.04402
1.04511
1.0462
1.0473
1.04839
1.04948
1.05058
1.05168
1.05277
1.05387
1.05497
1.05607
1.05717
1.05827
1.05937
1.06047
1.06157
1.06268
1.06378
1.06489
1.06599
1.0671
1.06821
1.06931
1.07042
1.07153
1.07264
1.07375
1.07486
1.07597
1.07708
1.0782
1.07931
1.08043
1.08154
1.08266
1.08377
1.08489
1.08601
1.08713
1.08824
1.08936
1.09048
1.09161
1.09273
1.09385
1.09497
1.0961
1.09722
1.09835
1.09947
1.1006
1.10172
1.10285
1.10398
1.10511
1.10624
1.10737
1.1085
1.10963
1.11076
1.11189
1.11303
1.11416
1.1153
1.11643
1.11757
1.1187
1.11984
1.12098
1.12212
1.12325
1.12439
1.12553
1.12667
1.12782
1.12896
1.1301
1.13124
1.13239
1.13353
1.13468
1.13582
1.13697
1.13811
1.13926
1.14041
1.14156
1.14271
1.14386
1.14501
1.14616
1.14731
1.14846
1.14961
1.15077
1.15192
1.15307
1.15423
1.15538
1.15654
1.15769
1.15885
1.16001
1.16117
1.16233
1.16348
1.16464
1.1658
1.16697
1.16813
1.16929
1.17045
1.17161
1.17278
1.17394
1.17511
1.17627
1.17744
1.1786
1.17977
1.18094
1.1821
1.18327
1.18444
1.18561
1.18678
1.18795
1.18912
1.19029
1.19146
1.19264
1.19381
1.19498
1.19616
1.19733
1.19851
1.19968
1.20086
1.20203
1.20321
1.20439
1.20557
1.20674
1.20792
1.2091
1.21028
1.21146
1.21264
1.21382
1.21501
1.21619
1.21737
1.21855
1.21974
1.22092
1.22211
1.22329
1.22448
1.22566
1.22685
1.22803
1.22922
1.23041
1.2316
1.23279
1.23397
1.23516
1.23635
1.23754
1.23873
1.23993
1.24112
1.24231
1.2435
1.24469
1.24589
1.24708
1.24827
1.24947
1.25066
1.25186
1.25306
1.25425
1.25545
1.25664
1.25784
1.25904
1.26024
1.26144
1.26264
1.26383
1.26503
1.26623
1.26743
1.26864
1.26984
1.27104
1.27224
1.27344
1.27465
1.27585
1.27705
1.27826
1.27946
1.28067
1.28187
1.28308
1.28428
1.28549
1.28669
1.2879
1.28911
1.29032
1.29152
1.29273
1.29394
1.29515
1.29636
1.29757
1.29878
1.29999
1.3012
1.30241
1.30362
1.30483
1.30604
1.30726
1.30847
1.30968
1.31089
1.31211
1.31332
1.31454
1.31575
1.31696
1.31818
1.31939
1.32061
1.32183
1.32304
1.32426
1.32548
1.32669
1.32791
1.32913
1.33035
1.33156
1.33278
1.334
1.33522
1.33644
1.33766
1.33888
1.3401
1.34132
1.34254
1.34376
1.34498
1.3462
1.34742
1.34865
1.34987
1.35109
1.35231
1.35354
1.35476
1.35598
1.35721
1.35843
1.35966
1.36088
1.3621
1.36333
1.36455
1.36578
1.36701
1.36823
1.36946
1.37068
1.37191
1.37314
1.37436
1.37559
1.37682
1.37804
1.37927
1.3805
1.38173
1.38296
1.38418
1.38541
1.38664
1.38787
1.3891
1.39033
1.39156
1.39279
1.39402
1.39525
1.39648
1.39771
1.39894
1.40017
1.4014
1.40263
1.40386
1.4051
1.40633
1.40756
1.40879
1.41002
1.41126
1.41249
1.41372
1.41495
1.41619
1.41742
1.41865
1.41989
1.42112
1.42235
1.42359
1.42482
1.42605
1.42729
1.42852
1.42976
1.43099
1.43222
1.43346
1.43469
1.43593
1.43716
1.4384
1.43963
1.44087
1.4421
1.44334
1.44458
1.44581
1.44705
1.44828
1.44952
1.45075
1.45199
1.45323
1.45446
1.4557
1.45694
1.45817
1.45941
1.46065
1.46188
1.46312
1.46436
1.46559
1.46683
1.46807
1.4693
1.47054
1.47178
1.47302
1.47425
1.47549
1.47673
1.47796
1.4792
1.48044
1.48168
1.48292
1.48415
1.48539
1.48663
1.48787
1.4891
1.49034
1.49158
1.49282
1.49405
1.49529
1.49653
1.49777
1.49901
1.50024
1.50148
1.50272
1.50396
1.50519
1.50643
1.50767
1.50891
1.51015
1.51138
1.51262
1.51386
1.5151
1.51633
1.51757
1.51881
1.52005
1.52129
1.52252
1.52376
1.525
1.52624
1.52747
1.52871
1.52995
1.53119
1.53242
1.53366
1.5349
1.53613
1.53737
1.53861
1.53985
1.54108
1.54232
1.54356
1.54479
1.54603
1.54727
1.5485
1.54974
1.55098
1.55221
1.55345
1.55469
1.55592
1.55716
1.55839
1.55963
1.56087
1.5621
1.56334
1.56457
1.56581
1.56704
1.56828
1.56951
1.57075
1.57198
1.57322
1.57445
1.57569
1.57692
1.57816
1.57939
1.58062
1.58186
1.58309
1.58433
1.58556
1.58679
1.58803
1.58926
1.59049
1.59173
1.59296
1.59419
1.59542
1.59666
1.59789
1.59912
1.60035
1.60159
1.60282
1.60405
1.60528
1.60651
1.60774
1.60897
1.6102
1.61143
1.61267
1.6139
1.61513
1.61636
1.61759
1.61882
1.62004
1.62127
1.6225
1.62373
1.62496
1.62619
1.62742
1.62865
1.62987
1.6311
1.63233
1.63356
1.63478
1.63601
1.63724
1.63846
1.63969
1.64092
1.64214
1.64337
1.64459
1.64582
1.64704
1.64827
1.64949
1.65072
1.65194
1.65317
1.65439
1.65561
1.65684
1.65806
1.65928
1.66051
1.66173
1.66295
1.66417
1.66539
1.66661
1.66784
1.66906
1.67028
1.6715
1.67272
1.67394
1.67516
1.67638
1.6776
1.67882
1.68003
1.68125
1.68247
1.68369
1.68491
1.68612
1.68734
1.68856
1.68977
1.69099
1.69221
1.69342
1.69464
1.69585
1.69707
1.69828
1.6995
1.70071
1.70192
1.70314
1.70435
1.70556
1.70678
1.70799
1.7092
1.71041
1.71162
1.71283
1.71405
1.71526
1.71647
1.71768
1.71889
1.72009
1.7213
1.72251
1.72372
1.72493
1.72614
1.72734
1.72855
1.72976
1.73096
1.73217
1.73337
1.73458
1.73578
1.73699
1.73819
1.7394
1.7406
1.7418
1.74301
1.74421
1.74541
1.74661
1.74782
1.74902
1.75022
1.75142
1.75262
1.75382
1.75502
1.75622
1.75742
1.75861
1.75981
1.76101
1.76221
1.7634
1.7646
1.7658
1.76699
1.76819
1.76938
1.77058
1.77177
1.77297
1.77416
1.77535
1.77655
1.77774
1.77893
1.78012
1.78131
1.7825
1.7837
1.78489
1.78608
1.78726
1.78845
1.78964
1.79083
1.79202
1.79321
1.79439
1.79558
1.79676
1.79795
1.79914
1.80032
1.80151
1.80269
1.80387
1.80506
1.80624
1.80742
1.8086
1.80978
1.81097
1.81215
1.81333
1.81451
1.81569
1.81687
1.81804
1.81922
1.8204
1.82158
1.82275
1.82393
1.82511
1.82628
1.82746
1.82863
1.82981
1.83098
1.83215
1.83333
1.8345
1.83567
1.83684
1.83801
1.83918
1.84036
1.84152
1.84269
1.84386
1.84503
1.8462
1.84737
1.84853
1.8497
1.85087
1.85203
1.8532
1.85436
1.85553
1.85669
1.85785
1.85902
1.86018
1.86134
1.8625
1.86366
1.86482
1.86598
1.86714
1.8683
1.86946
1.87062
1.87178
1.87293
1.87409
1.87525
1.8764
1.87756
1.87871
1.87987
1.88102
1.88217
1.88333
1.88448
1.88563
1.88678
1.88793
1.88908
1.89023
1.89138
1.89253
1.89368
1.89483
1.89597
1.89712
1.89827
1.89941
1.90056
1.9017
1.90285
1.90399
1.90513
1.90628
1.90742
1.90856
1.9097
1.91084
1.91198
1.91312
1.91426
1.9154
1.91654
1.91767
1.91881
1.91995
1.92108
1.92222
1.92335
1.92449
1.92562
1.92675
1.92789
1.92902
1.93015
1.93128
1.93241
1.93354
1.93467
1.9358
1.93693
1.93806
1.93919
1.94031
1.94144
1.94256
1.94369
1.94481
1.94594
1.94706
1.94818
1.94931
1.95043
1.95155
1.95267
1.95379
1.95491
1.95603
1.95715
1.95827
1.95938
1.9605
1.96162
1.96273
1.96385
1.96496
1.96608
1.96719
1.9683
1.96942
1.97053
1.97164
1.97275
1.97386
1.97497
1.97608
1.97719
1.97829
1.9794
1.98051
1.98162
1.98272
1.98383
1.98493
1.98603
1.98714
1.98824
1.98934
1.99044
1.99154
1.99265
1.99374
1.99484
1.99594
1.99704
1.99814
1.99924
2.00033
2.00143
2.00252
2.00362
2.00471
2.0058
2.0069
2.00799
2.00908
2.01017
2.01126
2.01235
2.01344
2.01453
2.01562
2.01671
2.01779
2.01888
2.01997
2.02105
2.02213
2.02322
2.0243
2.02538
2.02647
2.02755
2.02863
2.02971
2.03079
2.03187
2.03295
2.03402
2.0351
2.03618
2.03726
2.03833
2.03941
2.04048
2.04155
2.04263
2.0437
2.04477
2.04584
2.04691
2.04798
2.04905
2.05012
2.05119
2.05226
2.05332
2.05439
2.05546
2.05652
2.05759
2.05865
2.05971
2.06078
2.06184
2.0629
2.06396
2.06502
2.06608
2.06714
2.0682
2.06925
2.07031
2.07137
2.07242
2.07348
2.07453
2.07559
2.07664
2.07769
2.07875
2.0798
2.08085
2.0819
2.08295
2.084
2.08504
2.08609
2.08714
2.08819
2.08923
2.09028
2.09132
2.09237
2.09341
2.09445
2.09549
2.09653
2.09758
2.09862
2.09966
2.10069
2.10173
2.10277
2.10381
2.10484
2.10588
2.10691
2.10795
2.10898
2.11002
2.11105
2.11208
2.11311
2.11414
2.11517
2.1162
2.11723
2.11826
2.11929
2.12031
2.12134
2.12236
2.12339
2.12441
2.12544
2.12646
2.12748
2.1285
2.12952
2.13055
2.13156
2.13258
2.1336
2.13462
2.13564
2.13665
2.13767
2.13868
2.1397
2.14071
2.14173
2.14274
2.14375
2.14476
2.14577
2.14678
2.14779
2.1488
2.14981
2.15082
2.15182
2.15283
2.15384
2.15484
2.15585
2.15685
2.15785
2.15885
2.15986
2.16086
2.16186
2.16286
2.16386
2.16485
2.16585
2.16685
2.16785
2.16884
2.16984
2.17083
2.17183
2.17282
2.17381
2.1748
2.17579
2.17679
2.17778
2.17876
2.17975
2.18074
2.18173
2.18272
2.1837
2.18469
2.18567
2.18666
2.18764
2.18862
2.1896
2.19059
2.19157
2.19255
2.19353
2.1945
2.19548
2.19646
2.19744
2.19841
2.19939
2.20036
2.20134
2.20231
2.20329
2.20426
2.20523
2.2062
2.20717
2.20814
2.20911
2.21008
2.21105
2.21201
2.21298
2.21395
2.21491
2.21588
2.21684
2.2178
2.21877
2.21973
2.22069
2.22165
2.22261
2.22357
2.22453
2.22549
2.22644
2.2274
2.22836
2.22931
2.23027
2.23122
2.23217
2.23313
2.23408
2.23503
2.23598
2.23693
2.23788
2.23883
2.23978
2.24072
2.24167
2.24262
2.24356
2.24451
2.24545
2.2464
2.24734
2.24828
2.24922
2.25016
2.2511
2.25204
2.25298
2.25392
2.25486
2.2558
2.25673
2.25767
2.2586
2.25954
2.26047
2.26141
2.26234
2.26327
2.2642
2.26513
2.26606
2.26699
2.26792
2.26885
2.26978
2.2707
2.27163
2.27256
2.27348
2.2744
2.27533
2.27625
2.27717
2.27809
2.27902
2.27994
2.28086
2.28177
2.28269
2.28361
2.28453
2.28544
2.28636
2.28728
2.28819
2.2891
2.29002
2.29093
2.29184
2.29275
2.29366
2.29457
2.29548
2.29639
2.2973
2.29821
2.29911
2.30002
2.30093
2.30183
2.30274
2.30364
2.30454
2.30544
2.30635
2.30725
2.30815
2.30905
2.30995
2.31084
2.31174
2.31264
2.31354
2.31443
2.31533
2.31622
2.31712
2.31801
2.3189
2.3198
2.32069
2.32158
2.32247
2.32336
2.32425
2.32514
2.32602
2.32691
2.3278
2.32868
2.32957
2.33045
2.33134
2.33222
2.3331
2.33398
2.33487
2.33575
2.33663
2.33751
2.33839
2.33926
2.34014
2.34102
2.3419
2.34277
2.34365
2.34452
2.3454
2.34627
2.34714
2.34801
2.34889
2.34976
2.35063
2.3515
2.35237
2.35323
2.3541
2.35497
2.35584
2.3567
2.35757
2.35843
2.3593
2.36016
2.36102
2.36189
2.36275
2.36361
2.36447
2.36533
2.36619
2.36705
2.3679
2.36876
2.36962
2.37048
2.37133
2.37219
2.37304
2.37389
2.37475
2.3756
2.37645
2.3773
2.37815
2.379
2.37985
2.3807
2.38155
2.3824
2.38325
2.38409
2.38494
2.38579
2.38663
2.38747
2.38832
2.38916
2.39
2.39085
2.39169
2.39253
2.39337
2.39421
2.39505
2.39589
2.39672
2.39756
2.3984
2.39923
2.40007
2.4009
2.40174
2.40257
2.40341
2.40424
2.40507
2.4059
2.40673
2.40756
2.40839
2.40922
2.41005
2.41088
2.41171
2.41253
2.41336
2.41418
2.41501
2.41583
2.41666
2.41748
2.4183
2.41913
2.41995
2.42077
2.42159
2.42241
2.42323
2.42405
2.42487
2.42569
2.4265
2.42732
2.42814
2.42895
2.42977
2.43058
2.4314
2.43221
2.43302
2.43383
2.43465
2.43546
2.43627
2.43708
2.43789
2.4387
2.43951
2.44031
2.44112
2.44193
2.44273
2.44354
2.44435
2.44515
2.44596
2.44676
2.44756
2.44836
2.44756
2.44676
2.44596
2.44516
2.44435
2.44355
2.44275
2.44195
2.44115
2.44034
2.43954
2.43874
2.43794
2.43714
2.43633
2.43553
2.43473
2.43393
2.43312
2.43232
2.43152
2.43071
2.42991
2.42911
2.4283
2.4275
2.42669
2.42589
2.42508
2.42428
2.42347
2.42267
2.42186
2.42105
2.42025
2.41944
2.41863
2.41782
2.41701
2.4162
2.41539
2.41458
2.41377
2.41296
2.41215
2.41134
2.41053
2.40971
2.4089
2.40809
2.40727
2.40646
2.40564
2.40482
2.40401
2.40319
2.40237
2.40155
2.40074
2.39992
2.3991
2.39827
2.39745
2.39663
2.39581
2.39498
2.39416
2.39333
2.39251
2.39168
2.39086
2.39003
2.3892
2.38837
2.38754
2.38671
2.38588
2.38505
2.38422
2.38338
2.38255
2.38171
2.38088
2.38004
2.37921
2.37837
2.37753
2.37669
2.37585
2.37501
2.37417
2.37333
2.37248
2.37164
2.37079
2.36995
2.3691
2.36825
2.36741
2.36656
2.36571
2.36486
2.36401
2.36315
2.3623
2.36145
2.36059
2.35974
2.35888
2.35802
2.35716
2.35631
2.35545
2.35459
2.35372
2.35286
2.352
2.35113
2.35027
2.3494
2.34854
2.34767
2.3468
2.34593
2.34506
2.34419
2.34332
2.34244
2.34157
2.3407
2.33982
2.33894
2.33807
2.33719
2.33631
2.33543
2.33455
2.33367
2.33278
2.3319
2.33101
2.33013
2.32924
2.32835
2.32747
2.32658
2.32569
2.3248
2.3239
2.32301
2.32212
2.32122
2.32033
2.31943
2.31853
2.31763
2.31673
2.31583
2.31493
2.31403
2.31313
2.31222
2.31132
2.31041
2.3095
2.3086
2.30769
2.30678
2.30587
2.30496
2.30404
2.30313
2.30222
2.3013
2.30039
2.29947
2.29855
2.29763
2.29671
2.29579
2.29487
2.29395
2.29302
2.2921
2.29117
2.29025
2.28932
2.28839
2.28746
2.28653
2.2856
2.28467
2.28373
2.2828
2.28187
2.28093
2.27999
2.27906
2.27812
2.27718
2.27624
2.2753
2.27435
2.27341
2.27247
2.27152
2.27057
2.26963
2.26868
2.26773
2.26678
2.26583
2.26488
2.26393
2.26297
2.26202
2.26106
2.26011
2.25915
2.25819
2.25723
2.25627
2.25531
2.25435
2.25339
2.25242
2.25146
2.25049
2.24953
2.24856
2.24759
2.24662
2.24565
2.24468
2.24371
2.24274
2.24177
2.24079
2.23982
2.23884
2.23786
2.23688
2.2359
2.23492
2.23394
2.23296
2.23198
2.231
2.23001
2.22903
2.22804
2.22705
2.22607
2.22508
2.22409
2.2231
2.2221
2.22111
2.22012
2.21912
2.21813
2.21713
2.21614
2.21514
2.21414
2.21314
2.21214
2.21114
2.21014
2.20913
2.20813
2.20713
2.20612
2.20511
2.20411
2.2031
2.20209
2.20108
2.20007
2.19906
2.19804
2.19703
2.19602
2.195
2.19399
2.19297
2.19195
2.19093
2.18991
2.18889
2.18787
2.18685
2.18583
2.1848
2.18378
2.18275
2.18173
2.1807
2.17967
2.17864
2.17761
2.17658
2.17555
2.17452
2.17349
2.17245
2.17142
2.17038
2.16935
2.16831
2.16727
2.16623
2.16519
2.16415
2.16311
2.16207
2.16103
2.15998
2.15894
2.15789
2.15685
2.1558
2.15475
2.15371
2.15266
2.15161
2.15056
2.1495
2.14845
2.1474
2.14634
2.14529
2.14423
2.14318
2.14212
2.14106
2.14
2.13894
2.13788
2.13682
2.13576
2.1347
2.13363
2.13257
2.1315
2.13044
2.12937
2.1283
2.12723
2.12617
2.1251
2.12403
2.12295
2.12188
2.12081
2.11974
2.11866
2.11759
2.11651
2.11543
2.11436
2.11328
2.1122
2.11112
2.11004
2.10896
2.10788
2.10679
2.10571
2.10463
2.10354
2.10246
2.10137
2.10028
2.09919
2.09811
2.09702
2.09593
2.09484
2.09374
2.09265
2.09156
2.09046
2.08937
2.08828
2.08718
2.08608
2.08499
2.08389
2.08279
2.08169
2.08059
2.07949
2.07839
2.07728
2.07618
2.07508
2.07397
2.07287
2.07176
2.07066
2.06955
2.06844
2.06733
2.06622
2.06511
2.064
2.06289
2.06178
2.06067
2.05955
2.05844
2.05733
2.05621
2.05509
2.05398
2.05286
2.05174
2.05062
2.0495
2.04838
2.04726
2.04614
2.04502
2.0439
2.04277
2.04165
2.04053
2.0394
2.03827
2.03715
2.03602
2.03489
2.03376
2.03264
2.03151
2.03038
2.02924
2.02811
2.02698
2.02585
2.02471
2.02358
2.02245
2.02131
2.02017
2.01904
2.0179
2.01676
2.01562
2.01448
2.01334
2.0122
2.01106
2.00992
2.00878
2.00764
2.00649
2.00535
2.00421
2.00306
2.00191
2.00077
1.99962
1.99847
1.99733
1.99618
1.99503
1.99388
1.99273
1.99158
1.99042
1.98927
1.98812
1.98697
1.98581
1.98466
1.9835
1.98235
1.98119
1.98004
1.97888
1.97772
1.97656
1.9754
1.97424
1.97308
1.97192
1.97076
1.9696
1.96844
1.96728
1.96611
1.96495
1.96378
1.96262
1.96145
1.96029
1.95912
1.95795
1.95679
1.95562
1.95445
1.95328
1.95211
1.95094
1.94977
1.9486
1.94743
1.94626
1.94508
1.94391
1.94274
1.94156
1.94039
1.93921
1.93804
1.93686
1.93568
1.93451
1.93333
1.93215
1.93097
1.92979
