0.223607
0.222379
0.221179
0.220006
0.218861
0.217742
0.216648
0.215581
0.214538
0.213519
0.212524
0.211553
0.210605
0.209678
0.208774
0.207892
0.207031
0.20619
0.20537
0.204569
0.203788
0.203026
0.202283
0.201558
0.200851
0.200161
0.199489
0.198834
0.198195
0.197572
0.196966
0.196375
0.195799
0.195238
0.194692
0.19416
0.193642
0.193138
0.192648
0.192171
0.191707
0.191255
0.190816
0.190389
0.189975
0.189572
0.18918
0.1888
0.188431
0.188073
0.187726
0.187389
0.187062
0.186745
0.186438
0.18614
0.185853
0.185574
0.185304
0.185044
0.184792
0.184548
0.184314
0.184087
0.183868
0.183657
0.183455
0.183259
0.183071
0.182891
0.182717
0.182551
0.182392
0.182239
0.182093
0.181954
0.181821
0.181694
0.181574
0.181459
0.181351
0.181248
0.181151
0.181059
0.180973
0.180893
0.180818
0.180748
0.180683
0.180623
0.180568
0.180518
0.180472
0.180431
0.180395
0.180363
0.180336
0.180313
0.180294
0.18028
0.180269
0.180263
0.18026
0.180262
0.180267
0.180276
0.180289
0.180305
0.180325
0.180348
0.180375
0.180405
0.180438
0.180475
0.180515
0.180558
0.180604
0.180653
0.180705
0.18076
0.180818
0.180879
0.180943
0.181009
0.181079
0.181151
0.181225
0.181302
0.181382
0.181464
0.181548
0.181635
0.181725
0.181817
0.181911
0.182007
0.182106
0.182207
0.18231
0.182415
0.182522
0.182632
0.182743
0.182857
0.182972
0.18309
0.183209
0.183331
0.183454
0.183579
0.183706
0.183835
0.183966
0.184098
0.184232
0.184368
0.184506
0.184645
0.184786
0.184929
0.185073
0.185219
0.185367
0.185516
0.185666
0.185819
0.185972
0.186128
0.186284
0.186442
0.186602
0.186763
0.186926
0.18709
0.187255
0.187422
0.18759
0.187759
0.18793
0.188102
0.188276
0.188451
0.188627
0.188804
0.188983
0.189163
0.189344
0.189527
0.18971
0.189895
0.190081
0.190269
0.190457
0.190647
0.190838
0.19103
0.191224
0.191418
0.191614
0.191811
0.192009
0.192208
0.192408
0.19261
0.192812
0.193016
0.193221
0.193426
0.193633
0.193842
0.194051
0.194261
0.194472
0.194685
0.194898
0.195113
0.195328
0.195545
0.195763
0.195982
0.196201
0.196422
0.196644
0.196867
0.197091
0.197316
0.197543
0.19777
0.197998
0.198227
0.198457
0.198689
0.198921
0.199154
0.199389
0.199624
0.19986
0.200098
0.200336
0.200576
0.200816
0.201058
0.2013
0.201544
0.201789
0.202034
0.202281
0.202528
0.202777
0.203027
0.203277
0.203529
0.203782
0.204036
0.20429
0.204546
0.204803
0.205061
0.20532
0.20558
0.20584
0.206102
0.206365
0.206629
0.206894
0.207161
0.207428
0.207696
0.207965
0.208235
0.208507
0.208779
0.209052
0.209327
0.209602
0.209879
0.210156
0.210435
0.210715
0.210995
0.211277
0.21156
0.211844
0.212129
0.212415
0.212703
0.212991
0.21328
0.213571
0.213862
0.214155
0.214449
0.214744
0.21504
0.215337
0.215635
0.215934
0.216235
0.216537
0.216839
0.217143
0.217448
0.217754
0.218062
0.21837
0.21868
0.21899
0.219302
0.219615
0.21993
0.220245
0.220562
0.220879
0.221198
0.221519
0.22184
0.222162
0.222486
0.222811
0.223137
0.223465
0.223794
0.224123
0.224455
0.224787
0.225121
0.225455
0.225792
0.226129
0.226468
0.226807
0.227149
0.227491
0.227835
0.22818
0.228526
0.228874
0.229223
0.229574
0.229925
0.230278
0.230632
0.230988
0.231345
0.231704
0.232063
0.232424
0.232787
0.233151
0.233516
0.233883
0.234251
0.23462
0.234991
0.235363
0.235737
0.236112
0.236489
0.236867
0.237246
0.237627
0.23801
0.238394
0.238779
0.239166
0.239555
0.239945
0.240336
0.240729
0.241123
0.241519
0.241917
0.242316
0.242717
0.243119
0.243523
0.243928
0.244335
0.244744
0.245154
0.245566
0.24598
0.246395
0.246811
0.24723
0.24765
0.248072
0.248495
0.24892
0.249347
0.249776
0.250206
0.250638
0.251071
0.251507
0.251944
0.252383
0.252824
0.253266
0.253711
0.254157
0.254605
0.255054
0.255506
0.255959
0.256415
0.256872
0.257331
0.257792
0.258254
0.258719
0.259186
0.259654
0.260125
0.260597
0.261071
0.261548
0.262026
0.262506
0.262989
0.263473
0.263959
0.264448
0.264938
0.265431
0.265925
0.266422
0.266921
0.267422
0.267925
0.26843
0.268937
0.269447
0.269958
0.270472
0.270988
0.271506
0.272027
0.272549
0.273074
0.273602
0.274131
0.274663
0.275197
0.275733
0.276272
0.276813
0.277357
0.277903
0.278451
0.279001
0.279555
0.28011
0.280668
0.281228
0.281791
0.282357
0.282925
0.283495
0.284068
0.284644
0.285222
0.285803
0.286386
0.286972
0.287561
0.288152
0.288746
0.289342
0.289942
0.290544
0.291149
0.291756
0.292367
0.29298
0.293596
0.294215
0.294836
0.295461
0.296088
0.296719
0.297352
0.297988
0.298628
0.29927
0.299915
0.300563
0.301215
0.301869
0.302526
0.303187
0.303851
0.304518
0.305188
0.305861
0.306537
0.307217
0.3079
0.308586
0.309276
0.309969
0.310665
0.311364
0.312067
0.312774
0.313484
0.314197
0.314914
0.315634
0.316358
0.317085
0.317817
0.318551
0.319289
0.320031
0.320777
0.321527
0.32228
0.323037
0.323797
0.324562
0.32533
0.326103
0.326879
0.327659
0.328443
0.329231
0.330023
0.33082
0.33162
0.332424
0.333233
0.334046
0.334862
0.335684
0.336509
0.337339
0.338173
0.339012
0.339854
0.340702
0.341554
0.34241
0.343271
0.344136
0.345006
0.345881
0.34676
0.347644
0.348533
0.349426
0.350325
0.351228
0.352136
0.353049
0.353968
0.354891
0.355819
0.356752
0.35769
0.358634
0.359583
0.360537
0.361496
0.362461
0.363431
0.364406
0.365387
0.366374
0.367366
0.368364
0.369367
0.370376
0.371391
0.372411
0.373438
0.37447
0.375508
0.376553
0.377603
0.378659
0.379722
0.38079
0.381865
0.382947
0.384034
0.385128
0.386229
0.387336
0.388449
0.389569
0.390696
0.39183
0.39297
0.394117
0.395272
0.396433
0.397601
0.398776
0.399959
0.401148
0.402345
0.40355
0.404761
0.403898
0.403028
0.402151
0.401269
0.400381
0.399488
0.39859
0.397686
0.396778
0.395866
0.394949
0.394028
0.393104
0.392176
0.391245
0.39031
0.389372
0.388432
0.387489
0.386544
0.385596
0.384647
0.383695
0.382742
0.381787
0.380831
0.379874
0.378915
0.377956
0.376995
0.376034
0.375073
0.374111
0.373149
0.372186
0.371224
0.370262
0.3693
0.368338
0.367377
0.366416
0.365456
0.364496
0.363538
0.36258
0.361624
0.360668
0.359714
0.358761
0.357809
0.356859
0.355911
0.354964
0.354018
0.353075
0.352133
0.351193
0.350255
0.349319
0.348386
0.347454
0.346524
0.345597
0.344672
0.34375
0.34283
0.341912
0.340997
0.340084
0.339174
0.338267
0.337362
0.33646
0.335561
0.334664
0.33377
0.33288
0.331992
0.331107
0.330225
0.329345
0.328469
0.327596
0.326726
0.325859
0.324996
0.324135
0.323277
0.322423
0.321572
0.320724
0.319879
0.319037
0.318199
0.317364
0.316532
0.315703
0.314878
0.314056
0.313238
0.312422
0.31161
0.310802
0.309996
0.309194
0.308396
0.307601
0.306809
0.30602
0.305235
0.304453
0.303675
0.3029
0.302128
0.30136
0.300595
0.299834
0.299076
0.298321
0.29757
0.296822
0.296077
0.295336
0.294598
0.293864
0.293133
0.292405
0.29168
0.290959
0.290241
0.289527
0.288816
0.288108
0.287403
0.286702
0.286004
0.28531
0.284618
0.28393
0.283245
0.282564
0.281885
0.28121
0.280538
0.27987
0.279204
0.278542
0.277883
0.277227
0.276574
0.275924
0.275278
0.274634
0.273994
0.273357
0.272723
0.272092
0.271464
0.270839
0.270217
0.269598
0.268982
0.268369
0.26776
0.267153
0.266549
0.265948
0.26535
0.264755
0.264163
0.263574
0.262988
0.262404
0.261824
0.261246
0.260671
0.260099
0.25953
0.258964
0.2584
0.257839
0.257281
0.256726
0.256173
0.255623
0.255076
0.254532
0.25399
0.253451
0.252914
0.25238
0.251849
0.251321
0.250795
0.250271
0.24975
0.249232
0.248716
0.248203
0.247693
0.247185
0.246679
0.246176
0.245675
0.245177
0.244681
0.244188
0.243697
0.243208
0.242722
0.242238
0.241757
0.241278
0.240801
0.240327
0.239855
0.239385
0.238917
0.238452
0.237989
0.237529
0.23707
0.236614
0.23616
0.235708
0.235259
0.234811
0.234366
0.233923
0.233482
0.233043
0.232606
0.232172
0.231739
0.231309
0.23088
0.230454
0.23003
0.229607
0.229187
0.228769
0.228353
0.227939
0.227526
0.227116
0.226708
0.226301
0.225897
0.225494
0.225094
0.224695
0.224298
0.223903
0.22351
0.223119
0.22273
0.222342
0.221957
0.221573
0.221191
0.22081
0.220432
0.220055
0.21968
0.219307
0.218936
0.218566
0.218198
0.217832
0.217467
0.217104
0.216743
0.216384
0.216026
0.21567
0.215315
0.214962
0.214611
0.214261
0.213913
0.213567
0.213222
0.212879
0.212537
0.212197
0.211858
0.211521
0.211186
0.210852
0.210519
0.210188
0.209859
0.209531
0.209205
0.20888
0.208556
0.208234
0.207914
0.207595
0.207277
0.206961
0.206646
0.206333
0.206021
0.20571
0.205401
0.205093
0.204787
0.204482
0.204178
0.203876
0.203575
0.203275
0.202977
0.20268
0.202384
0.20209
0.201797
0.201505
0.201214
0.200925
0.200637
0.200351
0.200065
0.199781
0.199498
0.199217
0.198936
0.198657
0.198379
0.198102
0.197827
0.197552
0.197279
0.197007
0.196737
0.196467
0.196199
0.195931
0.195665
0.1954
0.195136
0.194874
0.194612
0.194352
0.194093
0.193834
0.193577
0.193321
0.193067
0.192813
0.19256
0.192309
0.192058
0.191809
0.19156
0.191313
0.191067
0.190821
0.190577
0.190334
0.190092
0.189851
0.189611
0.189372
0.189134
0.188897
0.188661
0.188426
0.188192
0.187959
0.187727
0.187496
0.187266
0.187036
0.186808
0.186581
0.186355
0.18613
0.185905
0.185682
0.185459
0.185238
0.185017
0.184797
0.184579
0.184361
0.184144
0.183928
0.183712
0.183498
0.183285
0.183072
0.182861
0.18265
0.18244
0.182231
0.182023
0.181816
0.181609
0.181404
0.181199
0.180995
0.180792
0.18059
0.180389
0.180188
0.179988
0.17979
0.179592
0.179394
0.179198
0.179002
0.178807
0.178613
0.17842
0.178228
0.178036
0.177845
0.177655
0.177466
0.177277
0.17709
0.176903
0.176717
0.176531
0.176346
0.176162
0.175979
0.175797
0.175615
0.175434
0.175254
0.175075
0.174896
0.174718
0.17454
0.174364
0.174188
0.174013
0.173838
0.173665
0.173492
0.173319
0.173148
0.172977
0.172807
0.172637
0.172468
0.1723
0.172133
0.171966
0.1718
0.171635
0.17147
0.171306
0.171142
0.17098
0.170817
0.170656
0.170495
0.170335
0.170176
0.170017
0.169859
0.169701
0.169544
0.169388
0.169232
0.169077
0.168923
0.168769
0.168616
0.168464
0.168312
0.168161
0.16801
0.16786
0.167711
0.167562
0.167414
0.167266
0.167119
0.166973
0.166827
0.166682
0.166537
0.166393
0.166249
0.166107
0.165964
0.165823
0.165682
0.165541
0.165401
0.165262
0.165123
0.164985
0.164847
0.16471
0.164573
0.164437
0.164302
0.164167
0.164032
0.163899
0.163765
0.163633
0.163501
0.163369
0.163238
0.163107
0.162977
0.162848
0.162719
0.162591
0.162463
0.162335
0.162209
0.162082
0.161957
0.161831
0.161707
0.161582
0.161459
0.161336
0.161213
0.161091
0.160969
0.160848
0.160727
0.160607
0.160487
0.160368
0.16025
0.160132
0.160014
0.159897
0.15978
0.159664
0.159548
0.159433
0.159318
0.159204
0.15909
0.158977
0.158864
0.158752
0.15864
0.158529
0.158418
0.158307
0.158197
0.158088
0.157979
0.15787
0.157762
0.157655
0.157547
0.157441
0.157334
0.157229
0.157123
0.157018
0.156914
0.15681
0.156706
0.156603
0.1565
0.156398
0.156296
0.156195
0.156094
0.155994
0.155894
0.155794
0.155695
0.155596
0.155498
0.1554
0.155303
0.155206
0.155109
0.155013
0.154917
0.154822
0.154727
0.154633
0.154539
0.154445
0.154352
0.154259
0.154167
0.154075
0.153983
0.153892
0.153802
0.153711
0.153621
0.153532
0.153443
0.153354
0.153266
0.153178
0.153091
0.153003
0.152917
0.152831
0.152745
0.152659
0.152574
0.152489
0.152405
0.152321
0.152238
0.152155
0.152072
0.151989
0.151908
0.151826
0.151745
0.151664
0.151583
0.151503
0.151424
0.151344
0.151266
0.151187
0.151109
0.151031
0.150954
0.150877
0.1508
0.150724
0.150648
0.150572
0.150497
0.150422
0.150348
0.150274
0.1502
0.150127
0.150054
0.149981
0.149909
0.149837
0.149765
0.149694
0.149623
0.149553
0.149483
0.149413
0.149344
0.149275
0.149206
0.149138
0.14907
0.149002
0.148935
0.148868
0.148801
0.148735
0.148669
0.148603
0.148538
0.148473
0.148409
0.148345
0.148281
0.148217
0.148154
0.148091
0.148029
0.147967
0.147905
0.147844
0.147782
0.147722
0.147661
0.147601
0.147541
0.147482
0.147423
0.147364
0.147305
0.147247
0.147189
0.147132
0.147075
0.147018
0.146961
0.146905
0.146849
0.146794
0.146739
0.146684
0.146629
0.146575
0.146521
0.146468
0.146414
0.146361
0.146309
0.146256
0.146204
0.146153
0.146101
0.14605
0.146
0.145949
0.145899
0.145849
0.1458
0.145751
0.145702
0.145653
0.145605
0.145557
0.145509
0.145462
0.145415
0.145368
0.145322
0.145276
0.14523
0.145185
0.145139
0.145094
0.14505
0.145006
0.144962
0.144918
0.144875
0.144832
0.144789
0.144746
0.144704
0.144662
0.144621
0.144579
0.144539
0.144498
0.144457
0.144417
0.144378
0.144338
0.144299
0.14426
0.144221
0.144183
0.144145
0.144107
0.14407
0.144033
0.143996
0.143959
0.143923
0.143887
0.143851
0.143816
0.143781
0.143746
0.143711
0.143677
0.143643
0.143609
0.143576
0.143543
0.14351
0.143477
0.143445
0.143413
0.143381
0.14335
0.143319
0.143288
0.143257
0.143227
0.143197
0.143167
0.143138
0.143109
0.14308
0.143051
0.143023
0.142995
0.142967
0.142939
0.142912
0.142885
0.142858
0.142832
0.142806
0.14278
0.142754
0.142729
0.142704
0.142679
0.142655
0.142631
0.142607
0.142583
0.14256
0.142536
0.142514
0.142491
0.142469
0.142447
0.142425
0.142403
0.142382
0.142361
0.14234
0.14232
0.1423
0.14228
0.14226
0.142241
0.142222
0.142203
0.142184
0.142166
0.142148
0.14213
0.142113
0.142096
0.142079
0.142062
0.142045
0.142029
0.142013
0.141998
0.141982
0.141967
0.141952
0.141938
0.141923
0.141909
0.141895
0.141882
0.141869
0.141856
0.141843
0.14183
0.141818
0.141806
0.141794
0.141783
0.141772
0.141761
0.14175
0.14174
0.141729
0.141719
0.14171
0.1417
0.141691
0.141682
0.141674
0.141665
0.141657
0.141649
0.141642
0.141634
0.141627
0.14162
0.141614
0.141608
0.141602
0.141596
0.14159
0.141585
0.14158
0.141575
0.14157
0.141566
0.141562
0.141558
0.141555
0.141552
0.141549
0.141546
0.141543
0.141541
0.141539
0.141537
0.141536
0.141535
0.141534
0.141533
0.141532
0.141532
0.141532
0.141532
0.141533
0.141534
0.141535
0.141536
0.141538
0.141539
0.141541
0.141544
0.141546
0.141549
0.141552
0.141555
0.141559
0.141563
0.141567
0.141571
0.141576
0.14158
0.141585
0.141591
0.141596
0.141602
0.141608
0.141614
0.141621
0.141628
0.141635
0.141642
0.14165
0.141657
0.141665
0.141674
0.141682
0.141691
0.1417
0.141709
0.141719
0.141729
0.141739
0.141749
0.141759
0.14177
0.141781
0.141792
0.141804
0.141816
0.141828
0.14184
0.141852
0.141865
0.141878
0.141891
0.141905
0.141919
0.141933
0.141947
0.141961
0.141976
0.141991
0.142006
0.142022
0.142038
0.142054
0.14207
0.142086
0.142103
0.14212
0.142137
0.142155
0.142172
0.14219
0.142209
0.142227
0.142246
0.142265
0.142284
0.142303
0.142323
0.142343
0.142363
0.142384
0.142404
0.142425
0.142447
0.142468
0.14249
0.142512
0.142534
0.142556
0.142579
0.142602
0.142625
0.142649
0.142672
0.142696
0.14272
0.142745
0.14277
0.142794
0.14282
0.142845
0.142871
0.142897
0.142923
0.142949
0.142976
0.143003
0.14303
0.143058
0.143085
0.143113
0.143141
0.14317
0.143198
0.143227
0.143257
0.143286
0.143316
0.143346
0.143376
0.143406
0.143437
0.143468
0.143499
0.143531
0.143562
0.143594
0.143627
0.143659
0.143692
0.143725
0.143758
0.143791
0.143825
0.143859
0.143893
0.143928
0.143963
0.143998
0.144033
0.144068
0.144104
0.14414
0.144176
0.144213
0.14425
0.144287
0.144324
0.144362
0.144399
0.144437
0.144476
0.144514
0.144553
0.144592
0.144632
0.144671
0.144711
0.144751
0.144791
0.144832
0.144873
0.144914
0.144956
0.144997
0.145039
0.145081
0.145124
0.145166
0.145209
0.145253
0.145296
0.14534
0.145384
0.145428
0.145473
0.145517
0.145562
0.145608
0.145653
0.145699
0.145745
0.145792
0.145838
0.145885
0.145932
0.14598
0.146027
0.146075
0.146123
0.146172
0.146221
0.14627
0.146319
0.146368
0.146418
0.146468
0.146519
0.146569
0.14662
0.146671
0.146723
0.146774
0.146826
0.146878
0.146931
0.146984
0.147037
0.14709
0.147143
0.147197
0.147251
0.147306
0.14736
0.147415
0.14747
0.147526
0.147582
0.147638
0.147694
0.14775
0.147807
0.147864
0.147922
0.147979
0.148037
0.148095
0.148154
0.148213
0.148272
0.148331
0.148391
0.14845
0.148511
0.148571
0.148632
0.148693
0.148754
0.148815
0.148877
0.148939
0.149002
0.149064
0.149127
0.149191
0.149254
0.149318
0.149382
0.149446
0.149511
0.149576
0.149641
0.149707
0.149772
0.149838
0.149905
0.149971
0.150038
0.150106
0.150173
0.150241
0.150309
0.150377
0.150446
0.150515
0.150584
0.150654
0.150724
0.150794
0.150864
0.150935
0.151006
0.151077
0.151149
0.151221
0.151293
0.151365
0.151438
0.151511
0.151585
0.151658
0.151732
0.151807
0.151881
0.151956
0.152031
0.152107
0.152182
0.152258
0.152335
0.152412
0.152489
0.152566
0.152643
0.152721
0.1528
0.152878
0.152957
0.153036
0.153116
0.153195
0.153275
0.153356
0.153436
0.153517
0.153599
0.15368
0.153762
0.153845
0.153927
0.15401
0.154093
0.154177
0.154261
0.154345
0.154429
0.154514
0.154599
0.154684
0.15477
0.154856
0.154943
0.155029
0.155116
0.155204
0.155291
0.155379
0.155468
0.155556
0.155645
0.155735
0.155824
0.155914
0.156005
0.156095
0.156186
0.156277
0.156369
0.156461
0.156553
0.156646
0.156739
0.156832
0.156926
0.15702
0.157114
0.157209
0.157304
0.157399
0.157495
0.157591
0.157687
0.157784
0.157881
0.157978
0.158076
0.158174
0.158272
0.158371
0.15847
0.15857
0.158669
0.158769
0.15887
0.158971
0.159072
0.159174
0.159276
0.159378
0.15948
0.159583
0.159687
0.15979
0.159894
0.159999
0.160104
0.160209
0.160314
0.16042
0.160526
0.160633
0.16074
0.160847
0.160955
0.161063
0.161172
0.16128
0.16139
0.161499
0.161609
0.161719
0.16183
0.161941
0.162052
0.162164
0.162276
0.162389
0.162502
0.162615
0.162729
0.162843
0.162958
0.163072
0.163188
0.163303
0.163419
0.163536
0.163653
0.16377
0.163887
0.164005
0.164124
0.164242
0.164362
0.164481
0.164601
0.164721
0.164842
0.164963
0.165085
0.165207
0.165329
0.165452
0.165575
0.165699
0.165823
0.165947
0.166072
0.166197
0.166323
0.166449
0.166575
0.166702
0.16683
0.166957
0.167086
0.167214
0.167343
0.167473
0.167602
0.167733
0.167863
0.167995
0.168126
0.168258
0.16839
0.168523
0.168657
0.16879
0.168924
0.169059
0.169194
0.16933
0.169466
0.169602
0.169739
0.169876
0.170014
0.170152
0.17029
0.170429
0.170569
0.170709
0.170849
0.17099
0.171131
0.171273
0.171415
0.171558
0.171701
0.171845
0.171989
0.172134
0.172279
0.172424
0.17257
0.172717
0.172863
0.173011
0.173159
0.173307
0.173456
0.173605
0.173755
0.173905
0.174056
0.174207
0.174359
0.174511
0.174664
0.174817
0.174971
0.175125
0.17528
0.175435
0.175591
0.175747
0.175904
0.176061
0.176219
0.176377
0.176536
0.176695
0.176855
0.177015
0.177176
0.177337
0.177499
0.177661
0.177824
0.177987
0.178151
0.178316
0.178481
0.178646
0.178812
0.178979
0.179146
0.179314
0.179482
0.179651
0.17982
0.17999
0.18016
0.180331
0.180503
0.180675
0.180848
0.181021
0.181194
0.181369
0.181544
0.181719
0.181895
0.182072
0.182249
0.182426
0.182605
0.182783
0.182963
0.183143
0.183323
0.183505
0.183686
0.183869
0.184052
0.184235
0.184419
0.184604
0.184789
0.184975
0.185162
0.185349
0.185537
0.185725
0.185914
0.186104
0.186294
0.186485
0.186676
0.186868
0.187061
0.187254
0.187448
0.187643
0.187838
0.188034
0.18823
0.188427
0.188625
0.188823
0.189023
0.189222
0.189423
0.189624
0.189825
0.190028
0.190231
0.190434
0.190639
0.190844
0.191049
0.191256
0.191463
0.19167
0.191879
0.192088
0.192298
0.192508
0.192719
0.192931
0.193144
0.193357
0.193571
0.193785
0.194001
0.194217
0.194434
0.194651
0.194869
0.195088
0.195308
0.195528
0.195749
0.195971
0.196194
0.196417
0.196641
0.196866
0.197092
0.197318
0.197545
0.197773
0.198001
0.198231
0.198461
0.198692
0.198923
0.199156
0.199389
0.199623
0.199858
0.200093
0.20033
0.200567
0.200805
0.201044
0.201283
0.201524
0.201765
0.202007
0.20225
0.202493
0.202738
0.202983
0.203229
0.203476
0.203724
0.203972
0.204222
0.204472
0.204723
0.204975
0.205228
0.205482
0.205736
0.205992
0.206248
0.206505
0.206764
0.207023
0.207282
0.207543
0.207805
0.208067
0.208331
0.208595
0.20886
0.209127
0.209394
0.209662
0.209931
0.210201
0.210471
0.210743
0.211016
0.21129
0.211564
0.21184
0.212116
0.212394
0.212672
0.212952
0.213232
0.213513
0.213796
0.214079
0.214363
0.214649
0.214935
0.215222
0.215511
0.2158
0.21609
0.216382
0.216674
0.216968
0.217262
0.217558
0.217854
0.218152
0.218451
0.218751
0.219051
0.219353
0.219656
0.21996
0.220266
0.220572
0.220879
0.221188
0.221497
0.221808
0.22212
0.222433
0.222747
0.223062
0.223378
0.223696
0.224014
0.224334
0.224655
0.224977
0.2253
0.225625
0.22595
0.226277
0.226605
0.226934
0.227265
0.227596
0.227929
0.228263
0.228599
0.228935
0.229273
0.229612
0.229952
0.230294
0.230637
0.230981
0.231326
0.231673
0.23202
0.23237
0.23272
0.233072
0.233425
0.23378
0.234135
0.234493
0.234851
0.235211
0.235572
0.235934
0.236298
0.236664
0.23703
0.237398
0.237768
0.238139
0.238511
0.238885
0.23926
0.239636
0.240014
0.240394
0.240774
0.241157
0.241541
0.241926
0.242313
0.242701
0.243091
0.243482
0.243875
0.244269
0.244665
0.245062
0.245461
0.245862
0.246264
0.246667
0.247073
0.247479
0.247888
0.248298
0.248709
0.249123
0.249538
0.249954
0.250372
0.250792
0.251214
0.251637
0.252062
0.252488
0.252916
0.253346
0.253778
0.254212
0.254647
0.255084
0.255522
0.255963
0.256405
0.256849
0.257295
0.257743
0.258192
0.258643
0.259096
0.259551
0.260008
0.260467
0.260928
0.26139
0.261855
0.262321
0.262789
0.263259
0.263731
0.264206
0.264682
0.26516
0.26564
0.266122
0.266606
0.267092
0.26758
0.26807
0.268562
0.269057
0.269553
0.270052
0.270552
0.271055
0.27156
0.272067
0.272576
0.273088
0.273601
0.274117
0.274635
0.275155
0.275678
0.276202
0.276729
0.277258
0.27779
0.278324
0.27886
0.279399
0.279939
0.280483
0.281028
0.281576
0.282127
0.28268
0.283235
0.283793
0.284353
0.284915
0.285481
0.286048
0.286619
0.287191
0.287767
0.288345
0.288925
0.289508
0.290094
0.290683
0.291274
0.291867
0.292464
0.293063
0.293665
0.29427
0.294877
0.295487
0.2961
0.296716
0.297335
0.297956
0.298581
0.299208
0.299838
0.300471
0.301108
0.301747
0.302389
0.303034
0.303682
0.304333
0.304987
0.305645
0.306305
0.306969
0.307635
0.308305
0.308978
0.309655
0.310334
0.311017
0.311703
0.312393
0.313085
0.313781
0.314481
0.315184
0.31589
0.3166
0.317313
0.31803
0.31875
0.319474
0.320201
0.320932
0.321667
0.322405
0.323147
0.323892
0.324641
0.325395
0.326151
0.326912
0.327676
0.328445
0.329217
0.329993
0.330773
0.331557
0.332345
0.333137
0.333933
0.334733
0.335538
0.336346
0.337159
0.337976
0.338797
0.339622
0.340452
0.341286
0.342124
0.342967
0.343814
0.344666
0.345522
0.346383
0.347248
0.348118
0.348993
0.349872
0.350756
0.351644
0.352538
0.353436
0.354339
0.355247
0.35616
0.357078
0.358001
0.358929
0.359862
0.3608
0.361744
0.362692
0.363646
0.364606
0.36557
0.36654
0.367515
0.368496
0.369482
0.370474
0.371472
0.372475
0.373484
0.374498
0.375518
0.376545
0.377577
0.378615
0.379659
0.380709
0.381765
0.382827
0.383895
0.38497
0.386051
0.387138
0.388232
0.389332
0.390439
0.391552
0.392672
0.393798
0.394932
0.396072
0.397218
0.398372
0.399533
0.400701
0.401876
0.403058
0.404247
0.403423
0.402592
0.401755
0.400912
0.400062
0.399207
0.398346
0.39748
0.396609
0.395733
0.394852
0.393967
0.393078
0.392185
0.391288
0.390388
0.389484
0.388577
0.387667
0.386755
0.38584
0.384922
0.384003
0.383081
0.382157
0.381232
0.380305
0.379376
0.378447
0.377516
0.376584
0.375651
0.374718
0.373784
0.37285
0.371915
0.37098
0.370045
0.36911
0.368175
0.367241
0.366307
0.365373
0.36444
0.363507
0.362575
0.361645
0.360715
0.359786
0.358858
0.357931
0.357006
0.356082
0.355159
0.354238
0.353319
0.352401
0.351485
0.35057
0.349658
0.348747
0.347839
0.346932
0.346027
0.345125
0.344225
0.343327
0.342431
0.341538
0.340647
0.339758
0.338872
0.337989
0.337108
0.336229
0.335354
0.33448
0.33361
0.332742
0.331877
0.331015
0.330156
0.329299
0.328446
0.327595
0.326747
0.325902
0.32506
0.324221
0.323386
0.322553
0.321723
0.320896
0.320072
0.319252
0.318434
0.31762
0.316809
0.316001
0.315196
0.314394
0.313596
0.312801
0.312008
0.31122
0.310434
0.309651
0.308872
0.308096
0.307324
0.306554
0.305788
0.305025
0.304265
0.303509
0.302755
0.302005
0.301259
0.300515
0.299775
0.299038
0.298305
0.297574
0.296847
0.296123
0.295402
0.294685
0.293971
0.29326
0.292552
0.291848
0.291146
0.290448
0.289753
0.289062
0.288373
0.287688
0.287006
0.286327
0.285651
0.284978
0.284309
0.283643
0.28298
0.28232
0.281663
0.281009
0.280358
0.27971
0.279066
0.278424
0.277786
0.277151
0.276518
0.275889
0.275263
0.274639
0.274019
0.273402
0.272787
0.272176
0.271568
0.270962
0.27036
0.26976
0.269163
0.268569
0.267978
0.26739
0.266805
0.266223
0.265643
0.265066
0.264493
0.263921
0.263353
0.262788
0.262225
0.261665
0.261107
0.260553
0.260001
0.259452
0.258905
0.258361
0.25782
0.257282
0.256746
0.256213
0.255682
0.255154
0.254628
0.254105
0.253585
0.253067
0.252552
0.252039
0.251529
0.251021
0.250516
0.250013
0.249513
0.249015
0.24852
0.248027
0.247536
0.247048
0.246562
0.246078
0.245597
0.245118
0.244642
0.244168
0.243696
0.243226
0.242759
0.242294
0.241831
0.241371
0.240913
0.240457
0.240003
0.239551
0.239102
0.238655
0.23821
0.237767
0.237326
0.236887
0.236451
0.236016
0.235584
0.235153
0.234725
0.234299
0.233875
0.233453
0.233033
0.232615
0.232199
0.231785
0.231373
0.230963
0.230554
0.230148
0.229744
0.229342
0.228941
0.228543
0.228146
0.227751
0.227359
0.226968
0.226578
0.226191
0.225806
0.225422
0.22504
0.22466
0.224282
0.223905
0.223531
0.223158
0.222786
0.222417
0.222049
0.221683
0.221319
0.220956
0.220595
0.220236
0.219879
0.219523
0.219169
0.218816
0.218465
0.218116
0.217768
0.217422
0.217077
0.216735
0.216393
0.216053
0.215715
0.215379
0.215044
0.21471
0.214378
0.214048
0.213719
0.213391
0.213065
0.212741
0.212418
0.212096
0.211776
0.211457
0.21114
0.210825
0.21051
0.210197
0.209886
0.209576
0.209267
0.20896
0.208654
0.20835
0.208047
0.207745
0.207445
0.207146
0.206848
0.206551
0.206256
0.205963
0.20567
0.205379
0.205089
0.204801
0.204514
0.204228
0.203943
0.20366
0.203378
0.203097
0.202817
0.202539
0.202261
0.201985
0.201711
0.201437
0.201165
0.200894
0.200624
0.200355
0.200087
0.199821
0.199556
0.199292
0.199029
0.198767
0.198507
0.198247
0.197989
0.197732
0.197475
0.19722
0.196967
0.196714
0.196462
0.196212
0.195962
0.195714
0.195466
0.19522
0.194975
0.194731
0.194488
0.194246
0.194005
0.193765
0.193526
0.193288
0.193051
0.192815
0.19258
0.192347
0.192114
0.191882
0.191651
0.191421
0.191192
0.190964
0.190738
0.190512
0.190287
0.190063
0.189839
0.189617
0.189396
0.189176
0.188957
0.188738
0.188521
0.188304
0.188089
0.187874
0.18766
0.187447
0.187236
0.187024
0.186814
0.186605
0.186397
0.186189
0.185982
0.185777
0.185572
0.185368
0.185165
0.184962
0.184761
0.18456
0.18436
0.184161
0.183963
0.183766
0.18357
0.183374
0.183179
0.182985
0.182792
0.1826
0.182408
0.182218
0.182028
0.181838
0.18165
0.181463
0.181276
0.18109
0.180905
0.18072
0.180537
0.180354
0.180171
0.17999
0.17981
0.17963
0.179451
0.179272
0.179095
0.178918
0.178742
0.178566
0.178392
0.178218
0.178044
0.177872
0.1777
0.177529
0.177359
0.177189
0.17702
0.176852
0.176685
0.176518
0.176352
0.176186
0.176022
0.175858
0.175694
0.175532
0.17537
0.175208
0.175048
0.174888
0.174728
0.17457
0.174412
0.174255
0.174098
0.173942
0.173787
0.173632
0.173478
0.173324
0.173172
0.17302
0.172868
0.172717
0.172567
0.172418
0.172269
0.17212
0.171973
0.171826
0.171679
0.171533
0.171388
0.171243
0.171099
0.170956
0.170813
0.170671
0.170529
0.170388
0.170248
0.170108
0.169969
0.16983
0.169692
0.169555
0.169418
0.169282
0.169146
0.169011
0.168876
0.168742
0.168609
0.168476
0.168344
0.168212
0.168081
0.16795
0.16782
0.167691
0.167562
0.167433
0.167305
0.167178
0.167051
0.166925
0.1668
0.166674
0.16655
0.166426
0.166302
0.166179
0.166057
0.165935
0.165813
0.165693
0.165572
0.165452
0.165333
0.165214
0.165096
0.164978
0.164861
0.164744
0.164628
0.164512
0.164397
0.164282
0.164168
0.164055
0.163941
0.163829
0.163716
0.163605
0.163493
0.163383
0.163273
0.163163
0.163054
0.162945
0.162836
0.162729
0.162621
0.162514
0.162408
0.162302
0.162197
0.162092
0.161987
0.161883
0.16178
0.161677
0.161574
0.161472
0.16137
0.161269
0.161168
0.161068
0.160968
0.160869
0.16077
0.160671
0.160573
0.160476
0.160379
0.160282
0.160186
0.16009
0.159995
0.1599
0.159805
0.159711
0.159618
0.159525
0.159432
0.15934
0.159248
0.159156
0.159065
0.158975
0.158885
0.158795
0.158706
0.158617
0.158529
0.158441
0.158353
0.158266
0.158179
0.158093
0.158007
0.157922
0.157837
0.157752
0.157668
0.157584
0.157501
0.157418
0.157335
0.157253
0.157171
0.15709
0.157009
0.156928
0.156848
0.156768
0.156689
0.15661
0.156531
0.156453
0.156376
0.156298
0.156221
0.156145
0.156068
0.155993
0.155917
0.155842
0.155768
0.155693
0.15562
0.155546
0.155473
0.1554
0.155328
0.155256
0.155185
0.155113
0.155043
0.154972
0.154902
0.154833
0.154763
0.154694
0.154626
0.154558
0.15449
0.154422
0.154355
0.154289
0.154222
0.154157
0.154091
0.154026
0.153961
0.153896
0.153832
0.153769
0.153705
0.153642
0.153579
0.153517
0.153455
0.153394
0.153332
0.153272
0.153211
0.153151
0.153091
0.153032
0.152972
0.152914
0.152855
0.152797
0.15274
0.152682
0.152625
0.152569
0.152512
0.152456
0.152401
0.152345
0.15229
0.152236
0.152182
0.152128
0.152074
0.152021
0.151968
0.151916
0.151863
0.151812
0.15176
0.151709
0.151658
0.151607
0.151557
0.151507
0.151458
0.151409
0.15136
0.151311
0.151263
0.151215
0.151168
0.151121
0.151074
0.151027
0.150981
0.150935
0.15089
0.150844
0.150799
0.150755
0.150711
0.150667
0.150623
0.15058
0.150537
0.150494
0.150452
0.15041
0.150368
0.150327
0.150286
0.150245
0.150205
0.150164
0.150125
0.150085
0.150046
0.150007
0.149969
0.14993
0.149893
0.149855
0.149818
0.149781
0.149744
0.149708
0.149672
0.149636
0.149601
0.149566
0.149531
0.149496
0.149462
0.149428
0.149395
0.149362
0.149329
0.149296
0.149264
0.149232
0.1492
0.149168
0.149137
0.149107
0.149076
0.149046
0.149016
0.148986
0.148957
0.148928
0.148899
0.148871
0.148843
0.148815
0.148787
0.14876
0.148733
0.148707
0.14868
0.148654
0.148629
0.148603
0.148578
0.148553
0.148529
0.148504
0.148481
0.148457
0.148434
0.14841
0.148388
0.148365
0.148343
0.148321
0.148299
0.148278
0.148257
0.148236
0.148216
0.148196
0.148176
0.148156
0.148137
0.148118
0.148099
0.148081
0.148063
0.148045
0.148027
0.14801
0.147993
0.147976
0.14796
0.147944
0.147928
0.147912
0.147897
0.147882
0.147867
0.147853
0.147839
0.147825
0.147811
0.147798
0.147785
0.147772
0.14776
0.147748
0.147736
0.147724
0.147713
0.147702
0.147691
0.147681
0.14767
0.14766
0.147651
0.147641
0.147632
0.147624
0.147615
0.147607
0.147599
0.147591
0.147584
0.147577
0.14757
0.147563
0.147557
0.147551
0.147545
0.14754
0.147534
0.14753
0.147525
0.147521
0.147516
0.147513
0.147509
0.147506
0.147503
0.1475
0.147498
0.147496
0.147494
0.147492
0.147491
0.14749
0.147489
0.147488
0.147488
0.147488
0.147488
0.147489
0.14749
0.147491
0.147492
0.147494
0.147496
0.147498
0.147501
0.147504
0.147507
0.14751
0.147513
0.147517
0.147521
0.147526
0.14753
0.147535
0.147541
0.147546
0.147552
0.147558
0.147564
0.147571
0.147578
0.147585
0.147592
0.1476
0.147608
0.147616
0.147624
0.147633
0.147642
0.147651
0.147661
0.147671
0.147681
0.147691
0.147702
0.147713
0.147724
0.147735
0.147747
0.147759
0.147771
0.147784
0.147796
0.147809
0.147823
0.147836
0.14785
0.147864
0.147879
0.147893
0.147908
0.147924
0.147939
0.147955
0.147971
0.147987
0.148004
0.148021
0.148038
0.148055
0.148073
0.148091
0.148109
0.148127
0.148146
0.148165
0.148184
0.148204
0.148223
0.148244
0.148264
0.148284
0.148305
0.148326
0.148348
0.14837
0.148392
0.148414
0.148436
0.148459
0.148482
0.148505
0.148529
0.148553
0.148577
0.148601
0.148626
0.148651
0.148676
0.148702
0.148727
0.148753
0.14878
0.148806
0.148833
0.14886
0.148887
0.148915
0.148943
0.148971
0.149
0.149028
0.149057
0.149087
0.149116
0.149146
0.149176
0.149206
0.149237
0.149268
0.149299
0.149331
0.149362
0.149394
0.149427
0.149459
0.149492
0.149525
0.149558
0.149592
0.149626
0.14966
0.149695
0.149729
0.149764
0.1498
0.149835
0.149871
0.149907
0.149944
0.14998
0.150017
0.150055
0.150092
0.15013
0.150168
0.150206
0.150245
0.150284
0.150323
0.150362
0.150402
0.150442
0.150482
0.150523
0.150564
0.150605
0.150646
0.150688
0.15073
0.150772
0.150815
0.150857
0.1509
0.150944
0.150987
0.151031
0.151076
0.15112
0.151165
0.15121
0.151255
0.151301
0.151347
0.151393
0.151439
0.151486
0.151533
0.15158
0.151628
0.151676
0.151724
0.151772
0.151821
0.15187
0.151919
0.151969
0.152019
0.152069
0.15212
0.15217
0.152221
0.152273
0.152324
0.152376
0.152428
0.152481
0.152534
0.152587
0.15264
0.152694
0.152748
0.152802
0.152856
0.152911
0.152966
0.153022
0.153077
0.153133
0.153189
0.153246
0.153303
0.15336
0.153417
0.153475
0.153533
0.153592
0.15365
0.153709
0.153768
0.153828
0.153888
0.153948
0.154008
0.154069
0.15413
0.154191
0.154253
0.154315
0.154377
0.154439
0.154502
0.154565
0.154629
0.154692
0.154756
0.154821
0.154885
0.15495
0.155016
0.155081
0.155147
0.155213
0.15528
0.155346
0.155414
0.155481
0.155549
0.155617
0.155685
0.155754
0.155822
0.155892
0.155961
0.156031
0.156101
0.156172
0.156243
0.156314
0.156385
0.156457
0.156529
0.156601
0.156674
0.156747
0.15682
0.156894
0.156968
0.157042
0.157117
0.157192
0.157267
0.157343
0.157419
0.157495
0.157571
0.157648
0.157725
0.157803
0.157881
0.157959
0.158037
0.158116
0.158195
0.158275
0.158355
0.158435
0.158515
0.158596
0.158677
0.158759
0.15884
0.158922
0.159005
0.159088
0.159171
0.159254
0.159338
0.159422
0.159507
0.159591
0.159676
0.159762
0.159848
0.159934
0.16002
0.160107
0.160194
0.160282
0.16037
0.160458
0.160546
0.160635
0.160725
0.160814
0.160904
0.160994
0.161085
0.161176
0.161267
0.161359
0.161451
0.161543
0.161636
0.161729
0.161823
0.161916
0.162011
0.162105
0.1622
0.162295
0.162391
0.162487
0.162583
0.16268
0.162777
0.162874
0.162972
0.16307
0.163168
0.163267
0.163366
0.163466
0.163566
0.163666
0.163767
0.163868
0.163969
0.164071
0.164173
0.164276
0.164379
0.164482
0.164586
0.16469
0.164794
0.164899
0.165004
0.16511
0.165216
0.165322
0.165429
0.165536
0.165643
0.165751
0.165859
0.165968
0.166077
0.166186
0.166296
0.166406
0.166517
0.166628
0.166739
0.166851
0.166963
0.167076
0.167189
0.167302
0.167416
0.16753
0.167644
0.167759
0.167875
0.167991
0.168107
0.168223
0.16834
0.168458
0.168576
0.168694
0.168812
0.168931
0.169051
0.169171
0.169291
0.169412
0.169533
0.169654
0.169776
0.169899
0.170022
0.170145
0.170269
0.170393
0.170517
0.170642
0.170767
0.170893
0.171019
0.171146
0.171273
0.171401
0.171529
0.171657
0.171786
0.171915
0.172045
0.172175
0.172306
0.172437
0.172568
0.1727
0.172833
0.172966
0.173099
0.173233
0.173367
0.173502
0.173637
0.173772
0.173908
0.174045
0.174182
0.174319
0.174457
0.174595
0.174734
0.174873
0.175013
0.175153
0.175294
0.175435
0.175577
0.175719
0.175862
0.176005
0.176148
0.176292
0.176437
0.176582
0.176727
0.176873
0.17702
0.177167
0.177314
0.177462
0.17761
0.177759
0.177909
0.178059
0.178209
0.17836
0.178511
0.178663
0.178816
0.178969
0.179122
0.179276
0.179431
0.179586
0.179741
0.179897
0.180054
0.180211
0.180368
0.180527
0.180685
0.180844
0.181004
0.181164
0.181325
0.181486
0.181648
0.181811
0.181973
0.182137
0.182301
0.182465
0.18263
0.182796
0.182962
0.183129
0.183296
0.183464
0.183632
0.183801
0.183971
0.184141
0.184312
0.184483
0.184655
0.184827
0.185
0.185173
0.185347
0.185522
0.185697
0.185873
0.186049
0.186226
0.186404
0.186582
0.186761
0.18694
0.18712
0.187301
0.187482
0.187663
0.187846
0.188029
0.188212
0.188396
0.188581
0.188767
0.188953
0.189139
0.189326
0.189514
0.189703
0.189892
0.190081
0.190272
0.190463
0.190654
0.190847
0.19104
0.191233
0.191427
0.191622
0.191818
0.192014
0.192211
0.192408
0.192606
0.192805
0.193004
0.193204
0.193405
0.193607
0.193809
0.194012
0.194215
0.194419
0.194624
0.194829
0.195036
0.195243
0.19545
0.195658
0.195867
0.196077
0.196287
0.196499
0.19671
0.196923
0.197136
0.19735
0.197565
0.19778
0.197996
0.198213
0.198431
0.198649
0.198868
0.199088
0.199308
0.199529
0.199751
0.199974
0.200198
0.200422
0.200647
0.200873
0.201099
0.201327
0.201555
0.201784
0.202013
0.202244
0.202475
0.202707
0.20294
0.203173
0.203408
0.203643
0.203879
0.204116
0.204353
0.204592
0.204831
0.205071
0.205312
0.205553
0.205796
0.206039
0.206283
0.206528
0.206774
0.207021
0.207269
0.207517
0.207766
0.208016
0.208267
0.208519
0.208772
0.209025
0.20928
0.209535
0.209792
0.210049
0.210307
0.210566
0.210825
0.211086
0.211348
0.21161
0.211874
0.212138
0.212403
0.21267
0.212937
0.213205
0.213474
0.213744
0.214015
0.214287
0.214559
0.214833
0.215108
0.215384
0.21566
0.215938
0.216217
0.216496
0.216777
0.217058
0.217341
0.217625
0.217909
0.218195
0.218481
0.218769
0.219058
0.219347
0.219638
0.21993
0.220223
0.220517
0.220812
0.221108
0.221405
0.221703
0.222002
0.222302
0.222603
0.222906
0.223209
0.223514
0.22382
0.224126
0.224434
0.224743
0.225054
0.225365
0.225677
0.225991
0.226305
0.226621
0.226938
0.227256
0.227576
0.227896
0.228218
0.228541
0.228865
0.22919
0.229516
0.229844
0.230173
0.230503
0.230834
0.231167
0.2315
0.231835
0.232171
0.232509
0.232848
0.233188
0.233529
0.233871
0.234215
0.23456
0.234907
0.235254
0.235603
0.235953
0.236305
0.236658
0.237012
0.237368
0.237725
0.238083
0.238443
0.238804
0.239166
0.23953
0.239895
0.240261
0.240629
0.240999
0.24137
0.241742
0.242115
0.24249
0.242867
0.243245
0.243624
0.244005
0.244387
0.244771
0.245156
0.245543
0.245931
0.246321
0.246713
0.247105
0.2475
0.247896
0.248293
0.248692
0.249093
0.249495
0.249899
0.250304
0.250711
0.25112
0.25153
0.251942
0.252355
0.25277
0.253187
0.253605
0.254025
0.254447
0.25487
0.255295
0.255722
0.256151
0.256581
0.257013
0.257447
0.257882
0.258319
0.258758
0.259199
0.259642
0.260086
0.260532
0.260981
0.26143
0.261882
0.262336
0.262791
0.263248
0.263708
0.264169
0.264632
0.265096
0.265563
0.266032
0.266503
0.266975
0.26745
0.267927
0.268405
0.268886
0.269368
0.269853
0.27034
0.270828
0.271319
0.271812
0.272307
0.272804
0.273303
0.273805
0.274308
0.274814
0.275321
0.275831
0.276343
0.276858
0.277374
0.277893
0.278414
0.278937
0.279463
0.27999
0.280521
0.281053
0.281588
0.282125
0.282664
0.283206
0.28375
0.284297
0.284845
0.285397
0.285951
0.286507
0.287066
0.287627
0.28819
0.288757
0.289325
0.289897
0.29047
0.291047
0.291626
0.292208
0.292792
0.293379
0.293968
0.29456
0.295155
0.295753
0.296353
0.296956
0.297562
0.298171
0.298782
0.299397
0.300014
0.300634
0.301256
0.301882
0.302511
0.303142
0.303777
0.304414
0.305055
0.305698
0.306344
0.306994
0.307647
0.308302
0.308961
0.309623
0.310288
0.310956
0.311627
0.312302
0.31298
0.313661
0.314345
0.315033
0.315724
0.316418
0.317116
0.317817
0.318522
0.31923
0.319941
0.320656
0.321374
0.322096
0.322822
0.323551
0.324284
0.32502
0.32576
0.326504
0.327251
0.328002
0.328757
0.329516
0.330278
0.331045
0.331815
0.332589
0.333367
0.334149
0.334935
0.335725
0.336519
0.337317
0.338119
0.338926
0.339736
0.340551
0.34137
0.342193
0.343021
0.343853
0.344689
0.345529
0.346374
0.347224
0.348078
0.348936
0.349799
0.350667
0.351539
0.352416
0.353297
0.354184
0.355075
0.355971
0.356871
0.357777
0.358687
0.359603
0.360523
0.361449
0.362379
0.363315
0.364256
0.365202
0.366153
0.367109
0.368071
0.369038
0.370011
0.370989
0.371973
0.372962
0.373956
0.374956
0.375962
0.376974
0.377991
0.379015
0.380044
0.381079
0.38212
0.383167
0.384219
0.385279
0.386344
0.387415
0.388493
0.389577
0.390667
0.391764
0.392867
0.393977
0.395094
0.396217
0.397346
0.398483
0.399626
0.400776
0.401933
0.403097
0.404268
0.403462
0.402648
0.401828
0.401002
0.40017
0.399332
0.398488
0.397639
0.396785
0.395926
0.395063
0.394195
0.393323
0.392447
0.391568
0.390684
0.389798
0.388908
0.388016
0.38712
0.386222
0.385322
0.384419
0.383514
0.382607
0.381699
0.380788
0.379877
0.378964
0.37805
0.377135
0.376219
0.375302
0.374384
0.373466
0.372548
0.371629
0.370711
0.369792
0.368873
0.367954
0.367036
0.366118
0.365201
0.364284
0.363368
0.362453
0.361538
0.360625
0.359713
0.358801
0.357891
0.356982
0.356075
0.355169
0.354264
0.353361
0.35246
0.35156
0.350663
0.349766
0.348872
0.34798
0.34709
0.346202
0.345316
0.344432
0.34355
0.342671
0.341794
0.340919
0.340047
0.339177
0.338309
0.337444
0.336582
0.335722
0.334865
0.33401
0.333158
0.332309
0.331462
0.330619
0.329778
0.32894
0.328104
0.327272
0.326442
0.325616
0.324792
0.323971
0.323154
0.322339
0.321527
0.320718
0.319913
0.31911
0.318311
0.317514
0.316721
0.31593
0.315143
0.314359
0.313578
0.3128
0.312026
0.311254
0.310486
0.30972
0.308958
0.308199
0.307444
0.306691
0.305942
0.305196
0.304453
0.303713
0.302976
0.302243
0.301513
0.300786
0.300062
0.299341
0.298624
0.29791
0.297199
0.296491
0.295786
0.295084
0.294386
0.293691
0.292998
0.292309
0.291624
0.290941
0.290261
0.289585
0.288912
0.288242
0.287575
0.286911
0.28625
0.285592
0.284937
0.284285
0.283637
0.282991
0.282349
0.281709
0.281073
0.280439
0.279809
0.279182
0.278557
0.277936
0.277317
0.276702
0.276089
0.275479
0.274873
0.274269
0.273668
0.27307
0.272475
0.271882
0.271293
0.270706
0.270122
0.269542
0.268963
0.268388
0.267816
0.267246
0.266679
0.266115
0.265553
0.264994
0.264438
0.263885
0.263334
0.262786
0.262241
0.261698
0.261158
0.260621
0.260086
0.259554
0.259024
0.258497
0.257973
0.257451
0.256932
0.256415
0.255901
0.255389
0.25488
0.254373
0.253869
0.253367
0.252868
0.252371
0.251876
0.251384
0.250895
0.250407
0.249922
0.24944
0.24896
0.248482
0.248006
0.247533
0.247062
0.246593
0.246127
0.245663
0.245201
0.244741
0.244284
0.243829
0.243376
0.242925
0.242476
0.24203
0.241586
0.241144
0.240704
0.240266
0.23983
0.239397
0.238965
0.238536
0.238108
0.237683
0.23726
0.236838
0.236419
0.236002
0.235587
0.235173
0.234762
0.234353
0.233946
0.23354
0.233137
0.232735
0.232336
0.231938
0.231542
0.231148
0.230756
0.230366
0.229978
0.229592
0.229207
0.228824
0.228443
0.228064
0.227686
0.227311
0.226937
0.226565
0.226195
0.225826
0.225459
0.225094
0.224731
0.224369
0.224009
0.223651
0.223294
0.222939
0.222586
0.222234
0.221884
0.221536
0.221189
0.220844
0.2205
0.220158
0.219818
0.219479
0.219142
0.218806
0.218472
0.21814
0.217809
0.217479
0.217151
0.216825
0.2165
0.216176
0.215854
0.215534
0.215215
0.214897
0.214581
0.214266
0.213953
0.213641
0.213331
0.213022
0.212714
0.212408
0.212103
0.2118
0.211498
0.211197
0.210898
0.2106
0.210304
0.210008
0.209715
0.209422
0.209131
0.208841
0.208552
0.208265
0.207979
0.207694
0.207411
0.207128
0.206848
0.206568
0.206289
0.206012
0.205736
0.205462
0.205188
0.204916
0.204645
0.204375
0.204106
0.203839
0.203573
0.203308
0.203044
0.202781
0.202519
0.202259
0.202
0.201742
0.201485
0.201229
0.200974
0.20072
0.200468
0.200217
0.199966
0.199717
0.199469
0.199222
0.198976
0.198731
0.198488
0.198245
0.198003
0.197763
0.197523
0.197285
0.197048
0.196811
0.196576
0.196341
0.196108
0.195876
0.195645
0.195414
0.195185
0.194957
0.19473
0.194503
0.194278
0.194054
0.19383
0.193608
0.193386
0.193166
0.192946
0.192728
0.19251
0.192294
0.192078
0.191863
0.191649
0.191436
0.191224
0.191013
0.190803
0.190593
0.190385
0.190178
0.189971
0.189765
0.18956
0.189356
0.189153
0.188951
0.18875
0.188549
0.18835
0.188151
0.187953
0.187756
0.18756
0.187364
0.18717
0.186976
0.186783
0.186591
0.1864
0.186209
0.18602
0.185831
0.185643
0.185456
0.185269
0.185084
0.184899
0.184715
0.184532
0.18435
0.184168
0.183987
0.183807
0.183628
0.183449
0.183271
0.183094
0.182918
0.182743
0.182568
0.182394
0.18222
0.182048
0.181876
0.181705
0.181535
0.181365
0.181196
0.181028
0.180861
0.180694
0.180528
0.180363
0.180198
0.180034
0.179871
0.179709
0.179547
0.179386
0.179226
0.179066
0.178907
0.178749
0.178591
0.178434
0.178278
0.178122
0.177967
0.177813
0.177659
0.177506
0.177354
0.177202
0.177051
0.176901
0.176751
0.176602
0.176454
0.176306
0.176159
0.176013
0.175867
0.175721
0.175577
0.175433
0.17529
0.175147
0.175005
0.174863
0.174722
0.174582
0.174443
0.174304
0.174165
0.174027
0.17389
0.173754
0.173618
0.173482
0.173347
0.173213
0.173079
0.172946
0.172814
0.172682
0.172551
0.17242
0.17229
0.17216
0.172031
0.171903
0.171775
0.171648
0.171521
0.171395
0.171269
0.171144
0.17102
0.170896
0.170772
0.170649
0.170527
0.170405
0.170284
0.170163
0.170043
0.169924
0.169805
0.169686
0.169568
0.169451
0.169334
0.169218
0.169102
0.168986
0.168872
0.168757
0.168644
0.16853
0.168418
0.168305
0.168194
0.168083
0.167972
0.167862
0.167752
0.167643
0.167534
0.167426
0.167318
0.167211
0.167105
0.166999
0.166893
0.166788
0.166683
0.166579
0.166475
0.166372
0.166269
0.166167
0.166065
0.165964
0.165863
0.165763
0.165663
0.165564
0.165465
0.165366
0.165269
0.165171
0.165074
0.164978
0.164881
0.164786
0.164691
0.164596
0.164502
0.164408
0.164315
0.164222
0.16413
0.164038
0.163946
0.163855
0.163765
0.163674
0.163585
0.163496
0.163407
0.163318
0.16323
0.163143
0.163056
0.162969
0.162883
0.162798
0.162712
0.162627
0.162543
0.162459
0.162376
0.162292
0.16221
0.162127
0.162046
0.161964
0.161883
0.161803
0.161723
0.161643
0.161564
0.161485
0.161406
0.161328
0.161251
0.161173
0.161097
0.16102
0.160944
0.160869
0.160794
0.160719
0.160644
0.160571
0.160497
0.160424
0.160351
0.160279
0.160207
0.160135
0.160064
0.159994
0.159923
0.159853
0.159784
0.159715
0.159646
0.159578
0.15951
0.159442
0.159375
0.159308
0.159242
0.159176
0.15911
0.159045
0.15898
0.158916
0.158852
0.158788
0.158725
0.158662
0.158599
0.158537
0.158475
0.158414
0.158353
0.158292
0.158232
0.158172
0.158112
0.158053
0.157994
0.157936
0.157878
0.15782
0.157763
0.157706
0.157649
0.157593
0.157537
0.157482
0.157427
0.157372
0.157318
0.157264
0.15721
0.157157
0.157104
0.157051
0.156999
0.156947
0.156895
0.156844
0.156794
0.156743
0.156693
0.156643
0.156594
0.156545
0.156496
0.156448
0.1564
0.156352
0.156305
0.156258
0.156212
0.156165
0.156119
0.156074
0.156029
0.155984
0.155939
0.155895
0.155851
0.155808
0.155765
0.155722
0.15568
0.155637
0.155596
0.155554
0.155513
0.155472
0.155432
0.155392
0.155352
0.155313
0.155274
0.155235
0.155197
0.155159
0.155121
0.155084
0.155046
0.15501
0.154973
0.154937
0.154902
0.154866
0.154831
0.154796
0.154762
0.154728
0.154694
0.154661
0.154628
0.154595
0.154562
0.15453
0.154498
0.154467
0.154436
0.154405
0.154374
0.154344
0.154314
0.154285
0.154256
0.154227
0.154198
0.15417
0.154142
0.154114
0.154087
0.15406
0.154033
0.154007
0.153981
0.153955
0.15393
0.153905
0.15388
0.153855
0.153831
0.153807
0.153784
0.153761
0.153738
0.153715
0.153693
0.153671
0.153649
0.153628
0.153607
0.153586
0.153566
0.153546
0.153526
0.153507
0.153487
0.153469
0.15345
0.153432
0.153414
0.153396
0.153379
0.153362
0.153345
0.153329
0.153313
0.153297
0.153282
0.153266
0.153252
0.153237
0.153223
0.153209
0.153195
0.153182
0.153169
0.153156
0.153144
0.153131
0.15312
0.153108
0.153097
0.153086
0.153075
0.153065
0.153055
0.153045
0.153036
0.153027
0.153018
0.153009
0.153001
0.152993
0.152986
0.152978
0.152971
0.152964
0.152958
0.152952
0.152946
0.152941
0.152935
0.15293
0.152926
0.152921
0.152917
0.152913
0.15291
0.152907
0.152904
0.152901
0.152899
0.152897
0.152895
0.152894
0.152893
0.152892
0.152892
0.152891
0.152891
0.152892
0.152892
0.152893
0.152895
0.152896
0.152898
0.1529
0.152903
0.152905
0.152908
0.152912
0.152915
0.152919
0.152923
0.152928
0.152932
0.152938
0.152943
0.152949
0.152954
0.152961
0.152967
0.152974
0.152981
0.152988
0.152996
0.153004
0.153012
0.153021
0.15303
0.153039
0.153048
0.153058
0.153068
0.153078
0.153089
0.1531
0.153111
0.153122
0.153134
0.153146
0.153158
0.153171
0.153184
0.153197
0.153211
0.153224
0.153238
0.153253
0.153267
0.153282
0.153298
0.153313
0.153329
0.153345
0.153361
0.153378
0.153395
0.153412
0.15343
0.153448
0.153466
0.153484
0.153503
0.153522
0.153541
0.153561
0.153581
0.153601
0.153621
0.153642
0.153663
0.153684
0.153706
0.153728
0.15375
0.153772
0.153795
0.153818
0.153842
0.153865
0.153889
0.153913
0.153938
0.153963
0.153988
0.154013
0.154039
0.154065
0.154091
0.154118
0.154144
0.154172
0.154199
0.154227
0.154255
0.154283
0.154312
0.15434
0.15437
0.154399
0.154429
0.154459
0.154489
0.15452
0.154551
0.154582
0.154613
0.154645
0.154677
0.15471
0.154742
0.154775
0.154809
0.154842
0.154876
0.15491
0.154945
0.154979
0.155015
0.15505
0.155085
0.155121
0.155158
0.155194
0.155231
0.155268
0.155305
0.155343
0.155381
0.155419
0.155458
0.155497
0.155536
0.155576
0.155615
0.155655
0.155696
0.155737
0.155778
0.155819
0.15586
0.155902
0.155944
0.155987
0.15603
0.156073
0.156116
0.15616
0.156204
0.156248
0.156293
0.156337
0.156383
0.156428
0.156474
0.15652
0.156566
0.156613
0.15666
0.156707
0.156755
0.156803
0.156851
0.1569
0.156948
0.156997
0.157047
0.157097
0.157147
0.157197
0.157248
0.157299
0.15735
0.157402
0.157453
0.157506
0.157558
0.157611
0.157664
0.157717
0.157771
0.157825
0.15788
0.157934
0.157989
0.158045
0.1581
0.158156
0.158212
0.158269
0.158326
0.158383
0.15844
0.158498
0.158556
0.158615
0.158673
0.158733
0.158792
0.158852
0.158912
0.158972
0.159033
0.159094
0.159155
0.159216
0.159278
0.159341
0.159403
0.159466
0.159529
0.159593
0.159657
0.159721
0.159785
0.15985
0.159915
0.159981
0.160046
0.160113
0.160179
0.160246
0.160313
0.16038
0.160448
0.160516
0.160585
0.160653
0.160722
0.160792
0.160861
0.160932
0.161002
0.161073
0.161144
0.161215
0.161287
0.161359
0.161431
0.161504
0.161577
0.16165
0.161724
0.161798
0.161872
0.161947
0.162022
0.162098
0.162173
0.16225
0.162326
0.162403
0.16248
0.162557
0.162635
0.162713
0.162792
0.162871
0.16295
0.163029
0.163109
0.163189
0.16327
0.163351
0.163432
0.163514
0.163596
0.163678
0.163761
0.163844
0.163927
0.164011
0.164095
0.164179
0.164264
0.164349
0.164435
0.164521
0.164607
0.164693
0.16478
0.164868
0.164955
0.165043
0.165132
0.16522
0.165309
0.165399
0.165489
0.165579
0.165669
0.16576
0.165852
0.165943
0.166035
0.166128
0.166221
0.166314
0.166407
0.166501
0.166595
0.16669
0.166785
0.16688
0.166976
0.167072
0.167169
0.167266
0.167363
0.167461
0.167559
0.167657
0.167756
0.167855
0.167955
0.168054
0.168155
0.168256
0.168357
0.168458
0.16856
0.168662
0.168765
0.168868
0.168971
0.169075
0.16918
0.169284
0.169389
0.169495
0.1696
0.169707
0.169813
0.16992
0.170028
0.170136
0.170244
0.170353
0.170462
0.170571
0.170681
0.170791
0.170902
0.171013
0.171124
0.171236
0.171349
0.171461
0.171575
0.171688
0.171802
0.171916
0.172031
0.172147
0.172262
0.172378
0.172495
0.172612
0.172729
0.172847
0.172965
0.173084
0.173203
0.173322
0.173442
0.173563
0.173683
0.173805
0.173926
0.174048
0.174171
0.174294
0.174417
0.174541
0.174666
0.17479
0.174916
0.175041
0.175167
0.175294
0.175421
0.175548
0.175676
0.175804
0.175933
0.176063
0.176192
0.176322
0.176453
0.176584
0.176716
0.176848
0.17698
0.177113
0.177247
0.17738
0.177515
0.17765
0.177785
0.177921
0.178057
0.178194
0.178331
0.178469
0.178607
0.178745
0.178884
0.179024
0.179164
0.179305
0.179446
0.179587
0.179729
0.179872
0.180015
0.180158
0.180302
0.180447
0.180592
0.180738
0.180884
0.18103
0.181177
0.181325
0.181473
0.181621
0.18177
0.18192
0.18207
0.182221
0.182372
0.182523
0.182676
0.182828
0.182982
0.183135
0.18329
0.183444
0.1836
0.183756
0.183912
0.184069
0.184226
0.184384
0.184543
0.184702
0.184862
0.185022
0.185182
0.185344
0.185506
0.185668
0.185831
0.185994
0.186158
0.186323
0.186488
0.186654
0.18682
0.186987
0.187154
0.187322
0.187491
0.18766
0.18783
0.188
0.188171
0.188342
0.188514
0.188687
0.18886
0.189034
0.189208
0.189383
0.189559
0.189735
0.189912
0.190089
0.190267
0.190446
0.190625
0.190805
0.190985
0.191166
0.191348
0.19153
0.191713
0.191896
0.192081
0.192265
0.192451
0.192637
0.192823
0.193011
0.193198
0.193387
0.193576
0.193766
0.193956
0.194148
0.194339
0.194532
0.194725
0.194918
0.195113
0.195308
0.195504
0.1957
0.195897
0.196095
0.196293
0.196492
0.196692
0.196892
0.197093
0.197295
0.197498
0.197701
0.197905
0.198109
0.198314
0.19852
0.198727
0.198934
0.199143
0.199351
0.199561
0.199771
0.199982
0.200194
0.200406
0.200619
0.200833
0.201047
0.201263
0.201479
0.201695
0.201913
0.202131
0.20235
0.20257
0.202791
0.203012
0.203234
0.203457
0.20368
0.203905
0.20413
0.204356
0.204582
0.20481
0.205038
0.205267
0.205497
0.205727
0.205959
0.206191
0.206424
0.206658
0.206892
0.207128
0.207364
0.207601
0.207839
0.208078
0.208317
0.208558
0.208799
0.209041
0.209284
0.209527
0.209772
0.210017
0.210264
0.210511
0.210759
0.211008
0.211257
0.211508
0.21176
0.212012
0.212265
0.212519
0.212774
0.21303
0.213287
0.213545
0.213804
0.214063
0.214324
0.214585
0.214847
0.215111
0.215375
0.21564
0.215906
0.216173
0.216441
0.21671
0.216979
0.21725
0.217522
0.217795
0.218068
0.218343
0.218619
0.218895
0.219173
0.219452
0.219731
0.220012
0.220293
0.220576
0.22086
0.221144
0.22143
0.221717
0.222004
0.222293
0.222583
0.222874
0.223166
0.223458
0.223752
0.224048
0.224344
0.224641
0.224939
0.225239
0.225539
0.225841
0.226143
0.226447
0.226752
0.227058
0.227365
0.227673
0.227982
0.228293
0.228604
0.228917
0.229231
0.229546
0.229862
0.23018
0.230498
0.230818
0.231139
0.231461
0.231784
0.232109
0.232435
0.232761
0.23309
0.233419
0.23375
0.234081
0.234414
0.234749
0.235084
0.235421
0.235759
0.236098
0.236439
0.236781
0.237124
0.237468
0.237814
0.238161
0.23851
0.238859
0.23921
0.239563
0.239916
0.240271
0.240628
0.240986
0.241345
0.241705
0.242067
0.24243
0.242795
0.243161
0.243528
0.243897
0.244268
0.244639
0.245012
0.245387
0.245763
0.246141
0.246519
0.2469
0.247282
0.247665
0.24805
0.248436
0.248824
0.249214
0.249605
0.249997
0.250391
0.250787
0.251184
0.251583
0.251983
0.252385
0.252788
0.253193
0.2536
0.254008
0.254418
0.254829
0.255243
0.255657
0.256074
0.256492
0.256912
0.257333
0.257757
0.258181
0.258608
0.259036
0.259466
0.259898
0.260332
0.260767
0.261204
0.261643
0.262084
0.262526
0.26297
0.263416
0.263864
0.264314
0.264766
0.265219
0.265674
0.266132
0.266591
0.267052
0.267515
0.26798
0.268446
0.268915
0.269386
0.269858
0.270333
0.27081
0.271288
0.271769
0.272251
0.272736
0.273223
0.273712
0.274202
0.274695
0.27519
0.275687
0.276187
0.276688
0.277192
0.277697
0.278205
0.278715
0.279227
0.279742
0.280258
0.280777
0.281298
0.281822
0.282348
0.282876
0.283406
0.283938
0.284473
0.285011
0.28555
0.286092
0.286636
0.287183
0.287732
0.288284
0.288838
0.289395
0.289954
0.290515
0.291079
0.291646
0.292215
0.292786
0.29336
0.293937
0.294516
0.295098
0.295683
0.29627
0.29686
0.297453
0.298048
0.298646
0.299247
0.29985
0.300457
0.301066
0.301678
0.302292
0.30291
0.30353
0.304154
0.30478
0.305409
0.306041
0.306676
0.307314
0.307955
0.308599
0.309246
0.309896
0.310549
0.311205
0.311864
0.312527
0.313193
0.313861
0.314533
0.315209
0.315887
0.316569
0.317254
0.317942
0.318634
0.319329
0.320027
0.320729
0.321434
0.322143
0.322855
0.32357
0.32429
0.325012
0.325738
0.326468
0.327202
0.327939
0.32868
0.329424
0.330172
0.330924
0.33168
0.332439
0.333203
0.33397
0.334741
0.335516
0.336295
0.337078
0.337865
0.338655
0.33945
0.340249
0.341053
0.34186
0.342671
0.343487
0.344307
0.345131
0.34596
0.346792
0.347629
0.348471
0.349317
0.350167
0.351022
0.351882
0.352746
0.353614
0.354488
0.355366
0.356248
0.357136
0.358028
0.358925
0.359827
0.360733
0.361645
0.362561
0.363483
0.36441
0.365341
0.366278
0.36722
0.368167
0.36912
0.370077
0.37104
0.372009
0.372982
0.373962
0.374946
0.375937
0.376933
0.377934
0.378941
0.379954
0.380973
0.381997
0.383028
0.384064
0.385106
0.386154
0.387209
0.388269
0.389336
0.390408
0.391488
0.392573
0.393665
0.394763
0.395867
0.396979
0.398096
0.399221
0.400352
0.40149
0.402635
0.403786
0.404945
0.404127
0.403303
0.402473
0.401637
0.400796
0.39995
0.399098
0.398242
0.397381
0.396516
0.395646
0.394773
0.393896
0.393015
0.392131
0.391244
0.390354
0.389461
0.388566
0.387668
0.386767
0.385865
0.384961
0.384055
0.383148
0.382239
0.381328
0.380417
0.379504
0.378591
0.377677
0.376762
0.375846
0.374931
0.374015
0.373099
0.372182
0.371266
0.37035
0.369435
0.368519
0.367605
0.36669
0.365777
0.364864
0.363952
0.363042
0.362132
0.361223
0.360315
0.359409
0.358504
0.357601
0.356699
0.355798
0.3549
0.354002
0.353107
0.352214
0.351322
0.350432
0.349544
0.348659
0.347775
0.346894
0.346015
0.345138
0.344263
0.34339
0.34252
0.341653
0.340788
0.339925
0.339065
0.338208
0.337353
0.3365
0.335651
0.334804
0.33396
0.333118
0.33228
0.331444
0.330611
0.329781
0.328953
0.328129
0.327307
0.326489
0.325673
0.324861
0.324051
0.323245
0.322441
0.321641
0.320843
0.320049
0.319257
0.318469
0.317684
0.316902
0.316123
0.315347
0.314575
0.313805
0.313039
0.312276
0.311516
0.310759
0.310005
0.309254
0.308507
0.307763
0.307022
0.306284
0.305549
0.304818
0.30409
0.303364
0.302643
0.301924
0.301208
0.300496
0.299787
0.29908
0.298378
0.297678
0.296981
0.296288
0.295597
0.29491
0.294226
0.293545
0.292868
0.292193
0.291521
0.290853
0.290188
0.289525
0.288866
0.28821
0.287557
0.286907
0.28626
0.285616
0.284976
0.284338
0.283703
0.283071
0.282442
0.281817
0.281194
0.280574
0.279957
0.279343
0.278732
0.278124
0.277519
0.276917
0.276317
0.275721
0.275127
0.274537
0.273949
0.273364
0.272782
0.272202
0.271626
0.271052
0.270481
0.269913
0.269347
0.268785
0.268225
0.267667
0.267113
0.266561
0.266012
0.265465
0.264922
0.26438
0.263842
0.263306
0.262773
0.262242
0.261714
0.261189
0.260666
0.260145
0.259628
0.259112
0.2586
0.258089
0.257582
0.257076
0.256573
0.256073
0.255575
0.25508
0.254587
0.254096
0.253608
0.253122
0.252638
0.252157
0.251679
0.251202
0.250728
0.250256
0.249787
0.24932
0.248855
0.248392
0.247932
0.247473
0.247017
0.246564
0.246112
0.245663
0.245216
0.244771
0.244328
0.243887
0.243449
0.243012
0.242578
0.242146
0.241716
0.241288
0.240862
0.240438
0.240016
0.239596
0.239178
0.238763
0.238349
0.237937
0.237527
0.23712
0.236714
0.23631
0.235908
0.235508
0.23511
0.234713
0.234319
0.233927
0.233536
0.233147
0.232761
0.232376
0.231992
0.231611
0.231231
0.230854
0.230478
0.230104
0.229731
0.229361
0.228992
0.228625
0.228259
0.227896
0.227534
0.227174
0.226815
0.226458
0.226103
0.22575
0.225398
0.225048
0.224699
0.224352
0.224007
0.223663
0.223321
0.222981
0.222642
0.222305
0.221969
0.221635
0.221302
0.220971
0.220642
0.220314
0.219987
0.219663
0.219339
0.219017
0.218697
0.218378
0.21806
0.217744
0.21743
0.217117
0.216805
0.216495
0.216186
0.215879
0.215573
0.215268
0.214965
0.214663
0.214363
0.214064
0.213766
0.21347
0.213175
0.212881
0.212589
0.212298
0.212009
0.21172
0.211433
0.211148
0.210863
0.21058
0.210298
0.210018
0.209739
0.209461
0.209184
0.208908
0.208634
0.208361
0.208089
0.207819
0.207549
0.207281
0.207014
0.206749
0.206484
0.206221
0.205958
0.205697
0.205438
0.205179
0.204921
0.204665
0.20441
0.204156
0.203903
0.203651
0.2034
0.203151
0.202902
0.202655
0.202409
0.202164
0.201919
0.201676
0.201435
0.201194
0.200954
0.200715
0.200478
0.200241
0.200005
0.199771
0.199537
0.199305
0.199074
0.198843
0.198614
0.198385
0.198158
0.197932
0.197706
0.197482
0.197258
0.197036
0.196815
0.196594
0.196375
0.196156
0.195939
0.195722
0.195506
0.195292
0.195078
0.194865
0.194653
0.194442
0.194232
0.194023
0.193815
0.193607
0.193401
0.193195
0.192991
0.192787
0.192584
0.192382
0.192181
0.191981
0.191782
0.191583
0.191386
0.191189
0.190993
0.190798
0.190604
0.190411
0.190219
0.190027
0.189836
0.189646
0.189457
0.189269
0.189081
0.188895
0.188709
0.188524
0.18834
0.188156
0.187974
0.187792
0.187611
0.187431
0.187251
0.187073
0.186895
0.186718
0.186541
0.186366
0.186191
0.186017
0.185844
0.185671
0.1855
0.185329
0.185158
0.184989
0.18482
0.184652
0.184485
0.184318
0.184152
0.183987
0.183823
0.183659
0.183496
0.183334
0.183173
0.183012
0.182852
0.182692
0.182534
0.182376
0.182218
0.182062
0.181906
0.181751
0.181596
0.181442
0.181289
0.181137
0.180985
0.180834
0.180683
0.180533
0.180384
0.180236
0.180088
0.17994
0.179794
0.179648
0.179503
0.179358
0.179214
0.179071
0.178928
0.178786
0.178645
0.178504
0.178364
0.178224
0.178086
0.177947
0.17781
0.177673
0.177536
0.1774
0.177265
0.177131
0.176997
0.176863
0.176731
0.176598
0.176467
0.176336
0.176206
0.176076
0.175947
0.175818
0.17569
0.175562
0.175436
0.175309
0.175184
0.175059
0.174934
0.17481
0.174687
0.174564
0.174441
0.17432
0.174199
0.174078
0.173958
0.173839
0.17372
0.173601
0.173483
0.173366
0.173249
0.173133
0.173018
0.172903
0.172788
0.172674
0.17256
0.172448
0.172335
0.172223
0.172112
0.172001
0.171891
0.171781
0.171672
0.171563
0.171455
0.171347
0.17124
0.171133
0.171027
0.170922
0.170816
0.170712
0.170608
0.170504
0.170401
0.170298
0.170196
0.170095
0.169994
0.169893
0.169793
0.169693
0.169594
0.169496
0.169398
0.1693
0.169203
0.169106
0.16901
0.168914
0.168819
0.168724
0.16863
0.168536
0.168443
0.16835
0.168258
0.168166
0.168074
0.167983
0.167893
0.167803
0.167713
0.167624
0.167535
0.167447
0.167359
0.167272
0.167185
0.167099
0.167013
0.166928
0.166843
0.166758
0.166674
0.16659
0.166507
0.166425
0.166342
0.16626
0.166179
0.166098
0.166017
0.165937
0.165858
0.165778
0.1657
0.165621
0.165543
0.165466
0.165389
0.165312
0.165236
0.16516
0.165085
0.16501
0.164936
0.164862
0.164788
0.164715
0.164642
0.16457
0.164498
0.164426
0.164355
0.164284
0.164214
0.164144
0.164075
0.164006
0.163937
0.163869
0.163801
0.163734
0.163667
0.1636
0.163534
0.163468
0.163403
0.163338
0.163273
0.163209
0.163145
0.163082
0.163019
0.162956
0.162894
0.162832
0.162771
0.16271
0.162649
0.162589
0.162529
0.16247
0.162411
0.162352
0.162294
0.162236
0.162179
0.162122
0.162065
0.162009
0.161953
0.161897
0.161842
0.161787
0.161733
0.161679
0.161625
0.161572
0.161519
0.161466
0.161414
0.161363
0.161311
0.16126
0.16121
0.161159
0.161109
0.16106
0.161011
0.160962
0.160914
0.160865
0.160818
0.16077
0.160724
0.160677
0.160631
0.160585
0.160539
0.160494
0.16045
0.160405
0.160361
0.160318
0.160274
0.160231
0.160189
0.160146
0.160105
0.160063
0.160022
0.159981
0.159941
0.159901
0.159861
0.159822
0.159783
0.159744
0.159706
0.159668
0.15963
0.159593
0.159556
0.159519
0.159483
0.159447
0.159412
0.159376
0.159342
0.159307
0.159273
0.159239
0.159206
0.159173
0.15914
0.159108
0.159075
0.159044
0.159012
0.158981
0.158951
0.15892
0.15889
0.158861
0.158831
0.158802
0.158774
0.158745
0.158717
0.15869
0.158662
0.158635
0.158609
0.158582
0.158556
0.158531
0.158506
0.158481
0.158456
0.158432
0.158408
0.158384
0.158361
0.158338
0.158315
0.158293
0.158271
0.158249
0.158228
0.158207
0.158186
0.158166
0.158146
0.158126
0.158107
0.158088
0.158069
0.158051
0.158033
0.158015
0.157998
0.157981
0.157964
0.157947
0.157931
0.157916
0.1579
0.157885
0.15787
0.157856
0.157842
0.157828
0.157814
0.157801
0.157788
0.157776
0.157763
0.157751
0.15774
0.157729
0.157718
0.157707
0.157697
0.157687
0.157677
0.157668
0.157659
0.15765
0.157642
0.157633
0.157626
0.157618
0.157611
0.157604
0.157598
0.157592
0.157586
0.15758
0.157575
0.15757
0.157565
0.157561
0.157557
0.157553
0.15755
0.157547
0.157544
0.157542
0.15754
0.157538
0.157537
0.157535
0.157535
0.157534
0.157534
0.157534
0.157534
0.157535
0.157536
0.157537
0.157539
0.157541
0.157543
0.157546
0.157549
0.157552
0.157555
0.157559
0.157563
0.157568
0.157573
0.157578
0.157583
0.157589
0.157595
0.157601
0.157608
0.157615
0.157622
0.157629
0.157637
0.157645
0.157654
0.157663
0.157672
0.157681
0.157691
0.157701
0.157711
0.157722
0.157733
0.157744
0.157756
0.157767
0.15778
0.157792
0.157805
0.157818
0.157831
0.157845
0.157859
0.157873
0.157888
0.157903
0.157918
0.157934
0.15795
0.157966
0.157982
0.157999
0.158016
0.158034
0.158051
0.158069
0.158088
0.158106
0.158125
0.158145
0.158164
0.158184
0.158204
0.158225
0.158245
0.158267
0.158288
0.15831
0.158332
0.158354
0.158377
0.1584
0.158423
0.158446
0.15847
0.158495
0.158519
0.158544
0.158569
0.158594
0.15862
0.158646
0.158673
0.158699
0.158726
0.158753
0.158781
0.158809
0.158837
0.158866
0.158894
0.158924
0.158953
0.158983
0.159013
0.159043
0.159074
0.159105
0.159136
0.159168
0.1592
0.159232
0.159265
0.159297
0.159331
0.159364
0.159398
0.159432
0.159466
0.159501
0.159536
0.159572
0.159607
0.159643
0.15968
0.159716
0.159753
0.15979
0.159828
0.159866
0.159904
0.159942
0.159981
0.16002
0.16006
0.1601
0.16014
0.16018
0.160221
0.160262
0.160303
0.160345
0.160387
0.160429
0.160472
0.160514
0.160558
0.160601
0.160645
0.160689
0.160734
0.160779
0.160824
0.160869
0.160915
0.160961
0.161008
0.161054
0.161101
0.161149
0.161197
0.161245
0.161293
0.161342
0.161391
0.16144
0.16149
0.16154
0.16159
0.16164
0.161691
0.161743
0.161794
0.161846
0.161898
0.161951
0.162004
0.162057
0.162111
0.162164
0.162219
0.162273
0.162328
0.162383
0.162439
0.162495
0.162551
0.162607
0.162664
0.162721
0.162779
0.162837
0.162895
0.162953
0.163012
0.163071
0.163131
0.163191
0.163251
0.163311
0.163372
0.163433
0.163495
0.163557
0.163619
0.163681
0.163744
0.163807
0.163871
0.163935
0.163999
0.164063
0.164128
0.164193
0.164259
0.164325
0.164391
0.164458
0.164525
0.164592
0.16466
0.164728
0.164796
0.164865
0.164933
0.165003
0.165073
0.165143
0.165213
0.165284
0.165355
0.165426
0.165498
0.16557
0.165643
0.165715
0.165789
0.165862
0.165936
0.16601
0.166085
0.16616
0.166235
0.166311
0.166387
0.166463
0.16654
0.166617
0.166695
0.166772
0.16685
0.166929
0.167008
0.167087
0.167167
0.167247
0.167327
0.167408
0.167489
0.16757
0.167652
0.167734
0.167817
0.1679
0.167983
0.168067
0.168151
0.168235
0.16832
0.168405
0.16849
0.168576
0.168663
0.168749
0.168836
0.168924
0.169011
0.169099
0.169188
0.169277
0.169366
0.169456
0.169546
0.169636
0.169727
0.169818
0.16991
0.170002
0.170094
0.170187
0.17028
0.170373
0.170467
0.170561
0.170656
0.170751
0.170846
0.170942
0.171038
0.171135
0.171232
0.171329
0.171427
0.171525
0.171624
0.171723
0.171822
0.171922
0.172022
0.172123
0.172224
0.172325
0.172427
0.172529
0.172632
0.172735
0.172838
0.172942
0.173046
0.173151
0.173256
0.173362
0.173467
0.173574
0.17368
0.173788
0.173895
0.174003
0.174112
0.17422
0.17433
0.174439
0.174549
0.17466
0.174771
0.174882
0.174994
0.175106
0.175219
0.175332
0.175445
0.175559
0.175674
0.175788
0.175904
0.176019
0.176135
0.176252
0.176369
0.176486
0.176604
0.176722
0.176841
0.17696
0.17708
0.1772
0.177321
0.177442
0.177563
0.177685
0.177807
0.17793
0.178053
0.178177
0.178301
0.178426
0.178551
0.178676
0.178802
0.178929
0.179056
0.179183
0.179311
0.179439
0.179568
0.179697
0.179827
0.179957
0.180088
0.180219
0.180351
0.180483
0.180615
0.180748
0.180882
0.181016
0.181151
0.181286
0.181421
0.181557
0.181693
0.18183
0.181968
0.182106
0.182244
0.182383
0.182523
0.182663
0.182803
0.182944
0.183085
0.183227
0.18337
0.183513
0.183656
0.1838
0.183945
0.18409
0.184235
0.184381
0.184528
0.184675
0.184822
0.18497
0.185119
0.185268
0.185418
0.185568
0.185719
0.18587
0.186022
0.186174
0.186327
0.18648
0.186634
0.186789
0.186944
0.1871
0.187256
0.187412
0.18757
0.187727
0.187886
0.188045
0.188204
0.188364
0.188525
0.188686
0.188847
0.18901
0.189172
0.189336
0.1895
0.189664
0.189829
0.189995
0.190161
0.190328
0.190496
0.190664
0.190832
0.191001
0.191171
0.191341
0.191512
0.191684
0.191856
0.192029
0.192202
0.192376
0.19255
0.192726
0.192901
0.193078
0.193255
0.193432
0.19361
0.193789
0.193969
0.194149
0.194329
0.194511
0.194693
0.194875
0.195058
0.195242
0.195427
0.195612
0.195798
0.195984
0.196171
0.196359
0.196547
0.196736
0.196926
0.197116
0.197307
0.197499
0.197691
0.197884
0.198078
0.198272
0.198467
0.198662
0.198859
0.199056
0.199253
0.199452
0.199651
0.199851
0.200051
0.200252
0.200454
0.200657
0.20086
0.201064
0.201268
0.201474
0.20168
0.201887
0.202094
0.202302
0.202511
0.202721
0.202931
0.203143
0.203354
0.203567
0.20378
0.203995
0.204209
0.204425
0.204641
0.204858
0.205076
0.205295
0.205514
0.205734
0.205955
0.206177
0.206399
0.206623
0.206847
0.207071
0.207297
0.207523
0.20775
0.207978
0.208207
0.208437
0.208667
0.208898
0.20913
0.209363
0.209596
0.209831
0.210066
0.210302
0.210539
0.210777
0.211015
0.211255
0.211495
0.211736
0.211978
0.212221
0.212464
0.212709
0.212954
0.213201
0.213448
0.213696
0.213945
0.214194
0.214445
0.214696
0.214949
0.215202
0.215456
0.215711
0.215967
0.216224
0.216482
0.216741
0.217001
0.217261
0.217523
0.217785
0.218049
0.218313
0.218578
0.218844
0.219112
0.21938
0.219649
0.219919
0.22019
0.220462
0.220735
0.221009
0.221284
0.22156
0.221837
0.222115
0.222394
0.222674
0.222955
0.223237
0.22352
0.223804
0.224089
0.224375
0.224662
0.22495
0.225239
0.22553
0.225821
0.226113
0.226407
0.226701
0.226997
0.227294
0.227591
0.22789
0.22819
0.228491
0.228793
0.229097
0.229401
0.229707
0.230013
0.230321
0.23063
0.23094
0.231251
0.231564
0.231877
0.232192
0.232508
0.232825
0.233143
0.233462
0.233783
0.234104
0.234427
0.234751
0.235077
0.235403
0.235731
0.23606
0.236391
0.236722
0.237055
0.237389
0.237724
0.238061
0.238399
0.238738
0.239078
0.23942
0.239763
0.240107
0.240452
0.240799
0.241148
0.241497
0.241848
0.2422
0.242554
0.242909
0.243265
0.243622
0.243981
0.244342
0.244704
0.245067
0.245431
0.245797
0.246165
0.246533
0.246904
0.247275
0.247649
0.248023
0.248399
0.248777
0.249156
0.249536
0.249918
0.250301
0.250686
0.251073
0.251461
0.25185
0.252241
0.252634
0.253028
0.253424
0.253821
0.25422
0.25462
0.255022
0.255426
0.255831
0.256238
0.256646
0.257056
0.257468
0.257881
0.258296
0.258713
0.259131
0.259551
0.259973
0.260396
0.260822
0.261249
0.261677
0.262107
0.26254
0.262973
0.263409
0.263847
0.264286
0.264727
0.26517
0.265614
0.266061
0.266509
0.266959
0.267411
0.267865
0.268321
0.268778
0.269238
0.269699
0.270163
0.270628
0.271095
0.271564
0.272036
0.272509
0.272984
0.273461
0.27394
0.274421
0.274905
0.27539
0.275877
0.276367
0.276858
0.277352
0.277847
0.278345
0.278845
0.279347
0.279851
0.280358
0.280866
0.281377
0.28189
0.282405
0.282922
0.283442
0.283964
0.284488
0.285014
0.285543
0.286074
0.286608
0.287143
0.287681
0.288222
0.288765
0.28931
0.289858
0.290408
0.29096
0.291515
0.292073
0.292633
0.293195
0.29376
0.294327
0.294897
0.29547
0.296045
0.296623
0.297203
0.297786
0.298372
0.29896
0.299551
0.300145
0.300742
0.301341
0.301943
0.302547
0.303155
0.303765
0.304378
0.304994
0.305613
0.306234
0.306859
0.307486
0.308116
0.30875
0.309386
0.310025
0.310668
0.311313
0.311961
0.312613
0.313267
0.313925
0.314585
0.315249
0.315916
0.316586
0.31726
0.317937
0.318617
0.3193
0.319986
0.320676
0.321369
0.322066
0.322766
0.323469
0.324176
0.324886
0.3256
0.326317
0.327038
0.327762
0.32849
0.329222
0.329957
0.330696
0.331438
0.332184
0.332934
0.333688
0.334445
0.335207
0.335972
0.336741
0.337514
0.338291
0.339071
0.339856
0.340645
0.341438
0.342235
0.343036
0.343841
0.34465
0.345464
0.346281
0.347103
0.34793
0.34876
0.349595
0.350434
0.351278
0.352126
0.352979
0.353836
0.354697
0.355564
0.356435
0.35731
0.35819
0.359075
0.359965
0.360859
0.361759
0.362663
0.363572
0.364486
0.365405
0.366329
0.367258
0.368192
0.369131
0.370076
0.371026
0.371981
0.372941
0.373906
0.374877
0.375854
0.376836
0.377823
0.378816
0.379815
0.380819
0.381829
0.382845
0.383866
0.384894
0.385927
0.386966
0.388011
0.389062
0.390119
0.391183
0.392252
0.393328
0.39441
0.395499
0.396593
0.397695
0.398802
0.399917
0.401038
0.402165
0.4033
0.404441
0.403658
0.402868
0.402072
0.40127
0.400462
0.399648
0.398829
0.398004
0.397175
0.396341
0.395502
0.394659
0.393812
0.392961
0.392107
0.391249
0.390387
0.389523
0.388656
0.387786
0.386913
0.386038
0.38516
0.384281
0.3834
0.382516
0.381632
0.380745
0.379858
0.378969
0.378079
0.377189
0.376297
0.375405
0.374512
0.373619
0.372726
0.371832
0.370938
0.370045
0.369151
0.368258
0.367365
0.366472
0.36558
0.364689
0.363798
0.362908
0.362019
0.361131
0.360244
0.359359
0.358474
0.357591
0.356709
0.355828
0.354949
0.354071
0.353195
0.352321
0.351448
0.350578
0.349709
0.348842
0.347977
0.347114
0.346253
0.345394
0.344537
0.343682
0.34283
0.34198
0.341132
0.340287
0.339444
0.338603
0.337765
0.33693
0.336097
0.335266
0.334439
0.333613
0.332791
0.331971
0.331154
0.330339
0.329528
0.328719
0.327913
0.327109
0.326309
0.325511
0.324716
0.323925
0.323136
0.32235
0.321567
0.320786
0.320009
0.319235
0.318464
0.317696
0.316931
0.316168
0.315409
0.314653
0.3139
0.31315
0.312403
0.311659
0.310918
0.310181
0.309446
0.308714
0.307986
0.30726
0.306538
0.305818
0.305102
0.304389
0.303679
0.302972
0.302268
0.301567
0.30087
0.300175
0.299483
0.298795
0.298109
0.297427
0.296748
0.296071
0.295398
0.294728
0.294061
0.293397
0.292736
0.292078
0.291422
0.29077
0.290121
0.289475
0.288832
0.288192
0.287555
0.286921
0.28629
0.285662
0.285037
0.284414
0.283795
0.283179
0.282565
0.281954
0.281347
0.280742
0.28014
0.279541
0.278944
0.278351
0.27776
0.277172
0.276587
0.276005
0.275426
0.274849
0.274275
0.273704
0.273136
0.27257
0.272007
0.271447
0.27089
0.270335
0.269783
0.269233
0.268687
0.268143
0.267601
0.267062
0.266526
0.265992
0.265461
0.264933
0.264407
0.263884
0.263363
0.262844
0.262329
0.261815
0.261305
0.260796
0.260291
0.259787
0.259286
0.258788
0.258292
0.257798
0.257307
0.256818
0.256332
0.255848
0.255366
0.254887
0.25441
0.253935
0.253463
0.252992
0.252525
0.252059
0.251596
0.251135
0.250676
0.250219
0.249765
0.249313
0.248863
0.248415
0.24797
0.247526
0.247085
0.246646
0.246209
0.245774
0.245341
0.24491
0.244482
0.244055
0.243631
0.243208
0.242788
0.242369
0.241953
0.241539
0.241126
0.240716
0.240307
0.239901
0.239497
0.239094
0.238693
0.238295
0.237898
0.237503
0.23711
0.236719
0.23633
0.235942
0.235557
0.235173
0.234791
0.234411
0.234033
0.233657
0.233282
0.232909
0.232538
0.232169
0.231801
0.231436
0.231071
0.230709
0.230349
0.22999
0.229632
0.229277
0.228923
0.228571
0.22822
0.227871
0.227524
0.227179
0.226835
0.226492
0.226152
0.225812
0.225475
0.225139
0.224804
0.224472
0.22414
0.223811
0.223482
0.223156
0.222831
0.222507
0.222185
0.221864
0.221545
0.221228
0.220911
0.220597
0.220283
0.219972
0.219661
0.219352
0.219045
0.218739
0.218434
0.218131
0.217829
0.217529
0.21723
0.216932
0.216636
0.216341
0.216047
0.215755
0.215464
0.215175
0.214886
0.214599
0.214314
0.214029
0.213746
0.213465
0.213184
0.212905
0.212627
0.212351
0.212075
0.211801
0.211528
0.211257
0.210987
0.210717
0.210449
0.210183
0.209917
0.209653
0.20939
0.209128
0.208867
0.208608
0.208349
0.208092
0.207836
0.207581
0.207328
0.207075
0.206824
0.206573
0.206324
0.206076
0.205829
0.205583
0.205338
0.205095
0.204852
0.204611
0.20437
0.204131
0.203893
0.203656
0.20342
0.203185
0.202951
0.202718
0.202486
0.202255
0.202025
0.201796
0.201569
0.201342
0.201116
0.200891
0.200668
0.200445
0.200223
0.200002
0.199783
0.199564
0.199346
0.199129
0.198913
0.198698
0.198484
0.198271
0.198059
0.197848
0.197638
0.197429
0.19722
0.197013
0.196807
0.196601
0.196396
0.196193
0.19599
0.195788
0.195587
0.195387
0.195188
0.194989
0.194792
0.194595
0.194399
0.194204
0.19401
0.193817
0.193625
0.193434
0.193243
0.193053
0.192864
0.192676
0.192489
0.192303
0.192117
0.191933
0.191749
0.191566
0.191383
0.191202
0.191021
0.190841
0.190662
0.190484
0.190307
0.19013
0.189954
0.189779
0.189605
0.189431
0.189258
0.189086
0.188915
0.188745
0.188575
0.188406
0.188238
0.18807
0.187904
0.187738
0.187572
0.187408
0.187244
0.187081
0.186919
0.186757
0.186597
0.186437
0.186277
0.186119
0.185961
0.185803
0.185647
0.185491
0.185336
0.185181
0.185028
0.184875
0.184722
0.184571
0.18442
0.18427
0.18412
0.183971
0.183823
0.183675
0.183528
0.183382
0.183237
0.183092
0.182947
0.182804
0.182661
0.182519
0.182377
0.182236
0.182096
0.181956
0.181817
0.181679
0.181541
0.181404
0.181267
0.181131
0.180996
0.180861
0.180727
0.180594
0.180461
0.180329
0.180198
0.180067
0.179937
0.179807
0.179678
0.179549
0.179421
0.179294
0.179167
0.179041
0.178916
0.178791
0.178667
0.178543
0.17842
0.178297
0.178175
0.178054
0.177933
0.177813
0.177693
0.177574
0.177455
0.177337
0.17722
0.177103
0.176987
0.176871
0.176756
0.176641
0.176527
0.176414
0.176301
0.176189
0.176077
0.175966
0.175855
0.175745
0.175635
0.175526
0.175417
0.175309
0.175202
0.175095
0.174988
0.174882
0.174777
0.174672
0.174568
0.174464
0.174361
0.174258
0.174155
0.174054
0.173953
0.173852
0.173752
0.173652
0.173553
0.173454
0.173356
0.173258
0.173161
0.173064
0.172968
0.172873
0.172777
0.172683
0.172589
0.172495
0.172402
0.172309
0.172217
0.172125
0.172034
0.171943
0.171853
0.171763
0.171674
0.171585
0.171497
0.171409
0.171321
0.171234
0.171148
0.171062
0.170977
0.170892
0.170807
0.170723
0.170639
0.170556
0.170473
0.170391
0.170309
0.170228
0.170147
0.170067
0.169987
0.169907
0.169828
0.16975
0.169672
0.169594
0.169517
0.16944
0.169364
0.169288
0.169212
0.169137
0.169063
0.168989
0.168915
0.168842
0.168769
0.168696
0.168625
0.168553
0.168482
0.168411
0.168341
0.168271
0.168202
0.168133
0.168065
0.167997
0.167929
0.167862
0.167795
0.167729
0.167663
0.167597
0.167532
0.167468
0.167404
0.16734
0.167276
0.167213
0.167151
0.167089
0.167027
0.166966
0.166905
0.166844
0.166784
0.166724
0.166665
0.166606
0.166548
0.16649
0.166432
0.166375
0.166318
0.166262
0.166205
0.16615
0.166095
0.16604
0.165985
0.165931
0.165878
0.165824
0.165772
0.165719
0.165667
0.165615
0.165564
0.165513
0.165463
0.165413
0.165363
0.165314
0.165265
0.165216
0.165168
0.16512
0.165073
0.165026
0.164979
0.164933
0.164887
0.164842
0.164796
0.164752
0.164707
0.164663
0.16462
0.164577
0.164534
0.164491
0.164449
0.164408
0.164366
0.164325
0.164285
0.164245
0.164205
0.164165
0.164126
0.164088
0.164049
0.164011
0.163974
0.163937
0.1639
0.163863
0.163827
0.163791
0.163756
0.163721
0.163686
0.163652
0.163618
0.163584
0.163551
0.163518
0.163486
0.163454
0.163422
0.163391
0.163359
0.163329
0.163298
0.163268
0.163239
0.16321
0.163181
0.163152
0.163124
0.163096
0.163069
0.163042
0.163015
0.162988
0.162962
0.162937
0.162911
0.162886
0.162862
0.162837
0.162813
0.16279
0.162766
0.162744
0.162721
0.162699
0.162677
0.162655
0.162634
0.162613
0.162593
0.162573
0.162553
0.162534
0.162515
0.162496
0.162477
0.162459
0.162442
0.162424
0.162407
0.162391
0.162374
0.162358
0.162343
0.162327
0.162312
0.162298
0.162283
0.162269
0.162256
0.162243
0.16223
0.162217
0.162205
0.162193
0.162181
0.16217
0.162159
0.162149
0.162138
0.162128
0.162119
0.16211
0.162101
0.162092
0.162084
0.162076
0.162069
0.162061
0.162054
0.162048
0.162042
0.162036
0.16203
0.162025
0.16202
0.162016
0.162011
0.162008
0.162004
0.162001
0.161998
0.161995
0.161993
0.161991
0.16199
0.161988
0.161988
0.161987
0.161987
0.161987
0.161987
0.161988
0.161989
0.16199
0.161992
0.161994
0.161997
0.161999
0.162002
0.162006
0.16201
0.162014
0.162018
0.162023
0.162028
0.162033
0.162039
0.162045
0.162051
0.162058
0.162065
0.162072
0.16208
0.162088
0.162096
0.162105
0.162114
0.162123
0.162132
0.162142
0.162153
0.162163
0.162174
0.162185
0.162197
0.162209
0.162221
0.162234
0.162246
0.16226
0.162273
0.162287
0.162301
0.162316
0.162331
0.162346
0.162361
0.162377
0.162393
0.16241
0.162426
0.162443
0.162461
0.162479
0.162497
0.162515
0.162534
0.162553
0.162572
0.162592
0.162612
0.162632
0.162653
0.162674
0.162695
0.162717
0.162739
0.162761
0.162784
0.162807
0.16283
0.162854
0.162878
0.162902
0.162927
0.162952
0.162977
0.163002
0.163028
0.163055
0.163081
0.163108
0.163135
0.163163
0.163191
0.163219
0.163247
0.163276
0.163305
0.163335
0.163365
0.163395
0.163425
0.163456
0.163487
0.163519
0.163551
0.163583
0.163615
0.163648
0.163681
0.163715
0.163748
0.163782
0.163817
0.163852
0.163887
0.163922
0.163958
0.163994
0.16403
0.164067
0.164104
0.164142
0.164179
0.164217
0.164256
0.164295
0.164334
0.164373
0.164413
0.164453
0.164493
0.164534
0.164575
0.164616
0.164658
0.1647
0.164743
0.164785
0.164828
0.164872
0.164916
0.16496
0.165004
0.165049
0.165094
0.165139
0.165185
0.165231
0.165278
0.165324
0.165371
0.165419
0.165467
0.165515
0.165563
0.165612
0.165661
0.165711
0.165761
0.165811
0.165861
0.165912
0.165963
0.166015
0.166067
0.166119
0.166171
0.166224
0.166277
0.166331
0.166385
0.166439
0.166494
0.166549
0.166604
0.16666
0.166716
0.166772
0.166829
0.166886
0.166943
0.167001
0.167059
0.167118
0.167176
0.167235
0.167295
0.167355
0.167415
0.167476
0.167536
0.167598
0.167659
0.167721
0.167784
0.167846
0.167909
0.167973
0.168036
0.1681
0.168165
0.16823
0.168295
0.16836
0.168426
0.168492
0.168559
0.168626
0.168693
0.168761
0.168829
0.168897
0.168966
0.169035
0.169104
0.169174
0.169244
0.169315
0.169386
0.169457
0.169529
0.169601
0.169673
0.169746
0.169819
0.169893
0.169967
0.170041
0.170115
0.17019
0.170266
0.170341
0.170418
0.170494
0.170571
0.170648
0.170726
0.170804
0.170882
0.170961
0.17104
0.171119
0.171199
0.171279
0.17136
0.171441
0.171522
0.171604
0.171686
0.171769
0.171852
0.171935
0.172019
0.172103
0.172187
0.172272
0.172357
0.172443
0.172529
0.172615
0.172702
0.172789
0.172877
0.172965
0.173053
0.173142
0.173231
0.17332
0.17341
0.173501
0.173591
0.173682
0.173774
0.173866
0.173958
0.174051
0.174144
0.174238
0.174331
0.174426
0.174521
0.174616
0.174711
0.174807
0.174904
0.175
0.175098
0.175195
0.175293
0.175392
0.17549
0.17559
0.175689
0.175789
0.17589
0.175991
0.176092
0.176194
0.176296
0.176399
0.176502
0.176605
0.176709
0.176813
0.176918
0.177023
0.177129
0.177235
0.177341
0.177448
0.177555
0.177663
0.177771
0.17788
0.177989
0.178098
0.178208
0.178319
0.178429
0.178541
0.178652
0.178764
0.178877
0.17899
0.179103
0.179217
0.179332
0.179447
0.179562
0.179677
0.179794
0.17991
0.180027
0.180145
0.180263
0.180381
0.1805
0.180619
0.180739
0.180859
0.18098
0.181101
0.181223
0.181345
0.181468
0.181591
0.181714
0.181838
0.181963
0.182088
0.182213
0.182339
0.182465
0.182592
0.182719
0.182847
0.182975
0.183104
0.183233
0.183363
0.183493
0.183624
0.183755
0.183887
0.184019
0.184152
0.184285
0.184419
0.184553
0.184688
0.184823
0.184958
0.185095
0.185231
0.185368
0.185506
0.185644
0.185783
0.185922
0.186062
0.186202
0.186343
0.186484
0.186626
0.186768
0.186911
0.187055
0.187198
0.187343
0.187488
0.187633
0.187779
0.187926
0.188073
0.18822
0.188368
0.188517
0.188666
0.188816
0.188966
0.189117
0.189269
0.18942
0.189573
0.189726
0.189879
0.190034
0.190188
0.190344
0.190499
0.190656
0.190813
0.19097
0.191128
0.191287
0.191446
0.191606
0.191766
0.191927
0.192088
0.19225
0.192413
0.192576
0.19274
0.192904
0.193069
0.193235
0.193401
0.193568
0.193735
0.193903
0.194072
0.194241
0.19441
0.194581
0.194752
0.194923
0.195095
0.195268
0.195442
0.195616
0.19579
0.195965
0.196141
0.196318
0.196495
0.196672
0.196851
0.19703
0.197209
0.19739
0.197571
0.197752
0.197934
0.198117
0.198301
0.198485
0.198669
0.198855
0.199041
0.199228
0.199415
0.199603
0.199792
0.199981
0.200171
0.200362
0.200553
0.200745
0.200938
0.201132
0.201326
0.20152
0.201716
0.201912
0.202109
0.202307
0.202505
0.202704
0.202903
0.203104
0.203305
0.203507
0.203709
0.203912
0.204116
0.204321
0.204526
0.204732
0.204939
0.205147
0.205355
0.205564
0.205774
0.205984
0.206195
0.206407
0.20662
0.206834
0.207048
0.207263
0.207479
0.207695
0.207912
0.20813
0.208349
0.208569
0.208789
0.20901
0.209232
0.209455
0.209679
0.209903
0.210128
0.210354
0.210581
0.210808
0.211036
0.211266
0.211496
0.211726
0.211958
0.21219
0.212424
0.212658
0.212892
0.213128
0.213365
0.213602
0.21384
0.21408
0.21432
0.21456
0.214802
0.215045
0.215288
0.215532
0.215777
0.216023
0.21627
0.216518
0.216767
0.217016
0.217267
0.217518
0.21777
0.218024
0.218278
0.218533
0.218789
0.219045
0.219303
0.219562
0.219822
0.220082
0.220344
0.220606
0.220869
0.221134
0.221399
0.221665
0.221933
0.222201
0.22247
0.22274
0.223011
0.223283
0.223556
0.22383
0.224105
0.224382
0.224659
0.224937
0.225216
0.225496
0.225777
0.226059
0.226342
0.226627
0.226912
0.227198
0.227486
0.227774
0.228064
0.228354
0.228646
0.228939
0.229232
0.229527
0.229823
0.23012
0.230418
0.230718
0.231018
0.231319
0.231622
0.231926
0.232231
0.232536
0.232844
0.233152
0.233461
0.233772
0.234083
0.234396
0.23471
0.235026
0.235342
0.23566
0.235978
0.236298
0.236619
0.236942
0.237265
0.23759
0.237916
0.238244
0.238572
0.238902
0.239233
0.239565
0.239899
0.240233
0.240569
0.240907
0.241245
0.241585
0.241926
0.242269
0.242613
0.242958
0.243304
0.243652
0.244001
0.244352
0.244703
0.245056
0.245411
0.245767
0.246124
0.246483
0.246843
0.247204
0.247567
0.247931
0.248297
0.248664
0.249032
0.249402
0.249774
0.250146
0.250521
0.250896
0.251274
0.251652
0.252032
0.252414
0.252797
0.253182
0.253568
0.253956
0.254345
0.254736
0.255128
0.255522
0.255918
0.256315
0.256713
0.257114
0.257515
0.257919
0.258324
0.25873
0.259139
0.259549
0.25996
0.260373
0.260788
0.261205
0.261623
0.262043
0.262465
0.262888
0.263313
0.26374
0.264169
0.264599
0.265031
0.265465
0.265901
0.266338
0.266777
0.267218
0.267661
0.268106
0.268552
0.269001
0.269451
0.269903
0.270357
0.270813
0.27127
0.27173
0.272191
0.272655
0.27312
0.273588
0.274057
0.274528
0.275002
0.275477
0.275954
0.276433
0.276915
0.277398
0.277884
0.278371
0.278861
0.279352
0.279846
0.280342
0.28084
0.28134
0.281842
0.282347
0.282854
0.283362
0.283873
0.284387
0.284902
0.28542
0.28594
0.286462
0.286987
0.287513
0.288042
0.288574
0.289108
0.289644
0.290182
0.290723
0.291266
0.291812
0.29236
0.292911
0.293463
0.294019
0.294577
0.295137
0.2957
0.296266
0.296834
0.297404
0.297977
0.298553
0.299131
0.299712
0.300296
0.300882
0.301471
0.302062
0.302657
0.303254
0.303853
0.304456
0.305061
0.305669
0.30628
0.306894
0.30751
0.30813
0.308752
0.309377
0.310005
0.310636
0.31127
0.311907
0.312547
0.31319
0.313836
0.314485
0.315138
0.315793
0.316451
0.317113
0.317777
0.318445
0.319116
0.319791
0.320468
0.321149
0.321833
0.32252
0.323211
0.323905
0.324603
0.325304
0.326008
0.326716
0.327427
0.328141
0.32886
0.329581
0.330307
0.331036
0.331768
0.332504
0.333244
0.333988
0.334735
0.335486
0.336241
0.336999
0.337762
0.338528
0.339298
0.340072
0.34085
0.341632
0.342418
0.343208
0.344002
0.3448
0.345602
0.346409
0.347219
0.348034
0.348853
0.349676
0.350504
0.351335
0.352172
0.353012
0.353857
0.354707
0.355561
0.356419
0.357282
0.35815
0.359022
0.359899
0.36078
0.361667
0.362558
0.363454
0.364355
0.36526
0.366171
0.367086
0.368007
0.368932
0.369863
0.370799
0.371739
0.372685
0.373637
0.374593
0.375555
0.376522
0.377495
0.378473
0.379457
0.380446
0.38144
0.382441
0.383447
0.384458
0.385476
0.386499
0.387528
0.388563
0.389604
0.390651
0.391704
0.392763
0.393828
0.3949
0.395977
0.397061
0.398152
0.399248
0.400351
0.401461
0.402577
0.4037
0.40483
0.404045
0.403253
0.402455
0.401652
0.400843
0.400028
0.399209
0.398384
0.397555
0.396721
0.395883
0.395041
0.394196
0.393346
0.392493
0.391637
0.390778
0.389916
0.389051
0.388183
0.387314
0.386442
0.385568
0.384691
0.383814
0.382934
0.382054
0.381171
0.380288
0.379404
0.378519
0.377632
0.376746
0.375859
0.374971
0.374083
0.373195
0.372307
0.371418
0.37053
0.369643
0.368755
0.367868
0.366982
0.366096
0.36521
0.364326
0.363443
0.36256
0.361678
0.360798
0.359919
0.359041
0.358164
0.357289
0.356415
0.355543
0.354673
0.353804
0.352936
0.352071
0.351207
0.350346
0.349486
0.348628
0.347772
0.346919
0.346067
0.345218
0.344371
0.343526
0.342683
0.341843
0.341005
0.34017
0.339337
0.338506
0.337678
0.336853
0.33603
0.33521
0.334392
0.333577
0.332765
0.331956
0.331149
0.330345
0.329543
0.328745
0.327949
0.327156
0.326367
0.325579
0.324795
0.324014
0.323235
0.32246
0.321687
0.320918
0.320151
0.319388
0.318627
0.317869
0.317115
0.316363
0.315614
0.314869
0.314126
0.313387
0.31265
0.311917
0.311186
0.310459
0.309735
0.309014
0.308295
0.30758
0.306868
0.306159
0.305453
0.304751
0.304051
0.303354
0.30266
0.30197
0.301282
0.300598
0.299916
0.299238
0.298562
0.29789
0.297221
0.296554
0.295891
0.295231
0.294573
0.293919
0.293268
0.29262
0.291974
0.291332
0.290693
0.290056
0.289423
0.288793
0.288165
0.28754
0.286919
0.2863
0.285684
0.285071
0.284461
0.283854
0.28325
0.282648
0.28205
0.281454
0.280861
0.280271
0.279684
0.2791
0.278518
0.277939
0.277363
0.27679
0.276219
0.275651
0.275086
0.274524
0.273964
0.273407
0.272853
0.272301
0.271752
0.271206
0.270662
0.270121
0.269583
0.269047
0.268514
0.267983
0.267455
0.26693
0.266407
0.265887
0.265369
0.264854
0.264341
0.263831
0.263323
0.262817
0.262315
0.261814
0.261316
0.260821
0.260327
0.259837
0.259348
0.258862
0.258379
0.257897
0.257419
0.256942
0.256468
0.255996
0.255526
0.255059
0.254594
0.254131
0.25367
0.253212
0.252756
0.252302
0.25185
0.251401
0.250954
0.250508
0.250065
0.249625
0.249186
0.248749
0.248315
0.247883
0.247453
0.247024
0.246598
0.246174
0.245752
0.245333
0.244915
0.244499
0.244085
0.243673
0.243263
0.242856
0.24245
0.242046
0.241644
0.241244
0.240845
0.240449
0.240055
0.239663
0.239272
0.238883
0.238497
0.238112
0.237729
0.237347
0.236968
0.23659
0.236215
0.235841
0.235468
0.235098
0.234729
0.234362
0.233997
0.233634
0.233272
0.232912
0.232554
0.232197
0.231842
0.231489
0.231138
0.230788
0.23044
0.230093
0.229748
0.229405
0.229063
0.228723
0.228385
0.228048
0.227713
0.227379
0.227047
0.226716
0.226388
0.22606
0.225734
0.22541
0.225087
0.224766
0.224446
0.224128
0.223811
0.223495
0.223181
0.222869
0.222558
0.222249
0.221941
0.221634
0.221329
0.221025
0.220723
0.220422
0.220122
0.219824
0.219527
0.219232
0.218938
0.218645
0.218354
0.218064
0.217775
0.217488
0.217202
0.216917
0.216634
0.216352
0.216071
0.215791
0.215513
0.215236
0.214961
0.214686
0.214413
0.214141
0.213871
0.213601
0.213333
0.213066
0.212801
0.212536
0.212273
0.212011
0.21175
0.211491
0.211232
0.210975
0.210719
0.210464
0.21021
0.209957
0.209706
0.209456
0.209206
0.208958
0.208711
0.208466
0.208221
0.207977
0.207735
0.207494
0.207253
0.207014
0.206776
0.206539
0.206303
0.206068
0.205834
0.205602
0.20537
0.205139
0.20491
0.204681
0.204453
0.204227
0.204001
0.203777
0.203554
0.203331
0.20311
0.202889
0.20267
0.202451
0.202234
0.202017
0.201802
0.201587
0.201374
0.201161
0.200949
0.200739
0.200529
0.20032
0.200112
0.199905
0.199699
0.199494
0.19929
0.199087
0.198885
0.198683
0.198483
0.198283
0.198085
0.197887
0.19769
0.197494
0.197299
0.197105
0.196911
0.196719
0.196527
0.196336
0.196146
0.195957
0.195769
0.195582
0.195395
0.19521
0.195025
0.194841
0.194658
0.194476
0.194294
0.194113
0.193934
0.193755
0.193576
0.193399
0.193222
0.193046
0.192871
0.192697
0.192524
0.192351
0.192179
0.192008
0.191838
0.191668
0.1915
0.191332
0.191164
0.190998
0.190832
0.190667
0.190503
0.19034
0.190177
0.190015
0.189854
0.189693
0.189534
0.189375
0.189216
0.189059
0.188902
0.188746
0.18859
0.188436
0.188282
0.188128
0.187976
0.187824
0.187673
0.187522
0.187373
0.187224
0.187075
0.186928
0.186781
0.186634
0.186489
0.186344
0.186199
0.186056
0.185913
0.185771
0.185629
0.185488
0.185348
0.185208
0.185069
0.184931
0.184793
0.184656
0.18452
0.184384
0.184249
0.184115
0.183981
0.183848
0.183715
0.183583
0.183452
0.183321
0.183191
0.183062
0.182933
0.182805
0.182677
0.18255
0.182424
0.182298
0.182173
0.182049
0.181925
0.181802
0.181679
0.181557
0.181435
0.181314
0.181194
0.181074
0.180955
0.180837
0.180719
0.180601
0.180484
0.180368
0.180252
0.180137
0.180023
0.179909
0.179795
0.179683
0.17957
0.179459
0.179347
0.179237
0.179127
0.179017
0.178909
0.1788
0.178692
0.178585
0.178478
0.178372
0.178267
