1.10715
1.10624
1.10533
1.10442
1.1035
1.10259
1.10167
1.10074
1.09982
1.09889
1.09796
1.09703
1.0961
1.09516
1.09422
1.09328
1.09234
1.0914
1.09045
1.08951
1.08856
1.0876
1.08665
1.0857
1.08474
1.08378
1.08282
1.08186
1.0809
1.07994
1.07897
1.078
1.07704
1.07607
1.07509
1.07412
1.07315
1.07218
1.0712
1.07022
1.06925
1.06827
1.06729
1.06631
1.06533
1.06434
1.06336
1.06238
1.06139
1.06041
1.05942
1.05843
1.05744
1.05646
1.05547
1.05448
1.05349
1.0525
1.0515
1.05051
1.04952
1.04853
1.04753
1.04654
1.04555
1.04455
1.04356
1.04256
1.04156
1.04057
1.03957
1.03858
1.03758
1.03658
1.03559
1.03459
1.03359
1.03259
1.03159
1.0306
1.0296
1.0286
1.0276
1.0266
1.0256
1.02461
1.02361
1.02261
1.02161
1.02061
1.01961
1.01862
1.01762
1.01662
1.01562
1.01462
1.01363
1.01263
1.01163
1.01063
1.00964
1.00864
1.00764
1.00664
1.00565
1.00465
1.00366
1.00266
1.00166
1.00067
0.999673
0.998678
0.997684
0.99669
0.995695
0.994702
0.993708
0.992715
0.991722
0.99073
0.989738
0.988746
0.987755
0.986764
0.985773
0.984782
0.983793
0.982803
0.981814
0.980825
0.979837
0.978849
0.977861
0.976874
0.975887
0.974901
0.973915
0.97293
0.971945
0.97096
0.969976
0.968992
0.968009
0.967026
0.966044
0.965062
0.964081
0.9631
0.96212
0.96114
0.960161
0.959182
0.958204
0.957226
0.956249
0.955272
0.954296
0.95332
0.952345
0.95137
0.950396
0.949422
0.948449
0.947477
0.946505
0.945533
0.944562
0.943592
0.942622
0.941653
0.940684
0.939716
0.938748
0.937781
0.936815
0.935849
0.934883
0.933918
0.932954
0.931991
0.931028
0.930065
0.929103
0.928142
0.927181
0.926221
0.925261
0.924302
0.923344
0.922386
0.921429
0.920472
0.919516
0.918561
0.917606
0.916652
0.915698
0.914745
0.913793
0.912841
0.91189
0.910939
0.909989
0.90904
0.908091
0.907143
0.906196
0.905249
0.904302
0.903357
0.902412
0.901467
0.900523
0.89958
0.898637
0.897695
0.896754
0.895813
0.894873
0.893934
0.892995
0.892057
0.891119
0.890182
0.889246
0.88831
0.887375
0.88644
0.885506
0.884573
0.88364
0.882708
0.881777
0.880846
0.879916
0.878987
0.878058
0.87713
0.876202
0.875275
0.874349
0.873423
0.872498
0.871574
0.87065
0.869727
0.868805
0.867883
0.866961
0.866041
0.865121
0.864202
0.863283
0.862365
0.861447
0.860531
0.859614
0.858699
0.857784
0.85687
0.855956
0.855043
0.854131
0.853219
0.852308
0.851398
0.850488
0.849579
0.84867
0.847763
0.846855
0.845949
0.845043
0.844137
0.843233
0.842329
0.841425
0.840523
0.83962
0.838719
0.837818
0.836918
0.836018
0.835119
0.834221
0.833323
0.832426
0.83153
0.830634
0.829739
0.828844
0.827951
0.827057
0.826165
0.825273
0.824381
0.823491
0.822601
0.821711
0.820822
0.819934
0.819047
0.81816
0.817274
0.816388
0.815503
0.814619
0.813735
0.812852
0.811969
0.811087
0.810206
0.809326
0.808446
0.807566
0.806688
0.80581
0.804932
0.804055
0.803179
0.802303
0.801429
0.800554
0.799681
0.798808
0.797935
0.797063
0.796192
0.795322
0.794452
0.793582
0.792714
0.791846
0.790978
0.790111
0.789245
0.78838
0.787515
0.78665
0.785787
0.784923
0.784061
0.783199
0.782338
0.781477
0.780617
0.779758
0.778899
0.778041
0.777183
0.776326
0.77547
0.774614
0.773759
0.772905
0.772051
0.771198
0.770345
0.769493
0.768642
0.767791
0.766941
0.766091
0.765242
0.764394
0.763546
0.762699
0.761852
0.761006
0.760161
0.759316
0.758472
0.757629
0.756786
0.755943
0.755102
0.754261
0.75342
0.75258
0.751741
0.750902
0.750064
0.749227
0.74839
0.747553
0.746718
0.745882
0.745048
0.744214
0.743381
0.742548
0.741716
0.740884
0.740053
0.739223
0.738393
0.737564
0.736735
0.735907
0.735079
0.734252
0.733426
0.7326
0.731775
0.730951
0.730127
0.729303
0.728481
0.727658
0.726837
0.726016
0.725195
0.724375
0.723556
0.722737
0.721919
0.721101
0.720284
0.719468
0.718652
0.717836
0.717022
0.716207
0.715394
0.714581
0.713768
0.712956
0.712145
0.711334
0.710524
0.709714
0.708905
0.708096
0.707288
0.706481
0.705674
0.704868
0.704062
0.703257
0.702452
0.701648
0.700844
0.700041
0.699239
0.698437
0.697635
0.696834
0.696034
0.695234
0.694435
0.693637
0.692838
0.692041
0.691244
0.690447
0.689651
0.688856
0.688061
0.687267
0.686473
0.685679
0.684887
0.684094
0.683303
0.682512
0.681721
0.680931
0.680141
0.679352
0.678563
0.677775
0.676988
0.676201
0.675414
0.674628
0.673843
0.673058
0.672274
0.67149
0.670706
0.669923
0.669141
0.668359
0.667578
0.666797
0.666016
0.665236
0.664457
0.663678
0.6629
0.662122
0.661344
0.660568
0.659791
0.659015
0.65824
0.657465
0.65669
0.655916
0.655143
0.65437
0.653597
0.652825
0.652054
0.651282
0.650512
0.649742
0.648972
0.648203
0.647434
0.646666
0.645898
0.64513
0.644364
0.643597
0.642831
0.642066
0.641301
0.640536
0.639772
0.639008
0.638245
0.637482
0.63672
0.637485
0.638249
0.639012
0.639774
0.640536
0.641297
0.642057
0.642816
0.643575
0.644333
0.645091
0.645848
0.646604
0.64736
0.648116
0.648871
0.649625
0.650379
0.651133
0.651887
0.65264
0.653392
0.654145
0.654897
0.655649
0.656401
0.657153
0.657904
0.658655
0.659406
0.660158
0.660909
0.661659
0.66241
0.663161
0.663912
0.664663
0.665414
0.666165
0.666916
0.667667
0.668418
0.669169
0.66992
0.670672
0.671424
0.672176
0.672928
0.67368
0.674433
0.675185
0.675939
0.676692
0.677445
0.678199
0.678954
0.679708
0.680463
0.681218
0.681974
0.68273
0.683486
0.684243
0.685
0.685758
0.686516
0.687274
0.688033
0.688792
0.689552
0.690313
0.691074
0.691835
0.692597
0.693359
0.694122
0.694886
0.69565
0.696414
0.69718
0.697945
0.698712
0.699479
0.700246
0.701015
0.701784
0.702553
0.703323
0.704094
0.704865
0.705638
0.70641
0.707184
0.707958
0.708733
0.709508
0.710285
0.711062
0.711839
0.712618
0.713397
0.714177
0.714957
0.715739
0.716521
0.717304
0.718087
0.718872
0.719657
0.720443
0.72123
0.722018
0.722806
0.723595
0.724385
0.725176
0.725968
0.72676
0.727553
0.728348
0.729143
0.729938
0.730735
0.731533
0.732331
0.73313
0.73393
0.734731
0.735533
0.736336
0.737139
0.737944
0.738749
0.739555
0.740362
0.74117
0.741979
0.742789
0.743599
0.744411
0.745224
0.746037
0.746851
0.747666
0.748483
0.7493
0.750118
0.750936
0.751756
0.752577
0.753399
0.754221
0.755045
0.755869
0.756695
0.757521
0.758348
0.759177
0.760006
0.760836
0.761667
0.762499
0.763332
0.764166
0.765001
0.765837
0.766673
0.767511
0.76835
0.76919
0.77003
0.770872
0.771714
0.772558
0.773402
0.774248
0.775094
0.775942
0.77679
0.777639
0.77849
0.779341
0.780193
0.781047
0.781901
0.782756
0.783612
0.784469
0.785328
0.786187
0.787047
0.787908
0.78877
0.789633
0.790497
0.791362
0.792228
0.793095
0.793963
0.794832
0.795702
0.796573
0.797445
0.798317
0.799191
0.800066
0.800942
0.801819
0.802696
0.803575
0.804455
0.805336
0.806217
0.8071
0.807984
0.808869
0.809754
0.810641
0.811528
0.812417
0.813307
0.814197
0.815089
0.815981
0.816875
0.817769
0.818665
0.819561
0.820459
0.821357
0.822256
0.823157
0.824058
0.82496
0.825864
0.826768
0.827673
0.82858
0.829487
0.830395
0.831304
0.832214
0.833125
0.834037
0.83495
0.835864
0.836779
0.837695
0.838612
0.83953
0.840449
0.841369
0.84229
0.843212
0.844134
0.845058
0.845983
0.846908
0.847835
0.848762
0.849691
0.85062
0.851551
0.852482
0.853415
0.854348
0.855282
0.856217
0.857154
0.858091
0.859029
0.859968
0.860908
0.861849
0.862791
0.863733
0.864677
0.865622
0.866568
0.867514
0.868462
0.86941
0.87036
0.87131
0.872261
0.873214
0.874167
0.875121
0.876076
0.877032
0.877989
0.878947
0.879906
0.880866
0.881826
0.882788
0.88375
0.884714
0.885678
0.886643
0.88761
0.888577
0.889545
0.890514
0.891484
0.892455
0.893426
0.894399
0.895373
0.896347
0.897323
0.898299
0.899276
0.900254
0.901233
0.902213
0.903194
0.904176
0.905159
0.906142
0.907127
0.908112
0.909098
0.910085
0.911074
0.912062
0.913052
0.914043
0.915035
0.916027
0.917021
0.918015
0.91901
0.920006
0.921003
0.922001
0.923
0.924
0.925
0.926001
0.927004
0.928007
0.929011
0.930016
0.931021
0.932028
0.933036
0.934044
0.935053
0.936063
0.937074
0.938086
0.939099
0.940112
0.941127
0.942142
0.943158
0.944175
0.945193
0.946212
0.947231
0.948252
0.949273
0.950295
0.951318
0.952342
0.953367
0.954392
0.955418
0.956446
0.957474
0.958502
0.959532
0.960563
0.961594
0.962626
0.963659
0.964693
0.965728
0.966763
0.9678
0.968837
0.969875
0.970914
0.971953
0.972994
0.974035
0.975077
0.97612
0.977164
0.978208
0.979254
0.9803
0.981347
0.982394
0.983443
0.984492
0.985543
0.986594
0.987645
0.988698
0.989751
0.990806
0.991861
0.992916
0.993973
0.99503
0.996088
0.997147
0.998207
0.999268
1.00033
1.00139
1.00245
1.00352
1.00458
1.00565
1.00671
1.00778
1.00885
1.00992
1.01098
1.01205
1.01313
1.0142
1.01527
1.01634
1.01742
1.01849
1.01956
1.02064
1.02172
1.02279
1.02387
1.02495
1.02603
1.02711
1.02819
1.02928
1.03036
1.03144
1.03253
1.03361
1.0347
1.03578
1.03687
1.03796
1.03905
1.04013
1.04122
1.04232
1.04341
1.0445
1.04559
1.04669
1.04778
1.04888
1.04997
1.05107
1.05216
1.05326
1.05436
1.05546
1.05656
1.05766
1.05876
1.05987
1.06097
1.06207
1.06318
1.06428
1.06539
1.06649
1.0676
1.06871
1.06982
1.07093
1.07204
1.07315
1.07426
1.07537
1.07648
1.07759
1.07871
1.07982
1.08094
1.08205
1.08317
1.08429
1.08541
1.08652
1.08764
1.08876
1.08988
1.09101
1.09213
1.09325
1.09437
1.0955
1.09662
1.09775
1.09887
1.1
1.10113
1.10225
1.10338
1.10451
1.10564
1.10677
1.1079
1.10903
1.11016
1.1113
1.11243
1.11357
1.1147
1.11584
1.11697
1.11811
1.11924
1.12038
1.12152
1.12266
1.1238
1.12494
1.12608
1.12722
1.12836
1.12951
1.13065
1.13179
1.13294
1.13408
1.13523
1.13637
1.13752
1.13867
1.13982
1.14097
1.14211
1.14326
1.14441
1.14557
1.14672
1.14787
1.14902
1.15017
1.15133
1.15248
1.15364
1.15479
1.15595
1.1571
1.15826
1.15942
1.16058
1.16174
1.1629
1.16406
1.16522
1.16638
1.16754
1.1687
1.16986
1.17103
1.17219
1.17335
1.17452
1.17568
1.17685
1.17802
1.17918
1.18035
1.18152
1.18269
1.18386
1.18503
1.1862
1.18737
1.18854
1.18971
1.19088
1.19205
1.19323
1.1944
1.19557
1.19675
1.19792
1.1991
1.20027
1.20145
1.20263
1.20381
1.20498
1.20616
1.20734
1.20852
1.2097
1.21088
1.21206
1.21324
1.21442
1.21561
1.21679
1.21797
1.21916
1.22034
1.22152
1.22271
1.22389
1.22508
1.22627
1.22745
1.22864
1.22983
1.23102
1.23221
1.23339
1.23458
1.23577
1.23696
1.23816
1.23935
1.24054
1.24173
1.24292
1.24412
1.24531
1.2465
1.2477
1.24889
1.25009
1.25128
1.25248
1.25367
1.25487
1.25607
1.25727
1.25846
1.25966
1.26086
1.26206
1.26326
1.26446
1.26566
1.26686
1.26806
1.26926
1.27046
1.27167
1.27287
1.27407
1.27527
1.27648
1.27768
1.27889
1.28009
1.2813
1.2825
1.28371
1.28491
1.28612
1.28733
1.28853
1.28974
1.29095
1.29216
1.29337
1.29458
1.29579
1.297
1.29821
1.29942
1.30063
1.30184
1.30305
1.30426
1.30547
1.30668
1.3079
1.30911
1.31032
1.31154
1.31275
1.31396
1.31518
1.31639
1.31761
1.31882
1.32004
1.32126
1.32247
1.32369
1.32491
1.32612
1.32734
1.32856
1.32978
1.33099
1.33221
1.33343
1.33465
1.33587
1.33709
1.33831
1.33953
1.34075
1.34197
1.34319
1.34441
1.34564
1.34686
1.34808
1.3493
1.35052
1.35175
1.35297
1.35419
1.35542
1.35664
1.35787
1.35909
1.36031
1.36154
1.36276
1.36399
1.36521
1.36644
1.36767
1.36889
1.37012
1.37134
1.37257
1.3738
1.37503
1.37625
1.37748
1.37871
1.37994
1.38116
1.38239
1.38362
1.38485
1.38608
1.38731
1.38854
1.38977
1.391
1.39223
1.39346
1.39469
1.39592
1.39715
1.39838
1.39961
1.40084
1.40207
1.4033
1.40453
1.40577
1.407
1.40823
1.40946
1.41069
1.41193
1.41316
1.41439
1.41563
1.41686
1.41809
1.41932
1.42056
1.42179
1.42303
1.42426
1.42549
1.42673
1.42796
1.4292
1.43043
1.43167
1.4329
1.43413
1.43537
1.4366
1.43784
1.43908
1.44031
1.44155
1.44278
1.44402
1.44525
1.44649
1.44772
1.44896
1.4502
1.45143
1.45267
1.45391
1.45514
1.45638
1.45762
1.45885
1.46009
1.46133
1.46256
1.4638
1.46504
1.46627
1.46751
1.46875
1.46998
1.47122
1.47246
1.4737
1.47493
1.47617
1.47741
1.47865
1.47988
1.48112
1.48236
1.4836
1.48484
1.48607
1.48731
1.48855
1.48979
1.49102
1.49226
1.4935
1.49474
1.49598
1.49721
1.49845
1.49969
1.50093
1.50217
1.5034
1.50464
1.50588
1.50712
1.50835
1.50959
1.51083
1.51207
1.51331
1.51454
1.51578
1.51702
1.51826
1.5195
1.52073
1.52197
1.52321
1.52445
1.52568
1.52692
1.52816
1.5294
1.53063
1.53187
1.53311
1.53435
1.53558
1.53682
1.53806
1.5393
1.54053
1.54177
1.54301
1.54424
1.54548
1.54672
1.54795
1.54919
1.55043
1.55166
1.5529
1.55414
1.55537
1.55661
1.55784
1.55908
1.56032
1.56155
1.56279
1.56402
1.56526
1.56649
1.56773
1.56896
1.5702
1.57143
1.57267
1.5739
1.57514
1.57637
1.57761
1.57884
1.58008
1.58131
1.58255
1.58378
1.58501
1.58625
1.58748
1.58871
1.58995
1.59118
1.59241
1.59365
1.59488
1.59611
1.59734
1.59858
1.59981
1.60104
1.60227
1.6035
1.60473
1.60597
1.6072
1.60843
1.60966
1.61089
1.61212
1.61335
1.61458
1.61581
1.61704
1.61827
1.6195
1.62073
1.62196
1.62319
1.62442
1.62564
1.62687
1.6281
1.62933
1.63056
1.63178
1.63301
1.63424
1.63547
1.63669
1.63792
1.63915
1.64037
1.6416
1.64282
1.64405
1.64528
1.6465
1.64773
1.64895
1.65017
1.6514
1.65262
1.65385
1.65507
1.65629
1.65752
1.65874
1.65996
1.66119
1.66241
1.66363
1.66485
1.66607
1.66729
1.66852
1.66974
1.67096
1.67218
1.6734
1.67462
1.67584
1.67706
1.67827
1.67949
1.68071
1.68193
1.68315
1.68437
1.68558
1.6868
1.68802
1.68923
1.69045
1.69167
1.69288
1.6941
1.69531
1.69653
1.69774
1.69896
1.70017
1.70138
1.7026
1.70381
1.70502
1.70624
1.70745
1.70866
1.70987
1.71108
1.7123
1.71351
1.71472
1.71593
1.71714
1.71835
1.71956
1.72077
1.72197
1.72318
1.72439
1.7256
1.72681
1.72801
1.72922
1.73043
1.73163
1.73284
1.73404
1.73525
1.73645
1.73766
1.73886
1.74006
1.74127
1.74247
1.74367
1.74488
1.74608
1.74728
1.74848
1.74968
1.75088
1.75208
1.75328
1.75448
1.75568
1.75688
1.75808
1.75928
1.76047
1.76167
1.76287
1.76407
1.76526
1.76646
1.76765
1.76885
1.77004
1.77124
1.77243
1.77363
1.77482
1.77601
1.7772
1.7784
1.77959
1.78078
1.78197
1.78316
1.78435
1.78554
1.78673
1.78792
1.78911
1.7903
1.79148
1.79267
1.79386
1.79504
1.79623
1.79742
1.7986
1.79979
1.80097
1.80216
1.80334
1.80452
1.80571
1.80689
1.80807
1.80925
1.81043
1.81161
1.81279
1.81397
1.81515
1.81633
1.81751
1.81869
1.81987
1.82105
1.82222
1.8234
1.82457
1.82575
1.82693
1.8281
1.82927
1.83045
1.83162
1.8328
1.83397
1.83514
1.83631
1.83748
1.83865
1.83982
1.84099
1.84216
1.84333
1.8445
1.84567
1.84684
1.848
1.84917
1.85034
1.8515
1.85267
1.85383
1.855
1.85616
1.85732
1.85849
1.85965
1.86081
1.86197
1.86313
1.86429
1.86545
1.86661
1.86777
1.86893
1.87009
1.87125
1.8724
1.87356
1.87472
1.87587
1.87703
1.87818
1.87934
1.88049
1.88164
1.8828
1.88395
1.8851
1.88625
1.8874
1.88855
1.8897
1.89085
1.892
1.89315
1.8943
1.89544
1.89659
1.89774
1.89888
1.90003
1.90117
1.90232
1.90346
1.9046
1.90575
1.90689
1.90803
1.90917
1.91031
1.91145
1.91259
1.91373
1.91487
1.91601
1.91715
1.91828
1.91942
1.92056
1.92169
1.92283
1.92396
1.92509
1.92623
1.92736
1.92849
1.92962
1.93075
1.93189
1.93302
1.93414
1.93527
1.9364
1.93753
1.93866
1.93978
1.94091
1.94204
1.94316
1.94429
1.94541
1.94653
1.94766
1.94878
1.9499
1.95102
1.95214
1.95326
1.95438
1.9555
1.95662
1.95774
1.95886
1.95997
1.96109
1.96221
1.96332
1.96444
1.96555
1.96666
1.96778
1.96889
1.97
1.97111
1.97222
1.97333
1.97444
1.97555
1.97666
1.97777
1.97888
1.97998
1.98109
1.98219
1.9833
1.9844
1.98551
1.98661
1.98771
1.98882
1.98992
1.99102
1.99212
1.99322
1.99432
1.99542
1.99651
1.99761
1.99871
1.9998
2.0009
2.002
2.00309
2.00418
2.00528
2.00637
2.00746
2.00855
2.00965
2.01074
2.01183
2.01292
2.014
2.01509
2.01618
2.01727
2.01835
2.01944
2.02052
2.02161
2.02269
2.02378
2.02486
2.02594
2.02702
2.0281
2.02918
2.03026
2.03134
2.03242
2.0335
2.03458
2.03565
2.03673
2.0378
2.03888
2.03995
2.04103
2.0421
2.04317
2.04424
2.04531
2.04639
2.04746
2.04852
2.04959
2.05066
2.05173
2.0528
2.05386
2.05493
2.05599
2.05706
2.05812
2.05919
2.06025
2.06131
2.06237
2.06343
2.06449
2.06555
2.06661
2.06767
2.06873
2.06978
2.07084
2.0719
2.07295
2.07401
2.07506
2.07611
2.07717
2.07822
2.07927
2.08032
2.08137
2.08242
2.08347
2.08452
2.08556
2.08661
2.08766
2.0887
2.08975
2.09079
2.09184
2.09288
2.09392
2.09496
2.09601
2.09705
2.09809
2.09913
2.10017
2.1012
2.10224
2.10328
2.10431
2.10535
2.10639
2.10742
2.10845
2.10949
2.11052
2.11155
2.11258
2.11361
2.11464
2.11567
2.1167
2.11773
2.11876
2.11978
2.12081
2.12183
2.12286
2.12388
2.12491
2.12593
2.12695
2.12797
2.12899
2.13001
2.13103
2.13205
2.13307
2.13409
2.13511
2.13612
2.13714
2.13815
2.13917
2.14018
2.1412
2.14221
2.14322
2.14423
2.14524
2.14625
2.14726
2.14827
2.14928
2.15029
2.15129
2.1523
2.1533
2.15431
2.15531
2.15632
2.15732
2.15832
2.15932
2.16032
2.16132
2.16232
2.16332
2.16432
2.16532
2.16632
2.16731
2.16831
2.1693
2.1703
2.17129
2.17228
2.17328
2.17427
2.17526
2.17625
2.17724
2.17823
2.17922
2.18021
2.18119
2.18218
2.18317
2.18415
2.18514
2.18612
2.1871
2.18809
2.18907
2.19005
2.19103
2.19201
2.19299
2.19397
2.19495
2.19592
2.1969
2.19788
2.19885
2.19983
2.2008
2.20177
2.20275
2.20372
2.20469
2.20566
2.20663
2.2076
2.20857
2.20954
2.21051
2.21147
2.21244
2.21341
2.21437
2.21534
2.2163
2.21726
2.21822
2.21919
2.22015
2.22111
2.22207
2.22303
2.22399
2.22494
2.2259
2.22686
2.22781
2.22877
2.22972
2.23068
2.23163
2.23258
2.23353
2.23449
2.23544
2.23639
2.23734
2.23828
2.23923
2.24018
2.24113
2.24207
2.24302
2.24396
2.24491
2.24585
2.24679
2.24774
2.24868
2.24962
2.25056
2.2515
2.25244
2.25337
2.25431
2.25525
2.25619
2.25712
2.25806
2.25899
2.25992
2.26086
2.26179
2.26272
2.26365
2.26458
2.26551
2.26644
2.26737
2.2683
2.26923
2.27015
2.27108
2.272
2.27293
2.27385
2.27477
2.2757
2.27662
2.27754
2.27846
2.27938
2.2803
2.28122
2.28214
2.28306
2.28397
2.28489
2.2858
2.28672
2.28763
2.28855
2.28946
2.29037
2.29128
2.29219
2.29311
2.29401
2.29492
2.29583
2.29674
2.29765
2.29855
2.29946
2.30037
2.30127
2.30217
2.30308
2.30398
2.30488
2.30578
2.30668
2.30758
2.30848
2.30938
2.31028
2.31118
2.31208
2.31297
2.31387
2.31476
2.31566
2.31655
2.31744
2.31834
2.31923
2.32012
2.32101
2.3219
2.32279
2.32368
2.32457
2.32545
2.32634
2.32723
2.32811
2.329
2.32988
2.33076
2.33165
2.33253
2.33341
2.33429
2.33517
2.33605
2.33693
2.33781
2.33869
2.33957
2.34044
2.34132
2.34219
2.34307
2.34394
2.34482
2.34569
2.34656
2.34743
2.34831
2.34918
2.35005
2.35092
2.35178
2.35265
2.35352
2.35439
2.35525
2.35612
2.35698
2.35785
2.35871
2.35957
2.36044
2.3613
2.36216
2.36302
2.36388
2.36474
2.3656
2.36646
2.36732
2.36817
2.36903
2.36988
2.37074
2.37159
2.37245
2.3733
2.37415
2.37501
2.37586
2.37671
2.37756
2.37841
2.37926
2.38011
2.38095
2.3818
2.38265
2.3835
2.38434
2.38519
2.38603
2.38687
2.38772
2.38856
2.3894
2.39024
2.39108
2.39192
2.39276
2.3936
2.39444
2.39528
2.39612
2.39695
2.39779
2.39862
2.39946
2.40029
2.40113
2.40196
2.40279
2.40363
2.40446
2.40529
2.40612
2.40695
2.40778
2.4086
2.40943
2.41026
2.41109
2.41191
2.41274
2.41356
2.41439
2.41521
2.41604
2.41686
2.41768
2.4185
2.41932
2.42014
2.42096
2.42178
2.4226
2.42342
2.42424
2.42506
2.42587
2.42669
2.4275
2.42832
2.42913
2.42995
2.43076
2.43157
2.43239
2.4332
2.43401
2.43482
2.43563
2.43644
2.43725
2.43805
2.43886
2.43967
2.44048
2.44128
2.44209
2.44289
2.4437
2.4445
2.44531
2.44611
2.44691
2.44771
2.44851
2.44932
2.45012
2.45092
2.45171
2.45251
2.45331
2.45411
2.45491
2.4557
2.4565
2.45729
2.45809
2.45888
2.45968
2.46047
2.46126
2.46206
2.46285
2.46364
2.46443
2.46522
2.46601
2.4668
2.46759
2.46838
2.46917
2.46995
2.47074
2.47153
2.47231
2.4731
2.47388
2.47467
2.47545
2.47624
2.47702
2.4778
2.47858
2.47937
2.48015
2.48093
2.48171
2.48249
2.48327
2.48405
2.48482
2.4856
2.48638
2.48716
2.48793
2.48871
2.48948
2.49026
2.49103
2.49181
2.49258
2.49335
2.49413
2.4949
2.49567
2.4949
2.49413
2.49336
2.49259
2.49182
2.49105
2.49028
2.48952
2.48875
2.48799
2.48722
2.48646
2.48569
2.48493
2.48417
2.4834
2.48264
2.48188
2.48112
2.48036
2.4796
2.47884
2.47808
2.47732
2.47656
2.4758
2.47504
2.47428
2.47352
2.47276
2.472
2.47125
2.47049
2.46973
2.46897
2.46821
2.46745
2.46669
2.46593
2.46518
2.46442
2.46366
2.4629
2.46214
2.46138
2.46062
2.45986
2.4591
2.45834
2.45758
2.45682
2.45606
2.4553
2.45453
2.45377
2.45301
2.45225
2.45148
2.45072
2.44996
2.44919
2.44843
2.44766
2.4469
2.44613
2.44536
2.4446
2.44383
2.44306
2.44229
2.44153
2.44076
2.43999
2.43922
2.43845
2.43767
2.4369
2.43613
2.43536
2.43458
2.43381
2.43303
2.43226
2.43148
2.4307
2.42993
2.42915
2.42837
2.42759
2.42681
2.42603
2.42525
2.42447
2.42368
2.4229
2.42212
2.42133
2.42055
2.41976
2.41897
2.41818
2.4174
2.41661
2.41582
2.41503
2.41423
2.41344
2.41265
2.41185
2.41106
2.41026
2.40947
2.40867
2.40787
2.40707
2.40627
2.40547
2.40467
2.40387
2.40307
2.40226
2.40146
2.40065
2.39985
2.39904
2.39823
2.39742
2.39661
2.3958
2.39499
2.39418
2.39336
2.39255
2.39173
2.39092
2.3901
2.38928
2.38847
2.38765
2.38683
2.386
2.38518
2.38436
2.38353
2.38271
2.38188
2.38106
2.38023
2.3794
2.37857
2.37774
2.37691
2.37607
2.37524
2.37441
2.37357
2.37274
2.3719
2.37106
2.37022
2.36938
2.36854
2.3677
2.36685
2.36601
2.36517
2.36432
2.36347
2.36263
2.36178
2.36093
2.36008
2.35922
2.35837
2.35752
2.35666
2.35581
2.35495
2.35409
2.35324
2.35238
2.35152
2.35065
2.34979
2.34893
2.34806
2.3472
2.34633
2.34547
2.3446
2.34373
2.34286
2.34199
2.34112
2.34024
2.33937
2.33849
2.33762
2.33674
2.33586
2.33498
2.3341
2.33322
2.33234
2.33146
2.33057
2.32969
2.3288
2.32792
2.32703
2.32614
2.32525
2.32436
2.32347
2.32257
2.32168
2.32079
2.31989
2.31899
2.3181
2.3172
2.3163
2.3154
2.3145
2.31359
2.31269
2.31179
2.31088
2.30997
2.30907
2.30816
2.30725
2.30634
2.30543
2.30451
2.3036
2.30269
2.30177
2.30085
2.29994
2.29902
2.2981
2.29718
2.29626
2.29534
2.29441
2.29349
2.29257
2.29164
2.29071
2.28978
2.28886
2.28793
2.287
2.28606
2.28513
2.2842
2.28326
2.28233
2.28139
2.28045
2.27952
2.27858
2.27764
2.27669
2.27575
2.27481
2.27387
2.27292
2.27197
2.27103
2.27008
2.26913
2.26818
2.26723
2.26628
2.26533
2.26437
2.26342
2.26246
2.26151
2.26055
2.25959
2.25863
2.25767
2.25671
2.25575
2.25478
2.25382
2.25286
2.25189
2.25092
2.24996
2.24899
2.24802
2.24705
2.24608
2.2451
2.24413
2.24316
2.24218
2.24121
2.24023
2.23925
2.23827
2.23729
2.23631
2.23533
2.23435
2.23337
2.23238
2.2314
2.23041
2.22943
2.22844
2.22745
2.22646
2.22547
2.22448
2.22349
2.22249
2.2215
2.2205
2.21951
2.21851
2.21751
2.21652
2.21552
2.21452
2.21352
2.21251
2.21151
2.21051
2.2095
2.2085
2.20749
2.20648
2.20548
2.20447
2.20346
2.20245
2.20143
2.20042
2.19941
2.19839
2.19738
2.19636
2.19535
2.19433
2.19331
2.19229
2.19127
2.19025
2.18923
2.18821
2.18718
2.18616
2.18513
2.18411
2.18308
2.18205
2.18102
2.17999
2.17896
2.17793
2.1769
2.17587
2.17483
2.1738
2.17276
2.17173
2.17069
2.16965
2.16861
2.16758
2.16654
2.16549
2.16445
2.16341
2.16237
2.16132
2.16028
2.15923
2.15818
2.15714
2.15609
2.15504
2.15399
2.15294
2.15189
2.15083
2.14978
2.14873
2.14767
2.14662
2.14556
2.1445
2.14344
2.14238
2.14133
2.14026
2.1392
2.13814
2.13708
2.13602
2.13495
2.13389
2.13282
2.13175
2.13069
2.12962
2.12855
2.12748
2.12641
2.12534
2.12427
2.12319
2.12212
2.12104
2.11997
2.11889
2.11782
2.11674
2.11566
2.11458
2.1135
2.11242
2.11134
2.11026
2.10918
2.10809
2.10701
2.10592
2.10484
2.10375
2.10267
2.10158
2.10049
2.0994
2.09831
2.09722
2.09613
2.09504
2.09394
2.09285
2.09175
2.09066
2.08956
2.08847
2.08737
2.08627
2.08517
2.08407
2.08297
2.08187
2.08077
2.07967
2.07857
2.07746
2.07636
2.07525
2.07415
2.07304
2.07193
2.07083
2.06972
2.06861
2.0675
2.06639
2.06528
2.06417
2.06305
2.06194
2.06083
2.05971
2.0586
2.05748
2.05636
2.05525
2.05413
2.05301
2.05189
2.05077
2.04965
2.04853
2.04741
2.04628
2.04516
2.04404
2.04291
2.04179
2.04066
2.03954
2.03841
2.03728
2.03615
2.03502
2.03389
2.03276
2.03163
2.0305
2.02937
2.02824
2.0271
2.02597
2.02483
2.0237
2.02256
2.02143
2.02029
2.01915
2.01801
2.01687
2.01573
2.01459
2.01345
2.01231
2.01117
2.01003
2.00888
2.00774
2.00659
2.00545
2.0043
2.00316
2.00201
2.00086
1.99972
1.99857
1.99742
1.99627
1.99512
1.99397
1.99282
1.99166
1.99051
1.98936
1.9882
1.98705
1.98589
1.98474
1.98358
1.98243
1.98127
1.98011
1.97895
1.97779
1.97663
1.97548
1.97431
1.97315
1.97199
1.97083
1.96967
1.9685
1.96734
1.96618
1.96501
1.96385
1.96268
1.96151
1.96035
1.95918
1.95801
1.95684
1.95567
1.9545
1.95333
1.95216
1.95099
1.94982
1.94865
1.94748
1.9463
1.94513
1.94396
1.94278
1.94161
1.94043
1.93925
1.93808
1.9369
1.93572
1.93455
1.93337
1.93219
1.93101
1.92983
1.92865
1.92747
1.92629
1.9251
1.92392
1.92274
1.92156
1.92037
1.91919
1.918
1.91682
1.91563
1.91445
1.91326
1.91207
1.91089
1.9097
1.90851
1.90732
1.90613
1.90494
1.90375
1.90256
1.90137
1.90018
1.89899
1.8978
1.8966
1.89541
1.89422
1.89302
1.89183
1.89064
1.88944
1.88824
1.88705
1.88585
1.88466
1.88346
1.88226
1.88106
1.87986
1.87867
1.87747
1.87627
1.87507
1.87387
1.87267
1.87147
1.87026
1.86906
1.86786
1.86666
1.86545
1.86425
1.86305
1.86184
1.86064
1.85943
1.85823
1.85702
1.85582
1.85461
1.85341
1.8522
1.85099
1.84978
1.84858
1.84737
1.84616
1.84495
1.84374
1.84253
1.84132
1.84011
1.8389
1.83769
1.83648
1.83527
1.83405
1.83284
1.83163
1.83042
1.8292
1.82799
1.82678
1.82556
1.82435
1.82313
1.82192
1.8207
1.81949
1.81827
1.81705
1.81584
1.81462
1.8134
1.81219
1.81097
1.80975
1.80853
1.80731
1.80609
1.80487
1.80366
1.80244
1.80122
1.8
1.79877
1.79755
1.79633
1.79511
1.79389
1.79267
1.79145
1.79022
1.789
1.78778
1.78656
1.78533
1.78411
1.78289
1.78166
1.78044
1.77921
1.77799
1.77676
1.77554
1.77431
1.77309
1.77186
1.77064
1.76941
1.76818
1.76696
1.76573
1.7645
1.76327
1.76205
1.76082
1.75959
1.75836
1.75714
1.75591
1.75468
1.75345
1.75222
1.75099
1.74976
1.74853
1.7473
1.74607
1.74484
1.74361
1.74238
1.74115
1.73992
1.73869
1.73746
1.73623
1.735
1.73376
1.73253
1.7313
1.73007
1.72884
1.7276
1.72637
1.72514
1.7239
1.72267
1.72144
1.72021
1.71897
1.71774
1.71651
1.71527
1.71404
1.7128
1.71157
1.71034
1.7091
1.70787
1.70663
1.7054
1.70416
1.70293
1.70169
1.70046
1.69922
1.69799
1.69675
1.69552
1.69428
1.69304
1.69181
1.69057
1.68934
1.6881
1.68686
1.68563
1.68439
1.68316
1.68192
1.68068
1.67945
1.67821
1.67697
1.67574
1.6745
1.67326
1.67203
1.67079
1.66955
1.66831
1.66708
1.66584
1.6646
1.66336
1.66213
1.66089
1.65965
1.65842
1.65718
1.65594
1.6547
1.65347
1.65223
1.65099
1.64975
1.64851
1.64728
1.64604
1.6448
1.64356
1.64233
1.64109
1.63985
1.63861
1.63738
1.63614
1.6349
1.63366
1.63242
1.63119
1.62995
1.62871
1.62747
1.62624
1.625
1.62376
1.62252
1.62129
1.62005
1.61881
1.61757
1.61633
1.6151
1.61386
1.61262
1.61139
1.61015
1.60891
1.60767
1.60644
1.6052
1.60396
1.60273
1.60149
1.60025
1.59901
1.59778
1.59654
1.5953
1.59407
1.59283
1.59159
1.59036
1.58912
1.58789
1.58665
1.58541
1.58418
1.58294
1.58171
1.58047
1.57923
1.578
1.57676
1.57553
1.57429
1.57306
1.57182
1.57059
1.56935
1.56812
1.56688
1.56565
1.56441
1.56318
1.56195
1.56071
1.55948
1.55824
1.55701
1.55578
1.55454
1.55331
1.55208
1.55084
1.54961
1.54838
1.54715
1.54591
1.54468
1.54345
1.54222
1.54098
1.53975
1.53852
1.53729
1.53606
1.53483
1.5336
1.53236
1.53113
1.5299
1.52867
1.52744
1.52621
1.52498
1.52375
1.52252
1.52129
1.52006
1.51884
1.51761
1.51638
1.51515
1.51392
1.51269
1.51147
1.51024
1.50901
1.50778
1.50656
1.50533
1.5041
1.50288
1.50165
1.50042
1.4992
1.49797
1.49675
1.49552
1.4943
1.49307
1.49185
1.49062
1.4894
1.48817
1.48695
1.48573
1.4845
1.48328
1.48206
1.48083
1.47961
1.47839
1.47717
1.47595
1.47473
1.4735
1.47228
1.47106
1.46984
1.46862
1.4674
1.46618
1.46496
1.46374
1.46252
1.46131
1.46009
1.45887
1.45765
1.45643
1.45522
1.454
1.45278
1.45157
1.45035
1.44913
1.44792
1.4467
1.44549
1.44427
1.44306
1.44184
1.44063
1.43942
1.4382
1.43699
1.43578
1.43456
1.43335
1.43214
1.43093
1.42972
1.42851
1.4273
1.42608
1.42487
1.42366
1.42246
1.42125
1.42004
1.41883
1.41762
1.41641
1.41521
1.414
1.41279
1.41158
1.41038
1.40917
1.40797
1.40676
1.40556
1.40435
1.40315
1.40194
1.40074
1.39954
1.39833
1.39713
1.39593
1.39473
1.39352
1.39232
1.39112
1.38992
1.38872
1.38752
1.38632
1.38512
1.38392
1.38273
1.38153
1.38033
1.37913
1.37794
1.37674
1.37554
1.37435
1.37315
1.37196
1.37076
1.36957
1.36837
1.36718
1.36599
1.36479
1.3636
1.36241
1.36122
1.36003
1.35884
1.35764
1.35645
1.35527
1.35408
1.35289
1.3517
1.35051
1.34932
1.34813
1.34695
1.34576
1.34458
1.34339
1.3422
1.34102
1.33983
1.33865
1.33747
1.33628
1.3351
1.33392
1.33274
1.33155
1.33037
1.32919
1.32801
1.32683
1.32565
1.32447
1.3233
1.32212
1.32094
1.31976
1.31858
1.31741
1.31623
1.31506
1.31388
1.31271
1.31153
1.31036
1.30918
1.30801
1.30684
1.30567
1.3045
1.30332
1.30215
1.30098
1.29981
1.29864
1.29748
1.29631
1.29514
1.29397
1.2928
1.29164
1.29047
1.28931
1.28814
1.28698
1.28581
1.28465
1.28348
1.28232
1.28116
1.28
1.27884
1.27767
1.27651
1.27535
1.27419
1.27303
1.27188
1.27072
1.26956
1.2684
1.26725
1.26609
1.26493
1.26378
1.26262
1.26147
1.26032
1.25916
1.25801
1.25686
1.25571
1.25455
1.2534
1.25225
1.2511
1.24995
1.24881
1.24766
1.24651
1.24536
1.24422
1.24307
1.24192
1.24078
1.23963
1.23849
1.23734
1.2362
1.23506
1.23392
1.23278
1.23163
1.23049
1.22935
1.22821
1.22707
1.22594
1.2248
1.22366
1.22252
1.22139
1.22025
1.21912
1.21798
1.21685
1.21571
1.21458
1.21345
1.21231
1.21118
1.21005
1.20892
1.20779
1.20666
1.20553
1.2044
1.20327
1.20215
1.20102
1.19989
1.19877
1.19764
1.19652
1.19539
1.19427
1.19315
1.19202
1.1909
1.18978
1.18866
1.18754
1.18642
1.1853
1.18418
1.18306
1.18195
1.18083
1.17971
1.1786
1.17748
1.17637
1.17525
1.17414
1.17303
1.17191
1.1708
1.16969
1.16858
1.16747
1.16636
1.16525
1.16414
1.16303
1.16193
1.16082
1.15971
1.15861
1.1575
1.1564
1.15529
1.15419
1.15309
1.15199
1.15088
1.14978
1.14868
1.14758
1.14648
1.14538
1.14429
1.14319
1.14209
1.14099
1.1399
1.1388
1.13771
1.13661
1.13552
1.13443
1.13334
1.13224
1.13115
1.13006
1.12897
1.12788
1.12679
1.12571
1.12462
1.12353
1.12244
1.12136
1.12027
1.11919
1.1181
1.11702
1.11594
1.11486
1.11377
1.11269
1.11161
1.11053
1.10945
1.10838
1.1073
1.10622
1.10514
1.10407
1.10299
1.10192
1.10084
1.09977
1.09869
1.09762
1.09655
1.09548
1.09441
1.09334
1.09227
1.0912
1.09013
1.08906
1.088
1.08693
1.08586
1.0848
1.08373
1.08267
1.08161
1.08054
1.07948
1.07842
1.07736
1.0763
1.07524
1.07418
1.07312
1.07206
1.07101
1.06995
1.06889
1.06784
1.06678
1.06573
1.06468
1.06362
1.06257
1.06152
1.06047
1.05942
1.05837
1.05732
1.05627
1.05522
1.05417
1.05313
1.05208
1.05104
1.04999
1.04895
1.0479
1.04686
1.04582
1.04478
1.04374
1.0427
1.04166
1.04062
1.03958
1.03854
1.0375
1.03647
1.03543
1.0344
1.03336
1.03233
1.03129
1.03026
1.02923
1.0282
1.02717
1.02614
1.02511
1.02408
1.02305
1.02202
1.021
1.01997
1.01894
1.01792
1.01689
1.01587
1.01485
1.01382
1.0128
1.01178
1.01076
1.00974
1.00872
1.0077
1.00668
1.00567
1.00465
1.00363
1.00262
1.0016
1.00059
0.999576
0.998563
0.997551
0.99654
0.995529
0.994518
0.993509
0.9925
0.991491
0.990483
0.989476
0.98847
0.987464
0.986459
0.985454
0.984451
0.983447
0.982445
0.981443
0.980442
0.979441
0.978441
0.977442
0.976443
0.975445
0.974448
0.973451
0.972455
0.971459
0.970465
0.96947
0.968477
0.967484
0.966492
0.9655
0.96451
0.963519
0.96253
0.961541
0.960552
0.959565
0.958578
0.957592
0.956606
0.955621
0.954636
0.953653
0.95267
0.951687
0.950705
0.949724
0.948744
0.947764
0.946785
0.945806
0.944828
0.943851
0.942875
0.941899
0.940923
0.939949
0.938975
0.938002
0.937029
0.936057
0.935085
0.934115
0.933145
0.932175
0.931207
0.930238
0.929271
0.928304
0.927338
0.926373
0.925408
0.924444
0.92348
0.922517
0.921555
0.920593
0.919632
0.918672
0.917712
0.916753
0.915795
0.914837
0.91388
0.912924
0.911968
0.911013
0.910059
0.909105
0.908152
0.9072
0.906248
0.905297
0.904346
0.903396
0.902447
0.901498
0.900551
0.899603
0.898657
0.897711
0.896765
0.895821
0.894877
0.893933
0.892991
0.892049
0.891107
0.890166
0.889226
0.888287
0.887348
0.88641
0.885472
0.884535
0.883599
0.882664
0.881729
0.880794
0.879861
0.878928
0.877996
0.877064
0.876133
0.875202
0.874273
0.873344
0.872415
0.871487
0.87056
0.869634
0.868708
0.867782
0.866858
0.865934
0.865011
0.864088
0.863166
0.862245
0.861324
0.860404
0.859484
0.858566
0.857647
0.85673
0.855813
0.854897
0.853981
0.853066
0.852152
0.851238
0.850325
0.849413
0.848501
0.84759
0.84668
0.84577
0.844861
0.843952
0.843044
0.842137
0.84123
0.840324
0.839419
0.838514
0.83761
0.836707
0.835804
0.834902
0.834
0.833099
0.832199
0.8313
0.830401
0.829502
0.828605
0.827707
0.826811
0.825915
0.82502
0.824125
0.823231
0.822338
0.821445
0.820553
0.819662
0.818771
0.817881
0.816992
0.816103
0.815214
0.814327
0.81344
0.812553
0.811668
0.810782
0.809898
0.809014
0.808131
0.807248
0.806366
0.805485
0.804604
0.803724
0.802844
0.801965
0.801087
0.800209
0.799332
0.798456
0.79758
0.796705
0.79583
0.794956
0.794083
0.79321
0.792338
0.791467
0.790596
0.789726
0.788856
0.787987
0.787119
0.786251
0.785384
0.784517
0.783651
0.782786
0.781921
0.781057
0.780193
0.77933
0.778468
0.777606
0.776745
0.775885
0.775025
0.774165
0.773307
0.772449
0.771591
0.770734
0.769878
0.769022
0.768167
0.767313
0.766459
0.765606
0.764753
0.763901
0.763049
0.762198
0.761348
0.760498
0.759649
0.758801
0.757953
0.757106
0.756259
0.755413
0.754567
0.753722
0.752878
0.752034
0.751191
0.750348
0.749506
0.748665
0.747824
0.746983
0.746144
0.745305
0.744466
0.743628
0.742791
0.741954
0.741118
0.740282
0.739447
0.738613
0.737779
0.736945
0.736113
0.73528
0.734449
0.733618
0.732787
0.731957
0.731128
0.730299
0.729471
0.728643
0.727816
0.72699
0.726164
0.725338
0.724513
0.723689
0.722865
0.722042
0.72122
0.720398
0.719576
0.718755
0.717935
0.717115
0.716296
0.715477
0.714659
0.713841
0.713024
0.712208
0.711392
0.710576
0.709761
0.708947
0.708133
0.70732
0.706507
0.705695
0.704883
0.704072
0.703262
0.702452
0.701642
0.700833
0.700025
0.699217
0.698409
0.697603
0.696796
0.69599
0.695185
0.69438
0.693576
0.692772
0.691969
0.691167
0.690364
0.689563
0.688762
0.687961
0.687161
0.686361
0.685562
0.684764
0.683966
0.683168
0.682371
0.681575
0.680778
0.679983
0.679188
0.678393
0.677599
0.676806
0.676013
0.67522
0.674428
0.673637
0.672845
0.672055
0.671265
0.670475
0.669686
0.668897
0.668109
0.667321
0.666534
0.665747
0.664961
0.664175
0.66339
0.662605
0.661821
0.661037
0.660253
0.65947
0.658688
0.657906
0.657124
0.656343
0.655562
0.654782
0.654002
0.654785
0.655567
0.656348
0.657129
0.657908
0.658687
0.659465
0.660242
0.661019
0.661795
0.66257
0.663345
0.664119
0.664893
0.665666
0.666439
0.667211
0.667983
0.668754
0.669525
0.670296
0.671067
0.671837
0.672607
0.673376
0.674146
0.674915
0.675684
0.676453
0.677221
0.67799
0.678758
0.679527
0.680295
0.681063
0.681832
0.6826
0.683368
0.684137
0.684905
0.685674
0.686442
0.687211
0.68798
0.688749
0.689518
0.690287
0.691057
0.691827
0.692596
0.693367
0.694137
0.694908
0.695679
0.69645
0.697222
0.697993
0.698766
0.699538
0.700311
0.701084
0.701858
0.702632
0.703407
0.704182
0.704957
0.705733
0.706509
0.707286
0.708063
0.708841
0.709619
0.710397
0.711177
0.711956
0.712737
0.713517
0.714299
0.715081
0.715863
0.716646
0.71743
0.718214
0.718999
0.719785
0.720571
0.721358
0.722145
0.722933
0.723722
0.724511
0.725301
0.726092
0.726883
0.727675
0.728468
0.729262
0.730056
0.730851
0.731647
0.732443
0.73324
0.734038
0.734837
0.735636
0.736436
0.737237
0.738039
0.738841
0.739644
0.740449
0.741253
0.742059
0.742865
0.743673
0.744481
0.74529
0.746099
0.74691
0.747721
0.748534
0.749347
0.75016
0.750975
0.751791
0.752607
0.753425
0.754243
0.755062
0.755882
0.756702
0.757524
0.758347
0.75917
0.759994
0.760819
0.761646
0.762473
0.7633
0.764129
0.764959
0.765789
0.766621
0.767453
0.768287
0.769121
0.769956
0.770792
0.771629
0.772467
0.773306
0.774146
0.774987
0.775828
0.776671
0.777514
0.778359
0.779204
0.780051
0.780898
0.781746
0.782595
0.783446
0.784297
0.785149
0.786002
0.786856
0.787711
0.788566
0.789423
0.790281
0.79114
0.792
0.79286
0.793722
0.794585
0.795448
0.796313
0.797178
0.798045
0.798912
0.799781
0.80065
0.80152
0.802392
0.803264
0.804137
0.805011
0.805887
0.806763
0.80764
0.808518
0.809397
0.810278
0.811159
0.812041
0.812924
0.813808
0.814693
0.815579
0.816466
0.817354
0.818243
0.819132
0.820023
0.820915
0.821808
0.822702
0.823597
0.824492
0.825389
0.826287
0.827186
0.828085
0.828986
0.829888
0.83079
0.831694
0.832598
0.833504
0.83441
0.835318
0.836226
0.837136
0.838046
0.838958
0.83987
0.840783
0.841698
0.842613
0.843529
0.844447
0.845365
0.846284
0.847204
0.848125
0.849047
0.84997
0.850894
0.851819
0.852745
0.853672
0.8546
0.855529
0.856459
0.85739
0.858321
0.859254
0.860188
0.861122
0.862058
0.862995
0.863932
0.864871
0.86581
0.86675
0.867692
0.868634
0.869577
0.870521
0.871467
0.872413
0.87336
0.874308
0.875257
0.876207
0.877158
0.878109
0.879062
0.880016
0.88097
0.881926
0.882882
0.88384
0.884798
0.885758
0.886718
0.887679
0.888641
0.889604
0.890568
0.891533
0.892499
0.893466
0.894434
0.895402
0.896372
0.897342
0.898314
0.899286
0.900259
0.901234
0.902209
0.903185
0.904162
0.90514
0.906118
0.907098
0.908079
0.90906
0.910043
0.911026
0.91201
0.912995
0.913981
0.914968
0.915956
0.916945
0.917935
0.918925
0.919917
0.920909
0.921902
0.922897
0.923892
0.924888
0.925885
0.926882
0.927881
0.92888
0.929881
0.930882
0.931884
0.932887
0.933891
0.934896
0.935902
0.936909
0.937916
0.938924
0.939934
0.940944
0.941955
0.942966
0.943979
0.944993
0.946007
0.947022
0.948039
0.949056
0.950074
0.951092
0.952112
0.953132
0.954154
0.955176
0.956199
0.957223
0.958248
0.959273
0.9603
0.961327
0.962355
0.963384
0.964414
0.965445
0.966476
0.967508
0.968542
0.969576
0.97061
0.971646
0.972683
0.97372
0.974758
0.975797
0.976837
0.977878
0.978919
0.979961
0.981005
0.982048
0.983093
0.984139
0.985185
0.986232
0.98728
0.988329
0.989379
0.990429
0.991481
0.992533
0.993586
0.994639
0.995694
0.996749
0.997805
0.998862
0.99992
1.00098
1.00204
1.0031
1.00416
1.00522
1.00628
1.00735
1.00841
1.00947
1.01054
1.01161
1.01267
1.01374
1.01481
1.01588
1.01695
1.01802
1.01909
1.02016
1.02124
1.02231
1.02339
1.02446
1.02554
1.02662
1.02769
1.02877
1.02985
1.03093
1.03201
1.03309
1.03418
1.03526
1.03634
1.03743
1.03851
1.0396
1.04069
1.04177
1.04286
1.04395
1.04504
1.04613
1.04722
1.04831
1.04941
1.0505
1.05159
1.05269
1.05378
1.05488
1.05598
1.05708
1.05817
1.05927
1.06037
1.06147
1.06257
1.06368
1.06478
1.06588
1.06699
1.06809
1.0692
1.0703
1.07141
1.07252
1.07363
1.07473
1.07584
1.07695
1.07807
1.07918
1.08029
1.0814
1.08252
1.08363
1.08475
1.08586
1.08698
1.08809
1.08921
1.09033
1.09145
1.09257
1.09369
1.09481
1.09593
1.09706
1.09818
1.0993
1.10043
1.10155
1.10268
1.1038
1.10493
1.10606
1.10719
1.10832
1.10944
1.11057
1.11171
1.11284
1.11397
1.1151
1.11624
1.11737
1.1185
1.11964
1.12077
1.12191
1.12305
1.12419
1.12532
1.12646
1.1276
1.12874
1.12988
1.13102
1.13217
1.13331
1.13445
1.1356
1.13674
1.13789
1.13903
1.14018
1.14132
1.14247
1.14362
1.14477
1.14592
1.14707
1.14822
1.14937
1.15052
1.15167
1.15282
1.15398
1.15513
1.15628
1.15744
1.15859
1.15975
1.16091
1.16206
1.16322
1.16438
1.16554
1.1667
1.16786
1.16902
1.17018
1.17134
1.1725
1.17366
1.17483
1.17599
1.17716
1.17832
1.17949
1.18065
1.18182
1.18298
1.18415
1.18532
1.18649
1.18766
1.18883
1.19
1.19117
1.19234
1.19351
1.19468
1.19585
1.19703
1.1982
1.19937
1.20055
1.20172
1.2029
1.20407
1.20525
1.20643
1.20761
1.20878
1.20996
1.21114
1.21232
1.2135
1.21468
1.21586
1.21704
1.21822
1.21941
1.22059
1.22177
1.22296
1.22414
1.22532
1.22651
1.22769
1.22888
1.23007
1.23125
1.23244
1.23363
1.23482
1.236
1.23719
1.23838
1.23957
1.24076
1.24195
1.24315
1.24434
1.24553
1.24672
1.24791
1.24911
1.2503
1.2515
1.25269
1.25389
1.25508
1.25628
1.25747
1.25867
1.25987
1.26106
1.26226
1.26346
1.26466
1.26586
1.26706
1.26826
1.26946
1.27066
1.27186
1.27306
1.27426
1.27546
1.27667
1.27787
1.27907
1.28028
1.28148
1.28268
1.28389
1.28509
1.2863
1.2875
1.28871
1.28992
1.29112
1.29233
1.29354
1.29475
1.29595
1.29716
1.29837
1.29958
1.30079
1.302
1.30321
1.30442
1.30563
1.30684
1.30806
1.30927
1.31048
1.31169
1.3129
1.31412
1.31533
1.31655
1.31776
1.31897
1.32019
1.3214
1.32262
1.32383
1.32505
1.32627
1.32748
1.3287
1.32992
1.33113
1.33235
1.33357
1.33479
1.33601
1.33722
1.33844
1.33966
1.34088
1.3421
1.34332
1.34454
1.34576
1.34698
1.34821
1.34943
1.35065
1.35187
1.35309
1.35432
1.35554
1.35676
1.35798
1.35921
1.36043
1.36165
1.36288
1.3641
1.36533
1.36655
1.36778
1.369
1.37023
1.37145
1.37268
1.37391
1.37513
1.37636
1.37759
1.37881
1.38004
1.38127
1.38249
1.38372
1.38495
1.38618
1.38741
1.38864
1.38986
1.39109
1.39232
1.39355
1.39478
1.39601
1.39724
1.39847
1.3997
1.40093
1.40216
1.40339
1.40462
1.40585
1.40708
1.40832
1.40955
1.41078
1.41201
1.41324
1.41448
1.41571
1.41694
1.41817
1.41941
1.42064
1.42187
1.4231
1.42434
1.42557
1.4268
1.42804
1.42927
1.43051
1.43174
1.43297
1.43421
1.43544
1.43668
1.43791
1.43915
1.44038
1.44162
1.44285
1.44409
1.44532
1.44656
1.44779
1.44903
1.45026
1.4515
1.45273
1.45397
1.45521
1.45644
1.45768
1.45891
1.46015
1.46139
1.46262
1.46386
1.46509
1.46633
1.46757
1.4688
1.47004
1.47128
1.47252
1.47375
1.47499
1.47623
1.47746
1.4787
1.47994
1.48117
1.48241
1.48365
1.48489
1.48612
1.48736
1.4886
1.48984
1.49107
1.49231
1.49355
1.49479
1.49602
1.49726
1.4985
1.49974
1.50097
1.50221
1.50345
1.50469
1.50592
1.50716
1.5084
1.50964
1.51087
1.51211
1.51335
1.51459
1.51582
1.51706
1.5183
1.51954
1.52077
1.52201
1.52325
1.52449
1.52572
1.52696
1.5282
1.52943
1.53067
1.53191
1.53315
1.53438
1.53562
1.53686
1.53809
1.53933
1.54057
1.5418
1.54304
1.54428
1.54551
1.54675
1.54799
1.54922
1.55046
1.5517
1.55293
1.55417
1.5554
1.55664
1.55788
1.55911
1.56035
1.56158
1.56282
1.56405
1.56529
1.56652
1.56776
1.56899
1.57023
1.57146
1.5727
1.57393
1.57517
1.5764
1.57764
1.57887
1.5801
1.58134
1.58257
1.58381
1.58504
1.58627
1.58751
1.58874
1.58997
1.59121
1.59244
1.59367
1.5949
1.59614
1.59737
1.5986
1.59983
1.60106
1.6023
1.60353
1.60476
1.60599
1.60722
1.60845
1.60968
1.61091
1.61214
1.61338
1.61461
1.61584
1.61706
1.61829
1.61952
1.62075
1.62198
1.62321
1.62444
1.62567
1.6269
1.62813
1.62935
1.63058
1.63181
1.63304
1.63426
1.63549
1.63672
1.63794
1.63917
1.6404
1.64162
1.64285
1.64407
1.6453
1.64653
1.64775
1.64897
1.6502
1.65142
1.65265
1.65387
1.6551
1.65632
1.65754
1.65877
1.65999
1.66121
1.66243
1.66366
1.66488
1.6661
1.66732
1.66854
1.66976
1.67098
1.6722
1.67342
1.67464
1.67586
1.67708
1.6783
1.67952
1.68074
1.68196
1.68318
1.68439
1.68561
1.68683
1.68805
1.68926
1.69048
1.69169
1.69291
1.69413
1.69534
1.69656
1.69777
1.69899
1.7002
1.70141
1.70263
1.70384
1.70505
1.70627
1.70748
1.70869
1.7099
1.71112
1.71233
1.71354
1.71475
1.71596
1.71717
1.71838
1.71959
1.7208
1.72201
1.72322
1.72442
1.72563
1.72684
1.72805
1.72925
1.73046
1.73167
1.73287
1.73408
1.73528
1.73649
1.73769
1.7389
1.7401
1.74131
1.74251
1.74371
1.74491
1.74612
1.74732
1.74852
1.74972
1.75092
1.75212
1.75332
1.75452
1.75572
1.75692
1.75812
1.75932
1.76052
1.76172
1.76291
1.76411
1.76531
1.7665
1.7677
1.76889
1.77009
1.77128
1.77248
1.77367
1.77487
1.77606
1.77725
1.77844
1.77964
1.78083
1.78202
1.78321
1.7844
1.78559
1.78678
1.78797
1.78916
1.79035
1.79154
1.79272
1.79391
1.7951
1.79629
1.79747
1.79866
1.79984
1.80103
1.80221
1.8034
1.80458
1.80576
1.80695
1.80813
1.80931
1.81049
1.81168
1.81286
1.81404
1.81522
1.8164
1.81758
1.81875
1.81993
1.82111
1.82229
1.82346
1.82464
1.82582
1.82699
1.82817
1.82934
1.83052
1.83169
1.83287
1.83404
1.83521
1.83638
1.83756
1.83873
1.8399
1.84107
1.84224
1.84341
1.84458
1.84575
1.84691
1.84808
1.84925
1.85041
1.85158
1.85275
1.85391
1.85508
1.85624
1.85741
1.85857
1.85973
1.8609
1.86206
1.86322
1.86438
1.86554
1.8667
1.86786
1.86902
1.87018
1.87134
1.87249
1.87365
1.87481
1.87597
1.87712
1.87828
1.87943
1.88059
1.88174
1.88289
1.88405
1.8852
1.88635
1.8875
1.88865
1.8898
1.89095
1.8921
1.89325
1.8944
1.89555
1.8967
1.89784
1.89899
1.90014
1.90128
1.90243
1.90357
1.90471
1.90586
1.907
1.90814
1.90929
1.91043
1.91157
1.91271
1.91385
1.91499
1.91613
1.91726
1.9184
1.91954
1.92068
1.92181
1.92295
1.92408
1.92522
1.92635
1.92749
1.92862
1.92975
1.93088
1.93201
1.93315
1.93428
1.93541
1.93653
1.93766
1.93879
1.93992
1.94105
1.94217
1.9433
1.94442
1.94555
1.94667
1.9478
1.94892
1.95004
1.95117
1.95229
1.95341
1.95453
1.95565
1.95677
1.95789
1.95901
1.96012
1.96124
1.96236
1.96347
1.96459
1.9657
1.96682
1.96793
1.96905
1.97016
1.97127
1.97238
1.97349
1.9746
1.97571
1.97682
1.97793
1.97904
1.98015
1.98126
1.98236
1.98347
1.98457
1.98568
1.98678
1.98789
1.98899
1.99009
1.99119
1.9923
1.9934
1.9945
1.9956
1.9967
1.99779
1.99889
1.99999
2.00109
2.00218
2.00328
2.00437
2.00547
2.00656
2.00765
2.00875
2.00984
2.01093
2.01202
2.01311
2.0142
2.01529
2.01638
2.01747
2.01855
2.01964
2.02073
2.02181
2.0229
2.02398
2.02507
2.02615
2.02723
2.02831
2.0294
2.03048
2.03156
2.03264
2.03372
2.03479
2.03587
2.03695
2.03803
2.0391
2.04018
2.04125
2.04233
2.0434
2.04447
2.04554
2.04662
2.04769
2.04876
2.04983
2.0509
2.05197
2.05303
2.0541
2.05517
2.05623
2.0573
2.05837
2.05943
2.06049
2.06156
2.06262
2.06368
2.06474
2.0658
2.06686
2.06792
2.06898
2.07004
2.0711
2.07215
2.07321
2.07427
2.07532
2.07638
2.07743
2.07848
2.07954
2.08059
2.08164
2.08269
2.08374
2.08479
2.08584
2.08689
2.08794
2.08898
2.09003
2.09107
2.09212
2.09316
2.09421
2.09525
2.09629
2.09734
2.09838
2.09942
2.10046
2.1015
2.10254
2.10358
2.10461
2.10565
2.10669
2.10772
2.10876
2.10979
2.11083
2.11186
2.11289
2.11392
2.11495
2.11599
2.11702
2.11804
2.11907
2.1201
2.12113
2.12216
2.12318
2.12421
2.12523
2.12626
2.12728
2.1283
2.12933
2.13035
2.13137
2.13239
2.13341
2.13443
2.13545
2.13646
2.13748
2.1385
2.13951
2.14053
2.14154
2.14256
2.14357
2.14458
2.1456
2.14661
2.14762
2.14863
2.14964
2.15065
2.15166
2.15266
2.15367
2.15468
2.15568
2.15669
2.15769
2.1587
2.1597
2.1607
2.1617
2.1627
2.1637
2.1647
2.1657
2.1667
2.1677
2.1687
2.16969
2.17069
2.17169
2.17268
2.17367
2.17467
2.17566
2.17665
2.17764
2.17864
2.17963
2.18061
2.1816
2.18259
2.18358
2.18457
2.18555
2.18654
2.18752
2.18851
2.18949
2.19047
2.19146
2.19244
2.19342
2.1944
2.19538
2.19636
2.19734
2.19832
2.19929
2.20027
2.20125
2.20222
2.20319
2.20417
2.20514
2.20611
2.20709
2.20806
2.20903
2.21
2.21097
2.21194
2.21291
2.21387
2.21484
2.21581
2.21677
2.21774
2.2187
2.21966
2.22063
2.22159
2.22255
2.22351
2.22447
2.22543
2.22639
2.22735
2.22831
2.22926
2.23022
2.23118
2.23213
2.23309
2.23404
2.23499
2.23595
2.2369
2.23785
2.2388
2.23975
2.2407
2.24165
2.24259
2.24354
2.24449
2.24544
2.24638
2.24733
2.24827
2.24921
2.25016
2.2511
2.25204
2.25298
2.25392
2.25486
2.2558
2.25674
2.25768
2.25861
2.25955
2.26048
2.26142
2.26235
2.26329
2.26422
2.26515
2.26608
2.26702
2.26795
2.26888
2.26981
2.27073
2.27166
2.27259
2.27352
2.27444
2.27537
2.27629
2.27722
2.27814
2.27906
2.27999
2.28091
2.28183
2.28275
2.28367
2.28459
2.28551
2.28642
2.28734
2.28826
2.28917
2.29009
2.291
2.29192
2.29283
2.29374
2.29465
2.29557
2.29648
2.29739
2.2983
2.29921
2.30011
2.30102
2.30193
2.30283
2.30374
2.30464
2.30555
2.30645
2.30736
2.30826
2.30916
2.31006
2.31096
2.31186
2.31276
2.31366
2.31456
2.31546
2.31635
2.31725
2.31814
2.31904
2.31993
2.32083
2.32172
2.32261
2.32351
2.3244
2.32529
2.32618
2.32707
2.32795
2.32884
2.32973
2.33062
2.3315
2.33239
2.33327
2.33416
2.33504
2.33593
2.33681
2.33769
2.33857
2.33945
2.34033
2.34121
2.34209
2.34297
2.34385
2.34472
2.3456
2.34647
2.34735
2.34822
2.3491
2.34997
2.35084
2.35172
2.35259
2.35346
2.35433
2.3552
2.35607
2.35694
2.3578
2.35867
2.35954
2.3604
2.36127
2.36213
2.363
2.36386
2.36472
2.36559
2.36645
2.36731
2.36817
2.36903
2.36989
2.37075
2.37161
2.37246
2.37332
2.37418
2.37503
2.37589
2.37674
2.3776
2.37845
2.3793
2.38016
2.38101
2.38186
2.38271
2.38356
2.38441
2.38526
2.38611
2.38695
2.3878
2.38865
2.38949
2.39034
2.39118
2.39203
2.39287
2.39371
2.39456
2.3954
2.39624
2.39708
2.39792
2.39876
2.3996
2.40044
2.40127
2.40211
2.40295
2.40378
2.40462
2.40545
2.40629
2.40712
2.40796
2.40879
2.40962
2.41045
2.41128
2.41211
2.41294
2.41377
2.4146
2.41543
2.41626
2.41708
2.41791
2.41874
2.41956
2.42039
2.42121
2.42204
2.42286
2.42368
2.4245
2.42533
2.42615
2.42697
2.42779
2.42861
2.42943
2.43024
2.43106
2.43188
2.4327
2.43351
2.43433
2.43514
2.43596
2.43677
2.43758
2.4384
2.43921
2.44002
2.44083
2.44165
2.44246
2.44327
2.44407
2.44488
2.44569
2.4465
2.44731
2.44811
2.44892
2.44973
2.45053
2.45134
2.45214
2.45294
2.45375
2.45455
2.45535
2.45615
2.45696
2.45776
2.45856
2.45936
2.46016
2.46095
2.46175
2.46255
2.46335
2.46415
2.46494
2.46574
2.46653
2.46733
2.46812
2.46892
2.46971
2.4705
2.4713
2.47209
2.47288
2.47367
2.47446
2.47525
2.47604
2.47683
2.47762
2.47841
2.4792
2.47998
2.47919
2.4784
2.47762
2.47683
2.47604
2.47526
2.47447
2.47369
2.47291
2.47212
2.47134
2.47056
2.46978
2.469
2.46822
2.46744
2.46666
2.46588
2.4651
2.46433
2.46355
2.46277
2.46199
2.46122
2.46044
2.45966
2.45889
2.45811
2.45734
2.45656
2.45579
2.45501
2.45424
2.45346
2.45268
2.45191
2.45113
2.45036
2.44958
2.44881
2.44803
2.44726
2.44648
2.44571
2.44493
2.44415
2.44338
2.4426
2.44182
2.44105
2.44027
2.43949
2.43872
2.43794
2.43716
2.43638
2.4356
2.43482
2.43404
2.43326
2.43248
2.4317
2.43092
2.43014
2.42936
2.42857
2.42779
2.42701
2.42622
2.42544
2.42465
2.42387
2.42308
2.4223
2.42151
2.42072
2.41994
2.41915
2.41836
2.41757
2.41678
2.41599
2.4152
2.4144
2.41361
2.41282
2.41202
2.41123
2.41043
2.40964
2.40884
2.40804
2.40725
2.40645
2.40565
2.40485
2.40405
2.40325
2.40244
2.40164
2.40084
2.40003
2.39923
2.39842
2.39761
2.39681
2.396
2.39519
2.39438
2.39357
2.39276
2.39195
2.39113
2.39032
2.3895
2.38869
2.38787
2.38706
2.38624
2.38542
2.3846
2.38378
2.38296
2.38214
2.38131
2.38049
2.37966
2.37884
2.37801
2.37719
2.37636
2.37553
2.3747
2.37387
2.37304
2.3722
2.37137
2.37054
2.3697
2.36886
2.36803
2.36719
2.36635
2.36551
2.36467
2.36383
2.36299
2.36214
2.3613
2.36045
2.35961
2.35876
2.35791
2.35706
2.35621
2.35536
2.35451
2.35366
2.3528
2.35195
2.35109
2.35024
2.34938
2.34852
2.34766
2.3468
2.34594
2.34508
2.34421
2.34335
2.34248
2.34162
2.34075
2.33988
2.33901
2.33814
2.33727
2.3364
2.33553
2.33465
2.33378
2.3329
2.33203
2.33115
2.33027
2.32939
2.32851
2.32763
2.32675
2.32586
2.32498
2.32409
2.32321
2.32232
2.32143
2.32054
2.31965
2.31876
2.31787
2.31697
2.31608
2.31518
2.31429
2.31339
2.31249
2.31159
2.31069
2.30979
2.30889
2.30799
2.30708
2.30618
2.30527
2.30436
2.30346
2.30255
2.30164
2.30073
2.29982
2.2989
2.29799
2.29707
2.29616
2.29524
2.29432
2.2934
2.29249
2.29156
2.29064
2.28972
2.2888
2.28787
2.28695
2.28602
2.28509
2.28416
2.28324
2.28231
2.28137
2.28044
2.27951
2.27857
2.27764
2.2767
2.27577
2.27483
2.27389
2.27295
2.27201
2.27107
2.27012
2.26918
2.26824
2.26729
2.26634
2.2654
2.26445
2.2635
2.26255
2.2616
2.26064
2.25969
2.25874
2.25778
2.25682
2.25587
2.25491
2.25395
2.25299
2.25203
2.25107
2.25011
2.24914
2.24818
2.24721
2.24625
2.24528
2.24431
2.24334
2.24237
2.2414
2.24043
2.23945
2.23848
2.23751
2.23653
2.23555
2.23458
2.2336
2.23262
2.23164
2.23066
2.22968
2.22869
2.22771
2.22672
2.22574
2.22475
2.22376
2.22277
2.22179
2.2208
2.2198
2.21881
2.21782
2.21683
2.21583
2.21483
2.21384
2.21284
2.21184
2.21084
2.20984
2.20884
2.20784
2.20684
2.20583
2.20483
2.20382
2.20282
2.20181
2.2008
2.19979
2.19878
2.19777
2.19676
2.19575
2.19473
2.19372
2.19271
2.19169
2.19067
2.18965
2.18864
2.18762
2.1866
2.18558
2.18455
2.18353
2.18251
2.18148
2.18046
2.17943
2.1784
2.17738
2.17635
2.17532
2.17429
2.17326
2.17222
2.17119
2.17016
2.16912
2.16809
2.16705
2.16601
2.16497
2.16394
2.1629
2.16186
2.16081
2.15977
2.15873
2.15768
2.15664
2.15559
2.15455
2.1535
2.15245
2.1514
2.15036
2.1493
2.14825
2.1472
2.14615
2.1451
2.14404
2.14299
2.14193
2.14087
2.13982
2.13876
2.1377
2.13664
2.13558
2.13452
2.13345
2.13239
2.13133
2.13026
2.1292
2.12813
2.12706
2.12599
2.12493
2.12386
2.12279
2.12172
2.12064
2.11957
2.1185
2.11742
2.11635
2.11527
2.1142
2.11312
2.11204
2.11096
2.10988
2.1088
2.10772
2.10664
2.10556
2.10448
2.10339
2.10231
2.10122
2.10014
2.09905
2.09796
2.09687
2.09579
2.0947
2.09361
2.09251
2.09142
2.09033
2.08924
2.08814
2.08705
2.08595
2.08486
2.08376
2.08266
2.08156
2.08046
2.07936
2.07826
2.07716
2.07606
2.07496
2.07385
2.07275
2.07164
2.07054
2.06943
2.06833
2.06722
2.06611
2.065
2.06389
2.06278
2.06167
2.06056
2.05945
2.05833
2.05722
2.0561
2.05499
2.05387
2.05276
2.05164
2.05052
2.0494
2.04828
2.04716
2.04604
2.04492
2.0438
2.04268
2.04156
2.04043
2.03931
2.03818
2.03706
2.03593
2.0348
2.03368
2.03255
2.03142
2.03029
2.02916
2.02803
2.0269
2.02576
2.02463
2.0235
2.02236
2.02123
2.02009
2.01896
2.01782
2.01668
2.01555
2.01441
2.01327
2.01213
2.01099
2.00985
2.00871
2.00757
2.00642
2.00528
2.00414
2.00299
2.00185
2.0007
1.99955
1.99841
1.99726
1.99611
1.99496
1.99381
1.99266
1.99151
1.99036
1.98921
1.98806
1.98691
1.98575
1.9846
1.98345
1.98229
1.98114
1.97998
1.97882
1.97767
1.97651
1.97535
1.97419
1.97303
1.97187
1.97071
1.96955
1.96839
1.96723
1.96606
1.9649
1.96374
1.96257
1.96141
1.96024
1.95908
1.95791
1.95674
1.95558
1.95441
1.95324
1.95207
1.9509
1.94973
1.94856
1.94739
1.94622
1.94505
1.94387
1.9427
1.94153
1.94035
1.93918
1.938
1.93683
1.93565
1.93448
1.9333
1.93212
1.93094
1.92976
1.92859
1.92741
1.92623
1.92505
1.92387
1.92268
1.9215
1.92032
1.91914
1.91795
1.91677
1.91559
1.9144
1.91322
1.91203
1.91085
1.90966
1.90847
1.90728
1.9061
1.90491
1.90372
1.90253
1.90134
1.90015
1.89896
1.89777
1.89658
1.89539
1.8942
1.893
1.89181
1.89062
1.88942
1.88823
1.88703
1.88584
1.88464
1.88345
1.88225
1.88105
1.87986
1.87866
1.87746
1.87626
1.87507
1.87387
1.87267
1.87147
1.87027
1.86907
1.86786
1.86666
1.86546
1.86426
1.86306
1.86185
1.86065
1.85945
1.85824
1.85704
1.85583
1.85463
1.85342
1.85222
1.85101
1.84981
1.8486
1.84739
1.84618
1.84498
1.84377
1.84256
1.84135
1.84014
1.83893
1.83772
1.83651
1.8353
1.83409
1.83288
1.83167
1.83045
1.82924
1.82803
1.82682
1.8256
1.82439
1.82318
1.82196
1.82075
1.81953
1.81832
1.8171
1.81589
1.81467
1.81346
1.81224
1.81102
1.80981
1.80859
1.80737
1.80615
1.80493
1.80372
1.8025
1.80128
1.80006
1.79884
1.79762
1.7964
1.79518
1.79396
1.79274
1.79152
1.7903
1.78907
1.78785
1.78663
1.78541
1.78418
1.78296
1.78174
1.78051
1.77929
1.77807
1.77684
1.77562
1.77439
1.77317
1.77194
1.77072
1.76949
1.76827
1.76704
1.76582
1.76459
1.76336
1.76214
1.76091
1.75968
1.75846
1.75723
1.756
1.75477
1.75354
1.75232
1.75109
1.74986
1.74863
1.7474
1.74617
1.74494
1.74371
1.74248
1.74125
1.74002
1.73879
1.73756
1.73633
1.7351
1.73387
1.73264
1.73141
1.73018
1.72894
1.72771
1.72648
1.72525
1.72402
1.72278
1.72155
1.72032
1.71909
1.71785
1.71662
1.71539
1.71415
1.71292
1.71169
1.71045
1.70922
1.70799
1.70675
1.70552
1.70428
1.70305
1.70182
1.70058
1.69935
1.69811
1.69688
1.69564
1.69441
1.69317
1.69194
1.6907
1.68946
1.68823
1.68699
1.68576
1.68452
1.68329
1.68205
1.68081
1.67958
1.67834
1.67711
1.67587
1.67463
1.6734
1.67216
1.67092
1.66969
1.66845
1.66721
1.66598
1.66474
1.6635
1.66227
1.66103
1.65979
1.65856
1.65732
1.65608
1.65484
1.65361
1.65237
1.65113
1.6499
1.64866
1.64742
1.64618
1.64495
1.64371
1.64247
1.64123
1.64
1.63876
1.63752
1.63629
1.63505
1.63381
1.63257
1.63134
1.6301
1.62886
1.62762
1.62639
1.62515
1.62391
1.62267
1.62144
1.6202
1.61896
1.61773
1.61649
1.61525
1.61401
1.61278
1.61154
1.6103
1.60907
1.60783
1.60659
1.60535
1.60412
1.60288
1.60164
1.60041
1.59917
1.59793
1.5967
1.59546
1.59423
1.59299
1.59175
1.59052
1.58928
1.58804
1.58681
1.58557
1.58434
1.5831
1.58187
1.58063
1.57939
1.57816
1.57692
1.57569
1.57445
1.57322
1.57198
1.57075
1.56951
1.56828
1.56705
1.56581
1.56458
1.56334
1.56211
1.56087
1.55964
1.55841
1.55717
1.55594
1.55471
1.55347
1.55224
1.55101
1.54977
1.54854
1.54731
1.54608
1.54484
1.54361
1.54238
1.54115
1.53992
1.53868
1.53745
1.53622
1.53499
1.53376
1.53253
1.5313
1.53007
1.52884
1.52761
1.52638
1.52515
1.52392
1.52269
1.52146
1.52023
1.519
1.51777
1.51654
1.51531
1.51409
1.51286
1.51163
1.5104
1.50918
1.50795
1.50672
1.50549
1.50427
1.50304
1.50181
1.50059
1.49936
1.49814
1.49691
1.49569
1.49446
1.49324
1.49201
1.49079
1.48956
1.48834
1.48711
1.48589
1.48467
1.48344
1.48222
1.481
1.47978
1.47855
1.47733
1.47611
1.47489
1.47367
1.47245
1.47122
1.47
1.46878
1.46756
1.46634
1.46512
1.4639
1.46269
1.46147
1.46025
1.45903
1.45781
1.45659
1.45538
1.45416
1.45294
1.45173
1.45051
1.44929
1.44808
1.44686
1.44565
1.44443
1.44322
1.442
1.44079
1.43957
1.43836
1.43715
1.43593
1.43472
1.43351
1.4323
1.43108
1.42987
1.42866
1.42745
1.42624
1.42503
1.42382
1.42261
1.4214
1.42019
1.41898
1.41777
1.41657
1.41536
1.41415
1.41294
1.41174
1.41053
1.40932
1.40812
1.40691
1.40571
1.4045
1.4033
1.40209
1.40089
1.39968
1.39848
1.39728
1.39608
1.39487
1.39367
1.39247
1.39127
1.39007
1.38887
1.38767
1.38647
1.38527
1.38407
1.38287
1.38167
1.38047
1.37928
1.37808
1.37688
1.37568
1.37449
1.37329
1.3721
1.3709
1.36971
1.36851
1.36732
1.36612
1.36493
1.36374
1.36255
1.36135
1.36016
1.35897
1.35778
1.35659
1.3554
1.35421
1.35302
1.35183
1.35064
1.34945
1.34827
1.34708
1.34589
1.3447
1.34352
1.34233
1.34115
1.33996
1.33878
1.33759
1.33641
1.33523
1.33404
1.33286
1.33168
1.3305
1.32932
1.32813
1.32695
1.32577
1.32459
1.32342
1.32224
1.32106
1.31988
1.3187
1.31753
1.31635
1.31517
1.314
1.31282
1.31165
1.31047
1.3093
1.30812
1.30695
1.30578
1.30461
1.30344
1.30226
1.30109
1.29992
1.29875
1.29758
1.29641
1.29525
1.29408
1.29291
1.29174
1.29058
1.28941
1.28824
1.28708
1.28591
1.28475
1.28358
1.28242
1.28126
1.28009
1.27893
1.27777
1.27661
1.27545
1.27429
1.27313
1.27197
1.27081
1.26965
1.26849
1.26734
1.26618
1.26502
1.26387
1.26271
1.26156
1.2604
1.25925
1.25809
1.25694
1.25579
1.25464
1.25349
1.25233
1.25118
1.25003
1.24888
1.24774
1.24659
1.24544
1.24429
1.24314
1.242
1.24085
1.23971
1.23856
1.23742
1.23627
1.23513
1.23399
1.23284
1.2317
1.23056
1.22942
1.22828
1.22714
1.226
1.22486
1.22372
1.22258
1.22145
1.22031
1.21917
1.21804
1.2169
1.21577
1.21463
1.2135
1.21237
1.21123
1.2101
1.20897
1.20784
1.20671
1.20558
1.20445
1.20332
1.20219
1.20107
1.19994
1.19881
1.19769
1.19656
1.19543
1.19431
1.19319
1.19206
1.19094
1.18982
1.1887
1.18757
1.18645
1.18533
1.18421
1.1831
1.18198
1.18086
1.17974
1.17862
1.17751
1.17639
1.17528
1.17416
1.17305
1.17194
1.17082
1.16971
1.1686
1.16749
1.16638
1.16527
1.16416
1.16305
1.16194
1.16083
1.15972
1.15862
1.15751
1.15641
1.1553
1.1542
1.15309
1.15199
1.15089
1.14978
1.14868
1.14758
1.14648
1.14538
1.14428
1.14318
1.14209
1.14099
1.13989
1.1388
1.1377
1.1366
1.13551
1.13442
1.13332
1.13223
1.13114
1.13005
1.12895
1.12786
1.12677
1.12568
1.1246
1.12351
1.12242
1.12133
1.12025
1.11916
1.11808
1.11699
1.11591
1.11482
1.11374
1.11266
1.11158
1.1105
1.10942
1.10834
1.10726
1.10618
1.1051
1.10402
1.10295
1.10187
1.10079
1.09972
1.09865
1.09757
1.0965
1.09543
1.09435
1.09328
1.09221
1.09114
1.09007
1.089
1.08794
1.08687
1.0858
1.08473
1.08367
1.0826
1.08154
1.08047
1.07941
1.07835
1.07729
1.07622
1.07516
1.0741
1.07304
1.07198
1.07093
1.06987
1.06881
1.06775
1.0667
1.06564
1.06459
1.06353
1.06248
1.06143
1.06037
1.05932
1.05827
1.05722
1.05617
1.05512
1.05407
1.05303
1.05198
1.05093
1.04989
1.04884
1.0478
1.04675
1.04571
1.04467
1.04362
1.04258
1.04154
1.0405
1.03946
1.03842
1.03738
1.03634
1.03531
1.03427
1.03323
1.0322
1.03116
1.03013
1.0291
1.02806
1.02703
1.026
1.02497
1.02394
1.02291
1.02188
1.02085
1.01982
1.0188
1.01777
1.01674
1.01572
1.01469
1.01367
1.01265
1.01162
1.0106
1.00958
1.00856
1.00754
1.00652
1.0055
1.00448
1.00347
1.00245
1.00143
1.00042
0.999402
0.998388
0.997374
0.996361
0.995348
0.994337
0.993325
0.992315
0.991305
0.990296
0.989287
0.988279
0.987272
0.986265
0.985259
0.984254
0.983249
0.982245
0.981241
0.980239
0.979236
0.978235
0.977234
0.976234
0.975234
0.974235
0.973237
0.972239
0.971242
0.970246
0.96925
0.968255
0.967261
0.966267
0.965274
0.964281
0.963289
0.962298
0.961308
0.960318
0.959328
0.95834
0.957352
0.956364
0.955378
0.954392
0.953406
0.952422
0.951437
0.950454
0.949471
0.948489
0.947507
0.946527
0.945546
0.944567
0.943588
0.94261
0.941632
0.940655
0.939679
0.938703
0.937728
0.936753
0.93578
0.934807
0.933834
0.932862
0.931891
0.930921
0.929951
0.928982
0.928013
0.927045
0.926078
0.925111
0.924145
0.92318
0.922215
0.921251
0.920288
0.919325
0.918363
0.917401
0.916441
0.91548
0.914521
0.913562
0.912604
0.911646
0.910689
0.909733
0.908777
0.907822
0.906868
0.905914
0.904961
0.904009
0.903057
0.902106
0.901156
0.900206
0.899257
0.898308
0.89736
0.896413
0.895466
0.89452
0.893575
0.89263
0.891686
0.890743
0.8898
0.888858
0.887917
0.886976
0.886036
0.885096
0.884157
0.883219
0.882281
0.881344
0.880408
0.879473
0.878537
0.877603
0.876669
0.875736
0.874804
0.873872
0.872941
0.87201
0.87108
0.870151
0.869223
0.868295
0.867367
0.86644
0.865514
0.864589
0.863664
0.86274
0.861817
0.860894
0.859971
0.85905
0.858129
0.857209
0.856289
0.85537
0.854451
0.853534
0.852617
0.8517
0.850784
0.849869
0.848954
0.84804
0.847127
0.846214
0.845302
0.844391
0.84348
0.84257
0.84166
0.840751
0.839843
0.838935
0.838028
0.837122
0.836216
0.835311
0.834407
0.833503
0.832599
0.831697
0.830795
0.829893
0.828993
0.828093
0.827193
0.826294
0.825396
0.824498
0.823601
0.822705
0.821809
0.820914
0.82002
0.819126
0.818232
0.81734
0.816448
0.815556
0.814666
0.813775
0.812886
0.811997
0.811109
0.810221
0.809334
0.808447
0.807562
0.806676
0.805792
0.804908
0.804024
0.803142
0.80226
0.801378
0.800497
0.799617
0.798737
0.797858
0.79698
0.796102
0.795224
0.794348
0.793472
0.792596
0.791721
0.790847
0.789974
0.789101
0.788228
0.787356
0.786485
0.785615
0.784745
0.783875
0.783006
0.782138
0.781271
0.780404
0.779537
0.778671
0.777806
0.776942
0.776078
0.775214
0.774351
0.773489
0.772627
0.771766
0.770906
0.770046
0.769187
0.768328
0.76747
0.766613
0.765756
0.764899
0.764044
0.763189
0.762334
0.76148
0.760627
0.759774
0.758922
0.75807
0.757219
0.756368
0.755518
0.754669
0.75382
0.752972
0.752125
0.751278
0.750431
0.749585
0.74874
0.747895
0.747051
0.746208
0.745365
0.744522
0.74368
0.742839
0.741998
0.741158
0.740318
0.739479
0.738641
0.737803
0.736966
0.736129
0.735292
0.734457
0.733622
0.732787
0.731953
0.73112
0.730287
0.729454
0.728623
0.727791
0.726961
0.72613
0.725301
0.724472
0.723643
0.722815
0.721988
0.721161
0.720335
0.719509
0.718684
0.717859
0.717035
0.716211
0.715388
0.714565
0.713743
0.712922
0.712101
0.71128
0.71046
0.709641
0.708822
0.708004
0.707186
0.706369
0.705552
0.704736
0.70392
0.703105
0.70229
0.701476
0.700662
0.699849
0.699036
0.698224
0.697413
0.696602
0.695791
0.694981
0.694171
0.693362
0.692554
0.691745
0.690938
0.690131
0.689324
0.688518
0.687712
0.686907
0.686103
0.685299
0.684495
0.683692
0.682889
0.682087
0.681285
0.680484
0.679683
0.678883
0.678083
0.677284
0.676485
0.675687
0.674889
0.674091
0.673294
0.672498
0.671702
0.670906
0.670111
0.669316
0.668522
0.667728
0.668521
0.669312
0.670103
0.670893
0.671683
0.672471
0.673259
0.674047
0.674833
0.675619
0.676405
0.67719
0.677974
0.678758
0.679541
0.680325
0.681107
0.681889
0.682671
0.683453
0.684234
0.685015
0.685796
0.686577
0.687357
0.688137
0.688917
0.689697
0.690477
0.691256
0.692036
0.692815
0.693595
0.694374
0.695154
0.695933
0.696713
0.697492
0.698272
0.699052
0.699831
0.700611
0.701391
0.702172
0.702952
0.703733
0.704514
0.705295
0.706076
0.706857
0.707639
0.708421
0.709204
0.709986
0.710769
0.711553
0.712336
0.71312
0.713905
0.714689
0.715475
0.71626
0.717046
0.717833
0.718619
0.719407
0.720195
0.720983
0.721772
0.722561
0.723351
0.724141
0.724932
0.725723
0.726515
0.727307
0.7281
0.728894
0.729688
0.730483
0.731278
0.732074
0.732871
0.733668
0.734466
0.735265
0.736064
0.736864
0.737664
0.738465
0.739267
0.74007
0.740873
0.741677
0.742481
0.743287
0.744093
0.7449
0.745707
0.746515
0.747324
0.748134
0.748945
0.749756
0.750568
0.751381
0.752194
0.753009
0.753824
0.75464
0.755457
0.756274
0.757093
0.757912
0.758732
0.759553
0.760375
0.761197
0.762021
0.762845
0.76367
0.764496
0.765322
0.76615
0.766979
0.767808
0.768638
0.769469
0.770301
0.771134
0.771968
0.772802
0.773638
0.774474
0.775311
0.77615
0.776989
0.777829
0.778669
0.779511
0.780354
0.781197
0.782042
0.782887
0.783734
0.784581
0.785429
0.786278
0.787128
0.787979
0.788831
0.789684
0.790538
0.791393
0.792248
0.793105
0.793963
0.794821
0.79568
0.796541
0.797402
0.798265
0.799128
0.799992
0.800857
0.801723
0.80259
0.803458
0.804327
0.805197
0.806068
0.80694
0.807813
0.808687
0.809562
0.810437
0.811314
0.812192
0.81307
0.81395
0.81483
0.815712
0.816595
0.817478
0.818363
0.819248
0.820134
0.821022
0.82191
0.822799
0.82369
0.824581
0.825473
0.826367
0.827261
0.828156
0.829052
0.829949
0.830847
0.831747
0.832647
0.833548
0.83445
0.835353
0.836257
0.837162
0.838068
0.838974
0.839882
0.840791
0.841701
0.842612
0.843524
0.844436
0.84535
0.846265
0.847181
0.848097
0.849015
0.849933
0.850853
0.851774
0.852695
0.853618
0.854541
0.855465
0.856391
0.857317
0.858245
0.859173
0.860102
0.861032
0.861964
0.862896
0.863829
0.864763
0.865698
0.866634
0.867571
0.868509
0.869448
0.870388
0.871329
0.872271
0.873213
0.874157
0.875102
0.876047
0.876994
0.877941
0.87889
0.879839
0.88079
0.881741
0.882693
0.883647
0.884601
0.885556
0.886512
0.887469
0.888427
0.889386
0.890346
0.891307
0.892268
0.893231
0.894195
0.895159
0.896125
0.897091
0.898058
0.899027
0.899996
0.900966
0.901937
0.902909
0.903882
0.904856
0.905831
0.906807
0.907783
0.908761
0.909739
0.910719
0.911699
0.91268
0.913662
0.914645
0.915629
0.916614
0.9176
0.918587
0.919575
0.920563
0.921553
0.922543
0.923534
0.924526
0.925519
0.926513
0.927508
0.928504
0.929501
0.930498
0.931497
0.932496
0.933496
0.934498
0.9355
0.936502
0.937506
0.938511
0.939517
0.940523
0.94153
0.942539
0.943548
0.944558
0.945569
0.94658
0.947593
0.948606
0.949621
0.950636
0.951652
0.952669
0.953687
0.954706
0.955725
0.956746
0.957767
0.958789
0.959812
0.960836
0.961861
0.962886
0.963913
0.96494
0.965968
0.966997
0.968027
0.969058
0.970089
0.971122
0.972155
0.973189
0.974224
0.975259
0.976296
0.977333
0.978372
0.979411
0.980451
0.981491
0.982533
0.983575
0.984619
0.985663
0.986707
0.987753
0.9888
0.989847
0.990895
0.991944
0.992994
0.994044
0.995096
0.996148
0.997201
0.998255
0.999309
1.00036
1.00142
1.00248
1.00354
1.00459
1.00565
1.00671
1.00778
1.00884
1.0099
1.01096
1.01203
1.01309
1.01416
1.01522
1.01629
1.01736
1.01843
1.0195
1.02057
1.02164
1.02271
1.02378
1.02486
1.02593
1.02701
1.02808
1.02916
1.03024
1.03131
1.03239
1.03347
1.03455
1.03563
1.03672
1.0378
1.03888
1.03997
1.04105
1.04214
1.04322
1.04431
1.0454
1.04649
1.04758
1.04867
1.04976
1.05085
1.05194
1.05303
1.05413
1.05522
1.05632
1.05741
1.05851
1.05961
1.0607
1.0618
1.0629
1.064
1.0651
1.0662
1.06731
1.06841
1.06951
1.07062
1.07172
1.07283
1.07394
1.07504
1.07615
1.07726
1.07837
1.07948
1.08059
1.0817
1.08281
1.08392
1.08504
1.08615
1.08727
1.08838
1.0895
1.09062
1.09173
1.09285
1.09397
1.09509
1.09621
1.09733
1.09845
1.09957
1.1007
1.10182
1.10294
1.10407
1.10519
1.10632
1.10745
1.10857
1.1097
1.11083
1.11196
1.11309
1.11422
1.11535
1.11648
1.11761
1.11875
1.11988
1.12102
1.12215
1.12329
1.12442
1.12556
1.1267
1.12783
1.12897
1.13011
1.13125
1.13239
1.13353
1.13468
1.13582
1.13696
1.1381
1.13925
1.14039
1.14154
1.14268
1.14383
1.14498
1.14613
1.14727
1.14842
1.14957
1.15072
1.15187
1.15302
1.15418
1.15533
1.15648
1.15763
1.15879
1.15994
1.1611
1.16225
1.16341
1.16457
1.16572
1.16688
1.16804
1.1692
1.17036
1.17152
1.17268
1.17384
1.175
1.17617
1.17733
1.17849
1.17966
1.18082
1.18198
1.18315
1.18432
1.18548
1.18665
1.18782
1.18899
1.19015
1.19132
1.19249
1.19366
1.19483
1.19601
1.19718
1.19835
1.19952
1.2007
1.20187
1.20304
1.20422
1.20539
1.20657
1.20775
1.20892
1.2101
1.21128
1.21246
1.21364
1.21481
1.21599
1.21717
1.21835
1.21954
1.22072
1.2219
1.22308
1.22427
1.22545
1.22663
1.22782
1.229
1.23019
1.23137
1.23256
1.23375
1.23493
1.23612
1.23731
1.2385
1.23969
1.24087
1.24206
1.24325
1.24444
1.24564
1.24683
1.24802
1.24921
1.2504
1.2516
1.25279
1.25398
1.25518
1.25637
1.25757
1.25876
1.25996
1.26116
1.26235
1.26355
1.26475
1.26595
1.26715
1.26834
1.26954
1.27074
1.27194
1.27314
1.27434
1.27555
1.27675
1.27795
1.27915
1.28035
1.28156
1.28276
1.28396
1.28517
1.28637
1.28758
1.28878
1.28999
1.29119
1.2924
1.29361
1.29481
1.29602
1.29723
1.29844
1.29965
1.30085
1.30206
1.30327
1.30448
1.30569
1.3069
1.30811
1.30933
1.31054
1.31175
1.31296
1.31417
1.31539
1.3166
1.31781
1.31903
1.32024
1.32145
1.32267
1.32388
1.3251
1.32631
1.32753
1.32874
1.32996
1.33118
1.33239
1.33361
1.33483
1.33605
1.33727
1.33848
1.3397
1.34092
1.34214
1.34336
1.34458
1.3458
1.34702
1.34824
1.34946
1.35068
1.3519
1.35312
1.35435
1.35557
1.35679
1.35801
1.35923
1.36046
1.36168
1.3629
1.36413
1.36535
1.36658
1.3678
1.36903
1.37025
1.37147
1.3727
1.37393
1.37515
1.37638
1.3776
1.37883
1.38006
1.38128
1.38251
1.38374
1.38496
1.38619
1.38742
1.38865
1.38988
1.3911
1.39233
1.39356
1.39479
1.39602
1.39725
1.39848
1.39971
1.40094
1.40217
1.4034
1.40463
1.40586
1.40709
1.40832
1.40955
1.41078
1.41201
1.41324
1.41448
1.41571
1.41694
1.41817
1.4194
1.42064
1.42187
1.4231
1.42433
1.42557
1.4268
1.42803
1.42927
1.4305
1.43173
1.43297
1.4342
1.43543
1.43667
1.4379
1.43914
1.44037
1.44161
1.44284
1.44407
1.44531
1.44654
1.44778
1.44901
1.45025
1.45148
1.45272
1.45396
1.45519
1.45643
1.45766
1.4589
1.46013
1.46137
1.46261
1.46384
1.46508
1.46631
1.46755
1.46879
1.47002
1.47126
1.47249
1.47373
1.47497
1.4762
1.47744
1.47868
1.47991
1.48115
1.48239
1.48363
1.48486
1.4861
1.48734
1.48857
1.48981
1.49105
1.49228
1.49352
1.49476
1.496
1.49723
1.49847
1.49971
1.50094
1.50218
1.50342
1.50466
1.50589
1.50713
1.50837
1.50961
1.51084
1.51208
1.51332
1.51455
1.51579
1.51703
1.51827
1.5195
1.52074
1.52198
1.52321
1.52445
1.52569
1.52693
1.52816
1.5294
1.53064
1.53187
1.53311
1.53435
1.53558
1.53682
1.53806
1.53929
1.54053
1.54177
1.543
1.54424
1.54548
1.54671
1.54795
1.54919
1.55042
1.55166
1.55289
1.55413
1.55537
1.5566
1.55784
1.55907
1.56031
1.56154
1.56278
1.56401
1.56525
1.56648
1.56772
1.56895
1.57019
1.57142
1.57266
1.57389
1.57513
1.57636
1.5776
1.57883
1.58006
1.5813
1.58253
1.58376
1.585
1.58623
1.58747
1.5887
1.58993
1.59116
1.5924
1.59363
1.59486
1.59609
1.59733
1.59856
1.59979
1.60102
1.60225
1.60349
1.60472
1.60595
1.60718
1.60841
1.60964
1.61087
1.6121
1.61333
1.61456
1.61579
1.61702
1.61825
1.61948
1.62071
1.62194
1.62317
1.6244
1.62563
1.62685
1.62808
1.62931
1.63054
1.63177
1.63299
1.63422
1.63545
1.63667
1.6379
1.63913
1.64035
1.64158
1.64281
1.64403
1.64526
1.64648
1.64771
1.64893
1.65016
1.65138
1.65261
1.65383
1.65505
1.65628
1.6575
1.65872
1.65995
1.66117
1.66239
1.66361
1.66483
1.66606
1.66728
1.6685
1.66972
1.67094
1.67216
1.67338
1.6746
1.67582
1.67704
1.67826
1.67948
1.6807
1.68192
1.68313
1.68435
1.68557
1.68679
1.688
1.68922
1.69044
1.69165
1.69287
1.69409
1.6953
1.69652
1.69773
1.69895
1.70016
1.70138
1.70259
1.7038
1.70502
1.70623
1.70744
1.70865
1.70987
1.71108
1.71229
1.7135
1.71471
1.71592
1.71713
1.71834
1.71955
1.72076
1.72197
1.72318
1.72439
1.7256
1.7268
1.72801
1.72922
1.73043
1.73163
1.73284
1.73404
1.73525
1.73646
1.73766
1.73887
1.74007
1.74127
1.74248
1.74368
1.74488
1.74609
1.74729
1.74849
1.74969
1.75089
1.75209
1.75329
1.75449
1.75569
1.75689
1.75809
1.75929
1.76049
1.76169
1.76289
1.76408
1.76528
1.76648
1.76767
1.76887
1.77006
1.77126
1.77245
1.77365
1.77484
1.77604
1.77723
1.77842
1.77961
1.78081
1.782
1.78319
1.78438
1.78557
1.78676
1.78795
1.78914
1.79033
1.79152
1.79271
1.79389
1.79508
1.79627
1.79745
1.79864
1.79983
1.80101
1.8022
1.80338
1.80457
1.80575
1.80693
1.80812
1.8093
1.81048
1.81166
1.81284
1.81402
1.8152
1.81638
1.81756
1.81874
1.81992
1.8211
1.82228
1.82346
1.82463
1.82581
1.82699
1.82816
1.82934
1.83051
1.83169
1.83286
1.83403
1.83521
1.83638
1.83755
1.83872
1.83989
1.84107
1.84224
1.84341
1.84457
1.84574
1.84691
1.84808
1.84925
1.85042
1.85158
1.85275
1.85391
1.85508
1.85625
1.85741
1.85857
1.85974
1.8609
1.86206
1.86323
1.86439
1.86555
1.86671
1.86787
1.86903
1.87019
1.87135
1.87251
1.87366
1.87482
1.87598
1.87713
1.87829
1.87945
1.8806
1.88175
1.88291
1.88406
1.88522
1.88637
1.88752
1.88867
1.88982
1.89097
1.89212
1.89327
1.89442
1.89557
1.89672
1.89787
1.89901
1.90016
1.90131
1.90245
1.9036
1.90474
1.90588
1.90703
1.90817
1.90931
1.91046
1.9116
1.91274
1.91388
1.91502
1.91616
1.9173
1.91844
1.91957
1.92071
1.92185
1.92298
1.92412
1.92525
1.92639
1.92752
1.92866
1.92979
1.93092
1.93205
1.93319
1.93432
1.93545
1.93658
1.93771
1.93884
1.93996
1.94109
1.94222
1.94335
1.94447
1.9456
1.94672
1.94785
1.94897
1.95009
1.95122
1.95234
1.95346
1.95458
1.9557
1.95682
1.95794
1.95906
1.96018
1.9613
1.96242
1.96353
1.96465
1.96577
1.96688
1.968
1.96911
1.97022
1.97134
1.97245
1.97356
1.97467
1.97578
1.97689
1.978
1.97911
1.98022
1.98133
1.98243
1.98354
1.98465
1.98575
1.98686
1.98796
1.98907
1.99017
1.99127
1.99237
1.99348
1.99458
1.99568
1.99678
1.99788
1.99898
2.00007
2.00117
2.00227
2.00336
2.00446
2.00556
2.00665
2.00774
2.00884
2.00993
2.01102
2.01211
2.01321
2.0143
2.01539
2.01648
2.01756
2.01865
2.01974
2.02083
2.02191
2.023
2.02408
2.02517
2.02625
2.02734
2.02842
2.0295
2.03058
2.03166
2.03275
2.03383
2.0349
2.03598
2.03706
2.03814
2.03922
2.04029
2.04137
2.04244
2.04352
2.04459
2.04566
2.04674
2.04781
2.04888
2.04995
2.05102
2.05209
2.05316
2.05423
2.0553
2.05636
2.05743
2.0585
2.05956
2.06063
2.06169
2.06275
2.06382
2.06488
2.06594
2.067
2.06806
2.06912
2.07018
2.07124
2.0723
2.07335
2.07441
2.07547
2.07652
2.07758
2.07863
2.07969
2.08074
2.08179
2.08284
2.08389
2.08494
2.08599
2.08704
2.08809
2.08914
2.09019
2.09124
2.09228
2.09333
2.09437
2.09542
2.09646
2.0975
2.09855
2.09959
2.10063
2.10167
2.10271
2.10375
2.10479
2.10582
2.10686
2.1079
2.10894
2.10997
2.11101
2.11204
2.11307
2.11411
2.11514
2.11617
2.1172
2.11823
2.11926
2.12029
2.12132
2.12235
2.12337
2.1244
2.12543
2.12645
2.12748
2.1285
2.12953
2.13055
2.13157
2.13259
2.13361
2.13463
2.13565
2.13667
2.13769
2.13871
2.13973
2.14074
2.14176
2.14277
2.14379
2.1448
2.14581
2.14683
2.14784
2.14885
2.14986
2.15087
2.15188
2.15289
2.1539
2.15491
2.15591
2.15692
2.15792
2.15893
2.15993
2.16094
2.16194
2.16294
2.16394
2.16495
2.16595
2.16695
2.16794
2.16894
2.16994
2.17094
2.17193
2.17293
2.17393
2.17492
2.17591
2.17691
2.1779
2.17889
2.17988
2.18088
2.18187
2.18285
2.18384
2.18483
2.18582
2.18681
2.18779
2.18878
2.18976
2.19075
2.19173
2.19271
2.1937
2.19468
2.19566
2.19664
2.19762
2.1986
2.19958
2.20056
2.20153
2.20251
2.20349
2.20446
2.20544
2.20641
2.20738
2.20836
2.20933
2.2103
2.21127
2.21224
2.21321
2.21418
2.21515
2.21611
2.21708
2.21805
2.21901
2.21998
2.22094
2.22191
2.22287
2.22383
2.22479
2.22575
2.22671
2.22767
2.22863
2.22959
2.23055
2.23151
2.23246
2.23342
2.23438
2.23533
2.23628
2.23724
2.23819
2.23914
2.24009
2.24104
2.24199
2.24294
2.24389
2.24484
2.24579
2.24674
2.24768
2.24863
2.24957
2.25052
2.25146
2.2524
2.25335
2.25429
2.25523
2.25617
2.25711
2.25805
2.25899
2.25993
2.26086
2.2618
2.26274
2.26367
2.26461
2.26554
2.26647
2.26741
2.26834
2.26927
2.2702
2.27113
2.27206
2.27299
2.27392
2.27485
2.27577
2.2767
2.27763
2.27855
2.27948
2.2804
2.28132
2.28225
2.28317
2.28409
2.28501
2.28593
2.28685
2.28777
2.28869
2.2896
2.29052
2.29144
2.29235
2.29327
2.29418
2.2951
2.29601
2.29692
2.29783
2.29874
2.29966
2.30057
2.30147
2.30238
2.30329
2.3042
2.30511
2.30601
2.30692
2.30782
2.30873
2.30963
2.31053
2.31144
2.31234
2.31324
2.31414
2.31504
2.31594
2.31684
2.31774
2.31863
2.31953
2.32043
2.32132
2.32222
2.32311
2.32401
2.3249
2.32579
2.32668
2.32758
2.32847
2.32936
2.33025
2.33113
2.33202
2.33291
2.3338
2.33468
2.33557
2.33645
2.33734
2.33822
2.33911
2.33999
2.34087
2.34175
2.34263
2.34351
2.34439
2.34527
2.34615
2.34703
2.34791
2.34878
2.34966
2.35054
2.35141
2.35228
2.35316
2.35403
2.3549
2.35578
2.35665
2.35752
2.35839
2.35926
2.36013
2.36099
2.36186
2.36273
2.3636
2.36446
2.36533
2.36619
2.36706
2.36792
2.36878
2.36964
2.37051
2.37137
2.37223
2.37309
2.37395
2.37481
2.37566
2.37652
2.37738
2.37824
2.37909
2.37995
2.3808
2.38166
2.38251
2.38336
2.38421
2.38507
2.38592
2.38677
2.38762
2.38847
2.38932
2.39017
2.39101
2.39186
2.39271
2.39355
2.3944
2.39524
2.39609
2.39693
2.39778
2.39862
2.39946
2.4003
2.40114
2.40198
2.40282
2.40366
2.4045
2.40534
2.40618
2.40702
2.40785
2.40869
2.40952
2.41036
2.41119
2.41203
2.41286
2.41369
2.41453
2.41536
2.41619
2.41702
2.41785
2.41868
2.41951
2.42034
2.42116
2.42199
2.42282
2.42364
2.42447
2.4253
2.42612
2.42694
2.42777
2.42859
2.42941
2.43024
2.43106
2.43188
2.4327
2.43352
2.43434
2.43516
2.43598
2.43679
2.43761
2.43843
2.43924
2.44006
2.44088
2.44169
2.44251
2.44332
2.44413
2.44495
2.44576
2.44657
2.44738
2.44819
2.449
2.44981
2.45062
2.45143
2.45224
2.45305
2.45385
2.45466
2.45547
2.45627
2.45708
2.45788
2.45869
2.45949
2.4603
2.4611
2.4619
2.4627
2.46351
2.46431
2.46511
2.46591
2.46671
2.46751
2.46831
2.46911
2.46831
2.46751
2.46672
2.46592
2.46513
2.46434
2.46354
2.46275
2.46196
2.46117
2.46038
2.45959
2.4588
2.45802
2.45723
2.45644
2.45565
2.45487
2.45408
2.45329
2.45251
2.45172
2.45094
2.45015
2.44937
2.44858
2.4478
2.44702
2.44623
2.44545
2.44466
2.44388
2.4431
2.44231
2.44153
2.44074
2.43996
2.43918
2.43839
2.43761
2.43682
2.43604
2.43526
2.43447
2.43369
2.4329
2.43212
2.43133
2.43055
2.42976
2.42897
2.42819
2.4274
2.42661
2.42583
2.42504
2.42425
2.42346
2.42267
2.42188
2.42109
2.4203
2.41951
2.41872
2.41793
2.41714
2.41635
2.41555
2.41476
2.41397
2.41317
2.41238
2.41158
2.41079
2.40999
2.40919
2.4084
2.4076
2.4068
2.406
2.4052
2.4044
2.4036
2.4028
2.40199
2.40119
2.40039
2.39958
2.39878
2.39797
2.39717
2.39636
2.39555
2.39474
2.39393
2.39312
2.39231
2.3915
2.39069
2.38988
2.38906
2.38825
2.38743
2.38662
2.3858
2.38498
2.38417
2.38335
2.38253
2.38171
2.38089
2.38006
2.37924
2.37842
2.37759
2.37677
2.37594
2.37511
2.37429
2.37346
2.37263
2.3718
2.37097
2.37013
2.3693
2.36847
2.36763
2.3668
2.36596
2.36512
2.36428
2.36345
2.36261
2.36176
2.36092
2.36008
2.35924
2.35839
2.35755
2.3567
2.35585
2.355
2.35416
2.35331
2.35245
2.3516
2.35075
2.3499
2.34904
2.34819
2.34733
2.34647
2.34561
2.34475
2.34389
2.34303
2.34217
2.34131
2.34044
2.33958
2.33871
2.33785
2.33698
2.33611
2.33524
2.33437
2.3335
2.33263
2.33175
2.33088
2.33
2.32913
2.32825
2.32737
2.32649
2.32561
2.32473
2.32385
2.32296
2.32208
2.32119
2.32031
2.31942
2.31853
2.31764
2.31675
2.31586
2.31497
2.31408
2.31318
2.31229
2.31139
2.3105
2.3096
2.3087
2.3078
2.3069
2.306
2.3051
2.30419
2.30329
2.30238
2.30148
2.30057
2.29966
2.29875
2.29784
2.29693
2.29602
2.2951
2.29419
2.29327
2.29236
2.29144
2.29052
2.2896
2.28868
2.28776
2.28684
2.28592
2.28499
2.28407
2.28314
2.28221
2.28129
2.28036
2.27943
2.2785
2.27756
2.27663
2.2757
2.27476
2.27383
2.27289
2.27195
2.27101
2.27008
2.26913
2.26819
2.26725
2.26631
2.26536
2.26442
2.26347
2.26252
2.26158
2.26063
2.25968
2.25873
2.25777
2.25682
2.25587
2.25491
2.25396
2.253
2.25204
2.25108
2.25013
2.24916
2.2482
2.24724
2.24628
2.24531
2.24435
2.24338
2.24242
2.24145
2.24048
2.23951
2.23854
2.23757
2.23659
2.23562
2.23465
2.23367
2.23269
2.23172
2.23074
2.22976
2.22878
2.2278
2.22682
2.22583
2.22485
2.22387
2.22288
2.22189
2.22091
2.21992
2.21893
2.21794
2.21695
2.21596
2.21496
2.21397
2.21297
2.21198
2.21098
2.20998
2.20899
2.20799
2.20699
2.20599
2.20498
2.20398
2.20298
2.20197
2.20097
2.19996
2.19896
2.19795
2.19694
2.19593
2.19492
2.19391
2.19289
2.19188
2.19087
2.18985
2.18884
2.18782
2.1868
2.18578
2.18476
2.18374
2.18272
2.1817
2.18068
2.17965
2.17863
2.1776
2.17658
2.17555
2.17452
2.17349
2.17246
2.17143
2.1704
2.16937
2.16834
2.1673
2.16627
2.16523
2.1642
2.16316
2.16212
2.16108
2.16004
2.159
2.15796
2.15692
2.15588
2.15483
2.15379
2.15274
2.1517
2.15065
2.1496
2.14855
2.1475
2.14645
2.1454
2.14435
2.14329
2.14224
2.14119
2.14013
2.13908
2.13802
2.13696
2.1359
2.13484
2.13378
2.13272
2.13166
2.1306
2.12953
2.12847
2.12741
2.12634
2.12527
2.12421
2.12314
2.12207
2.121
2.11993
2.11886
2.11779
2.11671
2.11564
2.11457
2.11349
2.11242
2.11134
2.11026
2.10918
2.10811
2.10703
2.10595
2.10487
2.10378
2.1027
2.10162
2.10053
2.09945
2.09836
2.09728
2.09619
2.0951
2.09401
2.09292
2.09183
2.09074
2.08965
2.08856
2.08747
2.08637
2.08528
2.08418
2.08309
2.08199
2.0809
2.0798
2.0787
2.0776
2.0765
2.0754
2.0743
2.07319
2.07209
2.07099
2.06988
2.06878
2.06767
2.06657
2.06546
2.06435
2.06324
2.06213
2.06102
2.05991
2.0588
2.05769
2.05658
2.05546
2.05435
2.05324
2.05212
2.051
2.04989
2.04877
2.04765
2.04653
2.04541
2.04429
2.04317
2.04205
2.04093
2.03981
2.03868
2.03756
2.03643
2.03531
2.03418
2.03306
2.03193
2.0308
2.02967
2.02854
2.02741
2.02628
2.02515
2.02402
2.02289
2.02175
2.02062
2.01949
2.01835
2.01722
2.01608
2.01494
2.01381
2.01267
2.01153
2.01039
2.00925
2.00811
2.00697
2.00583
2.00469
2.00354
2.0024
2.00125
2.00011
1.99896
1.99782
1.99667
1.99553
1.99438
1.99323
1.99208
1.99093
1.98978
1.98863
1.98748
1.98633
1.98518
1.98402
1.98287
1.98172
1.98056
1.97941
1.97825
1.97709
1.97594
1.97478
1.97362
1.97246
1.9713
1.97014
1.96898
1.96782
1.96666
1.9655
1.96434
1.96317
1.96201
1.96085
1.95968
1.95852
1.95735
1.95619
1.95502
1.95385
1.95268
1.95152
1.95035
1.94918
1.94801
1.94684
1.94567
1.9445
1.94332
1.94215
1.94098
1.93981
1.93863
1.93746
1.93628
1.93511
1.93393
1.93276
1.93158
1.9304
1.92922
1.92805
1.92687
1.92569
1.92451
1.92333
1.92215
1.92097
1.91979
1.9186
1.91742
1.91624
1.91505
1.91387
1.91269
1.9115
1.91032
1.90913
1.90794
1.90676
1.90557
1.90438
1.90319
1.90201
1.90082
1.89963
1.89844
1.89725
1.89606
1.89487
1.89368
1.89248
1.89129
1.8901
1.88891
1.88771
1.88652
1.88532
1.88413
1.88293
1.88174
1.88054
1.87935
1.87815
1.87695
1.87575
1.87456
1.87336
1.87216
1.87096
1.86976
1.86856
1.86736
1.86616
1.86496
1.86376
1.86255
1.86135
1.86015
1.85895
1.85774
1.85654
1.85533
1.85413
1.85292
1.85172
1.85051
1.84931
1.8481
1.8469
1.84569
1.84448
1.84327
1.84207
1.84086
1.83965
1.83844
1.83723
1.83602
1.83481
1.8336
1.83239
1.83118
1.82997
1.82875
1.82754
1.82633
1.82512
1.8239
1.82269
1.82148
1.82026
1.81905
1.81784
1.81662
1.81541
1.81419
1.81297
1.81176
1.81054
1.80933
1.80811
1.80689
1.80567
1.80446
1.80324
1.80202
1.8008
1.79958
1.79836
1.79714
1.79592
1.7947
1.79348
1.79226
1.79104
1.78982
1.7886
1.78738
1.78616
1.78494
1.78371
1.78249
1.78127
1.78005
1.77882
1.7776
1.77638
1.77515
1.77393
1.7727
1.77148
1.77025
1.76903
1.7678
1.76658
1.76535
1.76413
1.7629
1.76168
1.76045
1.75922
1.75799
1.75677
1.75554
1.75431
1.75309
1.75186
1.75063
1.7494
1.74817
1.74694
1.74571
1.74449
1.74326
1.74203
1.7408
1.73957
1.73834
1.73711
1.73588
1.73465
1.73342
1.73219
1.73096
1.72972
1.72849
1.72726
1.72603
1.7248
1.72357
1.72233
1.7211
