0.223607
0.223057
0.222523
0.222004
0.2215
0.22101
0.220535
0.220073
0.219625
0.21919
0.218768
0.218359
0.217963
0.217579
0.217207
0.216848
0.216499
0.216162
0.215837
0.215522
0.215218
0.214924
0.214641
0.214368
0.214105
0.213852
0.213609
0.213374
0.213149
0.212933
0.212726
0.212528
0.212338
0.212156
0.211983
0.211817
0.21166
0.21151
0.211368
0.211234
0.211106
0.210986
0.210873
0.210767
0.210668
0.210575
0.210489
0.21041
0.210337
0.210269
0.210208
0.210153
0.210104
0.210061
0.210023
0.209991
0.209964
0.209943
0.209927
0.209916
0.20991
0.20991
0.209914
0.209923
0.209936
0.209955
0.209978
0.210005
0.210037
0.210073
0.210114
0.210158
0.210207
0.21026
0.210317
0.210378
0.210443
0.210511
0.210584
0.21066
0.210739
0.210823
0.210909
0.210999
0.211093
0.21119
0.21129
0.211394
0.211501
0.211611
0.211724
0.21184
0.211959
0.212081
0.212206
0.212334
0.212465
0.212598
0.212735
0.212874
0.213016
0.21316
0.213307
0.213457
0.213609
0.213764
0.213921
0.214081
0.214243
0.214408
0.214575
0.214744
0.214916
0.21509
0.215266
0.215444
0.215625
0.215808
0.215993
0.21618
0.216369
0.21656
0.216754
0.216949
0.217147
0.217346
0.217548
0.217751
0.217956
0.218164
0.218373
0.218584
0.218797
0.219012
0.219229
0.219447
0.219667
0.21989
0.220114
0.220339
0.220567
0.220796
0.221027
0.22126
0.221494
0.22173
0.221968
0.222207
0.222448
0.222691
0.222936
0.223182
0.223429
0.223679
0.22393
0.224182
0.224436
0.224692
0.224949
0.225208
0.225469
0.225731
0.225994
0.226259
0.226526
0.226794
0.227064
0.227335
0.227607
0.227882
0.228157
0.228435
0.228713
0.228994
0.229275
0.229558
0.229843
0.230129
0.230417
0.230706
0.230997
0.231289
0.231582
0.231877
0.232174
0.232472
0.232771
0.233072
0.233375
0.233678
0.233984
0.23429
0.234599
0.234908
0.235219
0.235532
0.235846
0.236161
0.236478
0.236797
0.237117
0.237438
0.237761
0.238085
0.238411
0.238738
0.239067
0.239397
0.239729
0.240062
0.240396
0.240733
0.24107
0.241409
0.24175
0.242092
0.242435
0.24278
0.243127
0.243475
0.243825
0.244176
0.244528
0.244882
0.245238
0.245595
0.245954
0.246314
0.246676
0.247039
0.247404
0.24777
0.248138
0.248508
0.248879
0.249252
0.249626
0.250002
0.250379
0.250758
0.251139
0.251521
0.251905
0.252291
0.252678
0.253066
0.253457
0.253849
0.254243
0.254638
0.255035
0.255434
0.255834
0.256236
0.25664
0.257045
0.257452
0.257861
0.258271
0.258684
0.259098
0.259513
0.259931
0.26035
0.260771
0.261194
0.261618
0.262045
0.262473
0.262903
0.263334
0.263768
0.264203
0.264641
0.26508
0.265521
0.265963
0.266408
0.266855
0.267303
0.267753
0.268206
0.26866
0.269116
0.269574
0.270034
0.270496
0.27096
0.271426
0.271894
0.272364
0.272835
0.273309
0.273785
0.274263
0.274743
0.275226
0.27571
0.276196
0.276684
0.277175
0.277668
0.278162
0.278659
0.279158
0.279659
0.280163
0.280668
0.281176
0.281686
0.282198
0.282713
0.28323
0.283749
0.28427
0.284793
0.285319
0.285847
0.286378
0.286911
0.287446
0.287984
0.288524
0.289066
0.289611
0.290158
0.290708
0.29126
0.291815
0.292372
0.292931
0.293493
0.294058
0.294625
0.295195
0.295767
0.296342
0.29692
0.2975
0.298083
0.298668
0.299256
0.299847
0.300441
0.301037
0.301636
0.302238
0.302843
0.30345
0.30406
0.304673
0.305289
0.305908
0.306529
0.307154
0.307781
0.308411
0.309045
0.309681
0.31032
0.310963
0.311608
0.312256
0.312908
0.313562
0.31422
0.314881
0.315545
0.316212
0.316882
0.317556
0.318233
0.318913
0.319596
0.320283
0.320973
0.321666
0.322363
0.323063
0.323767
0.324474
0.325184
0.325898
0.326616
0.327337
0.328061
0.32879
0.329521
0.330257
0.330996
0.331739
0.332485
0.333235
0.33399
0.334747
0.335509
0.336274
0.337044
0.337817
0.338594
0.339375
0.340161
0.34095
0.341743
0.34254
0.343342
0.344147
0.344957
0.345771
0.346589
0.347411
0.348238
0.349069
0.349904
0.350744
0.351588
0.352437
0.35329
0.354148
0.35501
0.355876
0.356748
0.357624
0.358505
0.35939
0.36028
0.361175
0.362075
0.36298
0.363889
0.364804
0.365723
0.366648
0.367578
0.368512
0.369452
0.370397
0.371348
0.372303
0.373264
0.37423
0.375202
0.376179
0.377162
0.37815
0.379143
0.380143
0.381148
0.382158
0.383175
0.384197
0.385225
0.386259
0.387299
0.388344
0.389396
0.390454
0.391518
0.392589
0.393665
0.394748
0.395837
0.396933
0.398035
0.399143
0.400259
0.40138
0.402509
0.403644
0.404786
0.405935
0.40709
0.408253
0.409423
0.4106
0.411784
0.412975
0.414173
0.415379
0.416592
0.417813
0.419041
0.420277
0.421521
0.422772
0.424031
0.425298
0.426573
0.427856
0.429147
0.430446
0.431754
0.433069
0.434394
0.435726
0.437068
0.438418
0.439776
0.441144
0.44252
0.443905
0.445299
0.446703
0.448116
0.449538
0.450969
0.45241
0.45386
0.45532
0.45679
0.45827
0.45976
0.461259
0.462769
0.464289
0.46582
0.467361
0.468912
0.470475
0.472048
0.473631
0.475226
0.476832
0.478449
0.477684
0.476902
0.476102
0.475285
0.474453
0.473604
0.472741
0.471863
0.470971
0.470065
0.469146
0.468214
0.467271
0.466315
0.465348
0.46437
0.463381
0.462382
0.461373
0.460356
0.459329
0.458293
0.457249
0.456197
0.455138
0.454071
0.452998
0.451918
0.450831
0.449739
0.448641
0.447538
0.446429
0.445316
0.444198
0.443076
0.44195
0.440821
0.439687
0.438551
0.437411
0.436269
0.435124
0.433977
0.432828
0.431676
0.430523
0.429369
0.428213
0.427056
0.425898
0.42474
0.423581
0.422421
0.421261
0.420101
0.418941
0.417781
0.416622
0.415463
0.414305
0.413147
0.411991
0.410835
0.409681
0.408528
0.407377
0.406226
0.405078
0.403931
0.402787
0.401644
0.400503
0.399364
0.398228
0.397094
0.395962
0.394833
0.393706
0.392583
0.391461
0.390343
0.389228
0.388115
0.387006
0.385899
0.384796
0.383696
0.382599
0.381506
0.380416
0.379329
0.378246
0.377167
0.376091
0.375018
0.37395
0.372885
0.371824
0.370766
0.369712
0.368663
0.367617
0.366575
0.365537
0.364503
0.363473
0.362447
0.361425
0.360407
0.359393
0.358383
0.357378
0.356376
0.355379
0.354386
0.353397
0.352412
0.351432
0.350456
0.349484
0.348516
0.347553
0.346594
0.345639
0.344688
0.343742
0.3428
0.341862
0.340929
0.34
0.339075
0.338154
0.337238
0.336326
0.335419
0.334516
0.333617
0.332722
0.331831
0.330945
0.330063
0.329186
0.328313
0.327444
0.326579
0.325718
0.324862
0.32401
0.323162
0.322318
0.321479
0.320644
0.319813
0.318986
0.318163
0.317344
0.31653
0.315719
0.314913
0.314111
0.313313
0.312519
0.311729
0.310943
0.310161
0.309384
0.30861
0.30784
0.307074
0.306312
0.305554
0.3048
0.30405
0.303304
0.302561
0.301823
0.301088
0.300358
0.299631
0.298907
0.298188
0.297472
0.29676
0.296052
0.295348
0.294647
0.29395
0.293257
0.292567
0.291881
0.291198
0.290519
0.289844
0.289172
0.288504
0.287839
0.287178
0.28652
0.285866
0.285215
0.284568
0.283924
0.283283
0.282646
0.282012
0.281381
0.280754
0.28013
0.27951
0.278893
0.278279
0.277668
0.27706
0.276456
0.275855
0.275257
0.274662
0.27407
0.273481
0.272896
0.272314
0.271734
0.271158
0.270585
0.270014
0.269447
0.268883
0.268321
0.267763
0.267207
0.266655
0.266105
0.265558
0.265014
0.264473
0.263935
0.2634
0.262867
0.262337
0.26181
0.261285
0.260764
0.260245
0.259729
0.259215
0.258704
0.258196
0.25769
0.257187
0.256687
0.256189
0.255694
0.255201
0.254711
0.254223
0.253738
0.253255
0.252775
0.252298
0.251822
0.25135
0.250879
0.250411
0.249946
0.249482
0.249021
0.248563
0.248107
0.247653
0.247201
0.246752
0.246305
0.24586
0.245418
0.244978
0.24454
0.244104
0.24367
0.243239
0.24281
0.242383
0.241958
0.241535
0.241114
0.240696
0.240279
0.239865
0.239452
0.239042
0.238634
0.238228
0.237824
0.237421
0.237021
0.236623
0.236227
0.235833
0.23544
0.23505
0.234661
0.234275
0.23389
0.233507
0.233127
0.232748
0.23237
0.231995
0.231622
0.23125
0.23088
0.230512
0.230146
0.229781
0.229419
0.229058
0.228699
0.228341
0.227986
0.227632
0.227279
0.226929
0.22658
0.226233
0.225887
0.225543
0.225201
0.22486
0.224521
0.224184
0.223848
0.223514
0.223182
0.222851
0.222521
0.222194
0.221867
0.221543
0.22122
0.220898
0.220578
0.220259
0.219942
0.219627
0.219313
0.219
0.218689
0.218379
0.218071
0.217764
0.217459
0.217155
0.216852
0.216551
0.216252
0.215953
0.215657
0.215361
0.215067
0.214774
0.214483
0.214193
0.213904
0.213617
0.213331
0.213046
0.212763
0.212481
0.2122
0.21192
0.211642
0.211365
0.21109
0.210815
0.210542
0.21027
0.21
0.20973
0.209462
0.209195
0.20893
0.208665
0.208402
0.20814
0.207879
0.207619
0.207361
0.207104
0.206847
0.206592
0.206339
0.206086
0.205834
0.205584
0.205335
0.205087
0.20484
0.204594
0.204349
0.204105
0.203863
0.203621
0.203381
0.203142
0.202903
0.202666
0.20243
0.202195
0.201961
0.201728
0.201496
0.201266
0.201036
0.200807
0.200579
0.200353
0.200127
0.199902
0.199679
0.199456
0.199234
0.199014
0.198794
0.198575
0.198357
0.198141
0.197925
0.19771
0.197496
0.197283
0.197071
0.19686
0.19665
0.196441
0.196233
0.196025
0.195819
0.195613
0.195409
0.195205
0.195002
0.194801
0.1946
0.1944
0.194201
0.194002
0.193805
0.193608
0.193413
0.193218
0.193024
0.192831
0.192639
0.192447
0.192257
0.192067
0.191878
0.19169
0.191503
0.191317
0.191132
0.190947
0.190763
0.19058
0.190398
0.190216
0.190036
0.189856
0.189677
0.189499
0.189322
0.189145
0.188969
0.188794
0.18862
0.188446
0.188274
0.188102
0.18793
0.18776
0.18759
0.187421
0.187253
0.187086
0.186919
0.186753
0.186588
0.186424
0.18626
0.186097
0.185935
0.185773
0.185612
0.185452
0.185293
0.185134
0.184976
0.184819
0.184663
0.184507
0.184352
0.184197
0.184044
0.183891
0.183738
0.183587
0.183436
0.183285
0.183136
0.182987
0.182838
0.182691
0.182544
0.182398
0.182252
0.182107
0.181963
0.181819
0.181676
0.181534
0.181392
0.181251
0.181111
0.180971
0.180832
0.180693
0.180555
0.180418
0.180282
0.180146
0.18001
0.179876
0.179742
0.179608
0.179475
0.179343
0.179211
0.17908
0.17895
0.17882
0.178691
0.178562
0.178434
0.178307
0.17818
0.178054
0.177928
0.177803
0.177679
0.177555
0.177431
0.177309
0.177186
0.177065
0.176944
0.176823
0.176704
0.176584
0.176466
0.176347
0.17623
0.176113
0.175996
0.17588
0.175765
0.17565
0.175536
0.175422
0.175309
0.175197
0.175084
0.174973
0.174862
0.174752
0.174642
0.174532
0.174423
0.174315
0.174207
0.1741
0.173993
0.173887
0.173782
0.173676
0.173572
0.173468
0.173364
0.173261
0.173158
0.173056
0.172955
0.172854
0.172753
0.172653
0.172554
0.172455
0.172356
0.172258
0.172161
0.172064
0.171967
0.171871
0.171776
0.171681
0.171586
0.171492
0.171399
0.171306
0.171213
0.171121
0.17103
0.170938
0.170848
0.170758
0.170668
0.170579
0.17049
0.170402
0.170314
0.170227
0.17014
0.170054
0.169968
0.169882
0.169797
0.169713
0.169629
0.169545
0.169462
0.169379
0.169297
0.169215
0.169134
0.169053
0.168973
0.168893
0.168813
0.168734
0.168656
0.168578
0.1685
0.168423
0.168346
0.168269
0.168194
0.168118
0.168043
0.167968
0.167894
0.167821
0.167747
0.167674
0.167602
0.16753
0.167458
0.167387
0.167317
0.167246
0.167176
0.167107
0.167038
0.166969
0.166901
0.166834
0.166766
0.166699
0.166633
0.166567
0.166501
0.166436
0.166371
0.166307
0.166243
0.166179
0.166116
0.166053
0.165991
0.165929
0.165868
0.165806
0.165746
0.165685
0.165626
0.165566
0.165507
0.165448
0.16539
0.165332
0.165275
0.165218
0.165161
0.165105
0.165049
0.164993
0.164938
0.164884
0.164829
0.164775
0.164722
0.164669
0.164616
0.164564
0.164512
0.16446
0.164409
0.164358
0.164308
0.164258
0.164208
0.164159
0.16411
0.164062
0.164013
0.163966
0.163918
0.163871
0.163825
0.163779
0.163733
0.163687
0.163642
0.163598
0.163553
0.163509
0.163466
0.163423
0.16338
0.163337
0.163295
0.163253
0.163212
0.163171
0.163131
0.16309
0.16305
0.163011
0.162972
0.162933
0.162895
0.162857
0.162819
0.162782
0.162745
0.162708
0.162672
0.162636
0.162601
0.162565
0.162531
0.162496
0.162462
0.162428
0.162395
0.162362
0.162329
0.162297
0.162265
0.162234
0.162203
0.162172
0.162141
0.162111
0.162081
0.162052
0.162023
0.161994
0.161966
0.161938
0.16191
0.161883
0.161856
0.161829
0.161803
0.161777
0.161751
0.161726
0.161701
0.161676
0.161652
0.161628
0.161605
0.161582
0.161559
0.161536
0.161514
0.161492
0.161471
0.16145
0.161429
0.161409
0.161389
0.161369
0.16135
0.16133
0.161312
0.161293
0.161275
0.161258
0.16124
0.161223
0.161207
0.16119
0.161174
0.161158
0.161143
0.161128
0.161113
0.161099
0.161085
0.161071
0.161058
0.161045
0.161032
0.16102
0.161008
0.160996
0.160985
0.160974
0.160964
0.160953
0.160943
0.160934
0.160924
0.160915
0.160907
0.160898
0.16089
0.160882
0.160875
0.160868
0.160861
0.160855
0.160849
0.160843
0.160838
0.160833
0.160828
0.160824
0.16082
0.160816
0.160813
0.160809
0.160807
0.160804
0.160802
0.1608
0.160799
0.160798
0.160797
0.160796
0.160796
0.160797
0.160797
0.160798
0.160799
0.1608
0.160802
0.160804
0.160807
0.16081
0.160813
0.160816
0.16082
0.160824
0.160828
0.160833
0.160838
0.160843
0.160849
0.160855
0.160861
0.160868
0.160875
0.160882
0.16089
0.160898
0.160906
0.160915
0.160924
0.160933
0.160942
0.160952
0.160962
0.160973
0.160984
0.160995
0.161006
0.161018
0.16103
0.161043
0.161056
0.161069
0.161082
0.161096
0.16111
0.161124
0.161139
0.161154
0.161169
0.161185
0.161201
0.161217
0.161234
0.161251
0.161268
0.161286
0.161303
0.161322
0.16134
0.161359
0.161378
0.161398
0.161418
0.161438
0.161458
0.161479
0.1615
0.161521
0.161543
0.161565
0.161588
0.16161
0.161633
0.161657
0.16168
0.161704
0.161729
0.161753
0.161778
0.161804
0.161829
0.161855
0.161881
0.161908
0.161935
0.161962
0.16199
0.162017
0.162046
0.162074
0.162103
0.162132
0.162162
0.162191
0.162222
0.162252
0.162283
0.162314
0.162345
0.162377
0.162409
0.162441
0.162474
0.162507
0.16254
0.162574
0.162608
0.162643
0.162677
0.162712
0.162747
0.162783
0.162819
0.162855
0.162892
0.162929
0.162966
0.163004
0.163042
0.16308
0.163118
0.163157
0.163197
0.163236
0.163276
0.163316
0.163357
0.163398
0.163439
0.16348
0.163522
0.163564
0.163607
0.16365
0.163693
0.163736
0.16378
0.163824
0.163869
0.163914
0.163959
0.164004
0.16405
0.164096
0.164143
0.16419
0.164237
0.164284
0.164332
0.16438
0.164429
0.164478
0.164527
0.164576
0.164626
0.164676
0.164727
0.164778
0.164829
0.16488
0.164932
0.164984
0.165037
0.16509
0.165143
0.165196
0.16525
0.165305
0.165359
0.165414
0.165469
0.165525
0.165581
0.165637
0.165694
0.165751
0.165808
0.165866
0.165924
0.165982
0.166041
0.1661
0.166159
0.166219
0.166279
0.166339
0.1664
0.166461
0.166522
0.166584
0.166646
0.166709
0.166772
0.166835
0.166899
0.166962
0.167027
0.167091
0.167156
0.167221
0.167287
0.167353
0.16742
0.167486
0.167553
0.167621
0.167689
0.167757
0.167825
0.167894
0.167963
0.168033
0.168103
0.168173
0.168244
0.168315
0.168386
0.168458
0.16853
0.168602
0.168675
0.168748
0.168822
0.168896
0.16897
0.169045
0.16912
0.169195
0.169271
0.169347
0.169424
0.1695
0.169578
0.169655
0.169733
0.169812
0.16989
0.169969
0.170049
0.170129
0.170209
0.17029
0.17037
0.170452
0.170534
0.170616
0.170698
0.170781
0.170864
0.170948
0.171032
0.171116
0.171201
0.171286
0.171372
0.171458
0.171544
0.17163
0.171718
0.171805
0.171893
0.171981
0.17207
0.172159
0.172248
0.172338
0.172428
0.172519
0.17261
0.172701
0.172793
0.172885
0.172978
0.173071
0.173164
0.173258
0.173352
0.173446
0.173541
0.173637
0.173732
0.173829
0.173925
0.174022
0.17412
0.174217
0.174316
0.174414
0.174513
0.174613
0.174712
0.174813
0.174913
0.175014
0.175116
0.175218
0.17532
0.175423
0.175526
0.17563
0.175734
0.175838
0.175943
0.176048
0.176154
0.17626
0.176367
0.176474
0.176581
0.176689
0.176797
0.176906
0.177015
0.177124
0.177234
0.177345
0.177456
0.177567
0.177679
0.177791
0.177904
0.178017
0.17813
0.178244
0.178358
0.178473
0.178588
0.178704
0.17882
0.178937
0.179054
0.179172
0.17929
0.179408
0.179527
0.179646
0.179766
0.179886
0.180007
0.180128
0.18025
0.180372
0.180494
0.180617
0.180741
0.180865
0.180989
0.181114
0.181239
0.181365
0.181492
0.181618
0.181746
0.181873
0.182001
0.18213
0.182259
0.182389
0.182519
0.18265
0.182781
0.182912
0.183044
0.183177
0.18331
0.183444
0.183578
0.183712
0.183847
0.183983
0.184119
0.184255
0.184392
0.18453
0.184668
0.184806
0.184945
0.185085
0.185225
0.185366
0.185507
0.185648
0.18579
0.185933
0.186076
0.18622
0.186364
0.186509
0.186654
0.1868
0.186946
0.187093
0.18724
0.187388
0.187537
0.187685
0.187835
0.187985
0.188136
0.188287
0.188438
0.18859
0.188743
0.188896
0.18905
0.189205
0.18936
0.189515
0.189671
0.189828
0.189985
0.190143
0.190301
0.19046
0.190619
0.190779
0.19094
0.191101
0.191262
0.191425
0.191588
0.191751
0.191915
0.19208
0.192245
0.19241
0.192577
0.192744
0.192911
0.193079
0.193248
0.193417
0.193587
0.193758
0.193929
0.194101
0.194273
0.194446
0.194619
0.194794
0.194968
0.195144
0.19532
0.195496
0.195674
0.195851
0.19603
0.196209
0.196389
0.196569
0.19675
0.196932
0.197114
0.197297
0.197481
0.197665
0.19785
0.198035
0.198221
0.198408
0.198596
0.198784
0.198973
0.199162
0.199352
0.199543
0.199734
0.199927
0.200119
0.200313
0.200507
0.200702
0.200897
0.201094
0.201291
0.201488
0.201686
0.201885
0.202085
0.202286
0.202487
0.202688
0.202891
0.203094
0.203298
0.203503
0.203708
0.203914
0.204121
0.204329
0.204537
0.204746
0.204956
0.205166
0.205377
0.205589
0.205802
0.206015
0.20623
0.206445
0.20666
0.206877
0.207094
0.207312
0.207531
0.20775
0.207971
0.208192
0.208414
0.208636
0.20886
0.209084
0.209309
0.209535
0.209761
0.209989
0.210217
0.210446
0.210676
0.210907
0.211138
0.21137
0.211604
0.211838
0.212072
0.212308
0.212544
0.212782
0.21302
0.213259
0.213499
0.213739
0.213981
0.214223
0.214466
0.214711
0.214955
0.215201
0.215448
0.215696
0.215944
0.216194
0.216444
0.216695
0.216947
0.2172
0.217454
0.217709
0.217964
0.218221
0.218479
0.218737
0.218997
0.219257
0.219518
0.21978
0.220043
0.220308
0.220573
0.220839
0.221106
0.221374
0.221642
0.221912
0.222183
0.222455
0.222728
0.223002
0.223276
0.223552
0.223829
0.224107
0.224386
0.224665
0.224946
0.225228
0.225511
0.225795
0.22608
0.226366
0.226653
0.226941
0.22723
0.22752
0.227812
0.228104
0.228397
0.228692
0.228987
0.229284
0.229582
0.229881
0.230181
0.230482
0.230784
0.231087
0.231392
0.231697
0.232004
0.232312
0.232621
0.232931
0.233242
0.233555
0.233868
0.234183
0.234499
0.234816
0.235134
0.235454
0.235775
0.236096
0.23642
0.236744
0.237069
0.237396
0.237724
0.238053
0.238384
0.238716
0.239049
0.239383
0.239718
0.240055
0.240393
0.240733
0.241073
0.241415
0.241758
0.242103
0.242449
0.242796
0.243144
0.243494
0.243845
0.244198
0.244552
0.244907
0.245264
0.245622
0.245981
0.246342
0.246704
0.247068
0.247433
0.247799
0.248167
0.248536
0.248907
0.249279
0.249653
0.250028
0.250404
0.250782
0.251162
0.251542
0.251925
0.252309
0.252694
0.253081
0.25347
0.25386
0.254252
0.254645
0.255039
0.255436
0.255833
0.256233
0.256634
0.257037
0.257441
0.257847
0.258254
0.258663
0.259074
0.259486
0.2599
0.260316
0.260734
0.261153
0.261573
0.261996
0.26242
0.262846
0.263274
0.263703
0.264134
0.264567
0.265002
0.265438
0.265877
0.266317
0.266759
0.267202
0.267648
0.268095
0.268544
0.268995
0.269448
0.269903
0.27036
0.270818
0.271279
0.271741
0.272206
0.272672
0.27314
0.273611
0.274083
0.274557
0.275033
0.275511
0.275992
0.276474
0.276958
0.277445
0.277933
0.278424
0.278916
0.279411
0.279908
0.280407
0.280908
0.281411
0.281916
0.282424
0.282934
0.283446
0.28396
0.284476
0.284995
0.285516
0.286039
0.286565
0.287093
0.287623
0.288155
0.28869
0.289227
0.289767
0.290308
0.290853
0.291399
0.291948
0.2925
0.293054
0.29361
0.294169
0.294731
0.295295
0.295861
0.29643
0.297002
0.297576
0.298153
0.298732
0.299314
0.299899
0.300486
0.301076
0.301669
0.302265
0.302863
0.303464
0.304067
0.304674
0.305283
0.305895
0.30651
0.307128
0.307748
0.308372
0.308998
0.309627
0.31026
0.310895
0.311533
0.312174
0.312818
0.313466
0.314116
0.314769
0.315426
0.316086
0.316748
0.317414
0.318084
0.318756
0.319432
0.32011
0.320792
0.321478
0.322167
0.322859
0.323554
0.324253
0.324955
0.325661
0.32637
0.327083
0.327799
0.328518
0.329241
0.329968
0.330699
0.331432
0.33217
0.332911
0.333656
0.334405
0.335158
0.335914
0.336674
0.337438
0.338206
0.338977
0.339753
0.340533
0.341316
0.342104
0.342895
0.343691
0.344491
0.345294
0.346102
0.346915
0.347731
0.348552
0.349376
0.350206
0.351039
0.351877
0.352719
0.353566
0.354417
0.355273
0.356133
0.356998
0.357868
0.358742
0.35962
0.360504
0.361392
0.362285
0.363183
0.364086
0.364993
0.365906
0.366823
0.367746
0.368673
0.369606
0.370543
0.371486
0.372434
0.373388
0.374346
0.37531
0.37628
0.377255
0.378235
0.37922
0.380212
0.381209
0.382211
0.383219
0.384233
0.385253
0.386278
0.38731
0.388347
0.38939
0.39044
0.391495
0.392557
0.393624
0.394698
0.395778
0.396865
0.397957
0.399057
0.400162
0.401275
0.402394
0.403519
0.404651
0.40579
0.406936
0.408089
0.409249
0.410415
0.411589
0.41277
0.413958
0.415153
0.416356
0.417566
0.418783
0.420008
0.421241
0.422481
0.423729
0.424984
0.426248
0.427519
0.428798
0.430086
0.431382
0.432685
0.433997
0.435318
0.436647
0.437984
0.43933
0.440685
0.442048
0.443421
0.444802
0.446192
0.447591
0.449
0.450418
0.451845
0.453281
0.454728
0.456183
0.457649
0.459124
0.460609
0.462104
0.463609
0.465125
0.466651
0.468187
0.469733
0.471291
0.472859
0.474437
0.476027
0.477628
0.47924
0.478453
0.477648
0.476827
0.47599
0.475138
0.47427
0.473388
0.472492
0.471583
0.47066
0.469725
0.468778
0.467819
0.466848
0.465867
0.464875
0.463873
0.462861
0.461841
0.460811
0.459772
0.458726
0.457672
0.45661
0.455541
0.454465
0.453382
0.452294
0.451199
0.450099
0.448994
0.447883
0.446768
0.445648
0.444524
0.443397
0.442265
0.44113
0.439992
0.438851
0.437707
0.436561
0.435412
0.434261
0.433109
0.431954
0.430799
0.429642
0.428484
0.427325
0.426165
0.425005
0.423844
0.422683
0.421522
0.420361
0.4192
0.41804
0.416881
0.415722
0.414563
0.413406
0.41225
0.411095
0.409941
0.408789
0.407638
0.406489
0.405342
0.404197
0.403054
0.401912
0.400773
0.399636
0.398502
0.39737
0.39624
0.395113
0.393989
0.392868
0.391749
0.390633
0.389521
0.388411
0.387304
0.386201
0.385101
0.384004
0.38291
0.38182
0.380734
0.37965
0.378571
0.377495
0.376422
0.375354
0.374289
0.373227
0.37217
0.371116
0.370066
0.36902
0.367979
0.366941
0.365906
0.364876
0.363851
0.362829
0.361811
0.360797
0.359787
0.358782
0.357781
0.356784
0.355791
0.354802
0.353817
0.352837
0.351861
0.350889
0.349922
0.348959
0.348
0.347045
0.346095
0.345148
0.344207
0.343269
0.342336
0.341407
0.340483
0.339562
0.338646
0.337735
0.336827
0.335924
0.335026
0.334131
0.333241
0.332355
0.331473
0.330596
0.329723
0.328854
0.32799
0.32713
0.326273
0.325422
0.324574
0.323731
0.322892
0.322057
0.321226
0.320399
0.319577
0.318758
0.317944
0.317134
0.316328
0.315526
0.314729
0.313935
0.313145
0.31236
0.311578
0.310801
0.310027
0.309258
0.308492
0.307731
0.306973
0.306219
0.30547
0.304724
0.303982
0.303244
0.302509
0.301779
0.301052
0.300329
0.29961
0.298895
0.298183
0.297476
0.296772
0.296071
0.295374
0.294681
0.293992
0.293306
0.292624
0.291945
0.29127
0.290599
0.289931
0.289267
0.288606
0.287948
0.287295
0.286644
0.285997
0.285353
0.284713
0.284076
0.283443
0.282813
0.282186
0.281563
0.280942
0.280326
0.279712
0.279102
0.278494
0.27789
0.27729
0.276692
0.276097
0.275506
0.274918
0.274333
0.273751
0.273172
0.272596
0.272023
0.271453
0.270886
0.270322
0.269761
0.269203
0.268648
0.268096
0.267547
0.267001
0.266457
0.265916
0.265378
0.264843
0.264311
0.263782
0.263255
0.262731
0.26221
0.261691
0.261175
0.260662
0.260152
0.259644
0.259139
0.258636
0.258136
0.257639
0.257144
0.256652
0.256162
0.255675
0.25519
0.254708
0.254228
0.253751
0.253276
0.252804
0.252334
0.251867
0.251401
0.250939
0.250478
0.25002
0.249565
0.249111
0.24866
0.248211
0.247765
0.247321
0.246879
0.246439
0.246001
0.245566
0.245133
0.244702
0.244273
0.243847
0.243422
0.243
0.24258
0.242162
0.241746
0.241332
0.24092
0.240511
0.240103
0.239697
0.239294
0.238892
0.238492
0.238095
0.237699
0.237305
0.236913
0.236524
0.236136
0.23575
0.235366
0.234983
0.234603
0.234225
0.233848
0.233473
0.2331
0.232729
0.23236
0.231993
0.231627
0.231263
0.230901
0.230541
0.230182
0.229825
0.22947
0.229117
0.228765
0.228415
0.228067
0.22772
0.227375
0.227032
0.22669
0.22635
0.226012
0.225675
0.22534
0.225007
0.224675
0.224345
0.224016
0.223689
0.223363
0.223039
0.222717
0.222396
0.222076
0.221758
0.221442
0.221127
0.220814
0.220502
0.220191
0.219882
0.219575
0.219269
0.218964
0.218661
0.218359
0.218059
0.21776
0.217462
0.217166
0.216871
0.216578
0.216286
0.215995
0.215706
0.215418
0.215131
0.214846
0.214562
0.214279
0.213998
0.213718
0.213439
0.213162
0.212885
0.212611
0.212337
0.212065
0.211794
0.211524
0.211255
0.210988
0.210722
0.210457
0.210193
0.209931
0.209669
0.209409
0.20915
0.208893
0.208636
0.208381
0.208127
0.207874
0.207622
0.207371
0.207122
0.206873
0.206626
0.20638
0.206135
0.205891
0.205648
0.205406
0.205166
0.204926
0.204688
0.20445
0.204214
0.203979
0.203745
0.203511
0.203279
0.203048
0.202818
0.20259
0.202362
0.202135
0.201909
0.201684
0.20146
0.201238
0.201016
0.200795
0.200575
0.200357
0.200139
0.199922
0.199706
0.199491
0.199277
0.199064
0.198852
0.198641
0.198431
0.198222
0.198014
0.197807
0.1976
0.197395
0.19719
0.196987
0.196784
0.196582
0.196382
0.196182
0.195983
0.195784
0.195587
0.195391
0.195195
0.195001
0.194807
0.194614
0.194422
0.194231
0.19404
0.193851
0.193662
0.193475
0.193288
0.193102
0.192916
0.192732
0.192548
0.192365
0.192184
0.192002
0.191822
0.191643
0.191464
0.191286
0.191109
0.190933
0.190757
0.190582
0.190408
0.190235
0.190063
0.189891
0.18972
0.18955
0.189381
0.189212
0.189045
0.188878
0.188711
0.188546
0.188381
0.188217
0.188054
0.187891
0.187729
0.187568
0.187408
0.187248
0.187089
0.186931
0.186774
0.186617
0.186461
0.186306
0.186151
0.185997
0.185844
0.185691
0.18554
0.185388
0.185238
0.185088
0.184939
0.184791
0.184643
0.184496
0.18435
0.184204
0.184059
0.183915
0.183771
0.183628
0.183486
0.183344
0.183203
0.183062
0.182923
0.182783
0.182645
0.182507
0.18237
0.182233
0.182098
0.181962
0.181828
0.181694
0.18156
0.181427
0.181295
0.181164
0.181033
0.180903
0.180773
0.180644
0.180515
0.180388
0.18026
0.180134
0.180008
0.179882
0.179757
0.179633
0.179509
0.179386
0.179264
0.179142
0.179021
0.1789
0.17878
0.17866
0.178541
0.178423
0.178305
0.178187
0.178071
0.177955
0.177839
0.177724
0.17761
0.177496
0.177382
0.17727
0.177157
0.177046
0.176934
0.176824
0.176714
0.176604
0.176495
0.176387
0.176279
0.176172
0.176065
0.175959
0.175853
0.175748
0.175643
0.175539
0.175435
0.175332
0.17523
0.175128
0.175026
0.174925
0.174825
0.174725
0.174625
0.174527
0.174428
0.17433
0.174233
0.174136
0.17404
0.173944
0.173848
0.173753
0.173659
0.173565
0.173472
0.173379
0.173287
0.173195
0.173103
0.173012
0.172922
0.172832
0.172742
0.172654
0.172565
0.172477
0.17239
0.172302
0.172216
0.17213
0.172044
0.171959
0.171874
0.17179
0.171707
0.171623
0.17154
0.171458
0.171376
0.171295
0.171214
0.171134
0.171054
0.170974
0.170895
0.170816
0.170738
0.17066
0.170583
0.170506
0.17043
0.170354
0.170279
0.170204
0.170129
0.170055
0.169981
0.169908
0.169835
0.169763
0.169691
0.16962
0.169549
0.169478
0.169408
0.169338
0.169269
0.1692
0.169132
0.169064
0.168996
0.168929
0.168863
0.168796
0.168731
0.168665
0.1686
0.168536
0.168471
0.168408
0.168345
0.168282
0.168219
0.168157
0.168096
0.168034
0.167974
0.167913
0.167853
0.167794
0.167735
0.167676
0.167618
0.16756
0.167502
0.167445
0.167389
0.167332
0.167277
0.167221
0.167166
0.167112
0.167057
0.167004
0.16695
0.166897
0.166844
0.166792
0.16674
0.166689
0.166638
0.166587
0.166537
0.166487
0.166438
0.166389
0.16634
0.166292
0.166244
0.166197
0.166149
0.166103
0.166056
0.16601
0.165965
0.16592
0.165875
0.165831
0.165787
0.165743
0.1657
0.165657
0.165614
0.165572
0.165531
0.165489
0.165448
0.165408
0.165368
0.165328
0.165288
0.165249
0.165211
0.165172
0.165134
0.165097
0.16506
0.165023
0.164986
0.16495
0.164914
0.164879
0.164844
0.16481
0.164775
0.164741
0.164708
0.164675
0.164642
0.16461
0.164578
0.164546
0.164515
0.164484
0.164453
0.164423
0.164393
0.164364
0.164335
0.164306
0.164277
0.164249
0.164222
0.164194
0.164167
0.164141
0.164114
0.164089
0.164063
0.164038
0.164013
0.163989
0.163965
0.163941
0.163917
0.163894
0.163872
0.163849
0.163827
0.163806
0.163784
0.163763
0.163743
0.163723
0.163703
0.163683
0.163664
0.163645
0.163627
0.163609
0.163591
0.163573
0.163556
0.16354
0.163523
0.163507
0.163492
0.163476
0.163461
0.163447
0.163432
0.163418
0.163405
0.163391
0.163378
0.163366
0.163354
0.163342
0.16333
0.163319
0.163308
0.163297
0.163287
0.163277
0.163268
0.163259
0.16325
0.163241
0.163233
0.163225
0.163218
0.163211
0.163204
0.163198
0.163191
0.163186
0.16318
0.163175
0.16317
0.163166
0.163162
0.163158
0.163155
0.163152
0.163149
0.163146
0.163144
0.163143
0.163141
0.16314
0.163139
0.163139
0.163139
0.163139
0.16314
0.163141
0.163142
0.163144
0.163146
0.163148
0.163151
0.163154
0.163157
0.16316
0.163164
0.163169
0.163173
0.163178
0.163184
0.163189
0.163195
0.163201
0.163208
0.163215
0.163222
0.16323
0.163238
0.163246
0.163255
0.163264
0.163273
0.163282
0.163292
0.163303
0.163313
0.163324
0.163335
0.163347
0.163359
0.163371
0.163384
0.163396
0.16341
0.163423
0.163437
0.163451
0.163466
0.163481
0.163496
0.163512
0.163527
0.163544
0.16356
0.163577
0.163594
0.163612
0.16363
0.163648
0.163666
0.163685
0.163704
0.163724
0.163744
0.163764
0.163784
0.163805
0.163826
0.163848
0.16387
0.163892
0.163914
0.163937
0.16396
0.163984
0.164008
0.164032
0.164056
0.164081
0.164106
0.164132
0.164157
0.164184
0.16421
0.164237
0.164264
0.164291
0.164319
0.164347
0.164376
0.164404
0.164434
0.164463
0.164493
0.164523
0.164553
0.164584
0.164615
0.164647
0.164678
0.164711
0.164743
0.164776
0.164809
0.164842
0.164876
0.16491
0.164945
0.164979
0.165015
0.16505
0.165086
0.165122
0.165158
0.165195
0.165232
0.16527
0.165307
0.165346
0.165384
0.165423
0.165462
0.165501
0.165541
0.165581
0.165622
0.165663
0.165704
0.165745
0.165787
0.165829
0.165872
0.165915
0.165958
0.166002
0.166045
0.16609
0.166134
0.166179
0.166224
0.16627
0.166316
0.166362
0.166409
0.166456
0.166503
0.166551
0.166599
0.166647
0.166696
0.166745
0.166794
0.166844
0.166894
0.166944
0.166995
0.167046
0.167097
0.167149
0.167201
0.167254
0.167306
0.16736
0.167413
0.167467
0.167521
0.167576
0.167631
0.167686
0.167742
0.167798
0.167854
0.16791
0.167968
0.168025
0.168083
0.168141
0.168199
0.168258
0.168317
0.168376
0.168436
0.168497
0.168557
0.168618
0.168679
0.168741
0.168803
0.168865
0.168928
0.168991
0.169054
0.169118
0.169182
0.169247
0.169312
0.169377
0.169442
0.169508
0.169575
0.169641
0.169708
0.169776
0.169844
0.169912
0.16998
0.170049
0.170118
0.170188
0.170258
0.170328
0.170399
0.17047
0.170541
0.170613
0.170685
0.170758
0.170831
0.170904
0.170978
0.171052
0.171126
0.171201
0.171276
0.171352
0.171428
0.171504
0.171581
0.171658
0.171735
0.171813
0.171891
0.17197
0.172049
0.172128
0.172208
0.172288
0.172368
0.172449
0.17253
0.172612
0.172694
0.172777
0.172859
0.172943
0.173026
0.17311
0.173194
0.173279
0.173364
0.17345
0.173536
0.173622
0.173709
0.173796
0.173884
0.173971
0.17406
0.174148
0.174238
0.174327
0.174417
0.174507
0.174598
0.174689
0.174781
0.174873
0.174965
0.175058
0.175151
0.175244
0.175338
0.175433
0.175527
0.175623
0.175718
0.175814
0.175911
0.176007
0.176105
0.176202
0.1763
0.176399
0.176498
0.176597
0.176697
0.176797
0.176898
0.176999
0.1771
0.177202
0.177304
0.177407
0.17751
0.177614
0.177718
0.177822
0.177927
0.178032
0.178138
0.178244
0.178351
0.178458
0.178565
0.178673
0.178781
0.17889
0.178999
0.179109
0.179219
0.17933
0.179441
0.179552
0.179664
0.179776
0.179889
0.180002
0.180116
0.18023
0.180344
0.180459
0.180575
0.180691
0.180807
0.180924
0.181041
0.181159
0.181277
0.181396
0.181515
0.181635
0.181755
0.181875
0.181996
0.182118
0.18224
0.182362
0.182485
0.182609
0.182732
0.182857
0.182981
0.183107
0.183232
0.183359
0.183485
0.183613
0.18374
0.183868
0.183997
0.184126
0.184256
0.184386
0.184517
0.184648
0.184779
0.184911
0.185044
0.185177
0.185311
0.185445
0.185579
0.185714
0.18585
0.185986
0.186123
0.18626
0.186397
0.186536
0.186674
0.186813
0.186953
0.187093
0.187234
0.187375
0.187517
0.187659
0.187802
0.187945
0.188089
0.188234
0.188379
0.188524
0.18867
0.188817
0.188964
0.189111
0.189259
0.189408
0.189557
0.189707
0.189857
0.190008
0.19016
0.190312
0.190464
0.190617
0.190771
0.190925
0.19108
0.191235
0.191391
0.191547
0.191704
0.191862
0.19202
0.192179
0.192338
0.192498
0.192658
0.192819
0.192981
0.193143
0.193306
0.193469
0.193633
0.193797
0.193963
0.194128
0.194295
0.194461
0.194629
0.194797
0.194966
0.195135
0.195305
0.195475
0.195646
0.195818
0.19599
0.196163
0.196337
0.196511
0.196686
0.196861
0.197037
0.197214
0.197391
0.197569
0.197748
0.197927
0.198107
0.198287
0.198469
0.19865
0.198833
0.199016
0.199199
0.199384
0.199569
0.199755
0.199941
0.200128
0.200316
0.200504
0.200693
0.200883
0.201073
0.201264
0.201456
0.201648
0.201841
0.202035
0.202229
0.202424
0.20262
0.202817
0.203014
0.203212
0.20341
0.20361
0.20381
0.20401
0.204212
0.204414
0.204617
0.20482
0.205025
0.20523
0.205435
0.205642
0.205849
0.206057
0.206266
0.206475
0.206685
0.206896
0.207108
0.20732
0.207534
0.207748
0.207962
0.208178
0.208394
0.208611
0.208829
0.209047
0.209266
0.209487
0.209707
0.209929
0.210152
0.210375
0.210599
0.210824
0.211049
0.211276
0.211503
0.211731
0.21196
0.212189
0.21242
0.212651
0.212883
0.213116
0.21335
0.213585
0.21382
0.214057
0.214294
0.214532
0.214771
0.21501
0.215251
0.215492
0.215735
0.215978
0.216222
0.216467
0.216713
0.216959
0.217207
0.217455
0.217705
0.217955
0.218206
0.218458
0.218711
0.218965
0.21922
0.219475
0.219732
0.21999
0.220248
0.220507
0.220768
0.221029
0.221291
0.221555
0.221819
0.222084
0.22235
0.222617
0.222885
0.223154
0.223424
0.223695
0.223967
0.22424
0.224513
0.224788
0.225064
0.225341
0.225619
0.225898
0.226178
0.226459
0.226741
0.227024
0.227308
0.227593
0.22788
0.228167
0.228455
0.228744
0.229035
0.229326
0.229619
0.229913
0.230207
0.230503
0.2308
0.231098
0.231397
0.231697
0.231999
0.232301
0.232605
0.23291
0.233215
0.233522
0.233831
0.23414
0.23445
0.234762
0.235075
0.235389
0.235704
0.23602
0.236338
0.236656
0.236976
0.237297
0.23762
0.237943
0.238268
0.238594
0.238921
0.239249
0.239579
0.23991
0.240242
0.240576
0.24091
0.241246
0.241584
0.241922
0.242262
0.242603
0.242946
0.243289
0.243635
0.243981
0.244329
0.244678
0.245028
0.24538
0.245733
0.246087
0.246443
0.246801
0.247159
0.247519
0.247881
0.248243
0.248608
0.248973
0.24934
0.249709
0.250079
0.25045
0.250823
0.251197
0.251573
0.25195
0.252329
0.252709
0.253091
0.253474
0.253859
0.254245
0.254633
0.255022
0.255413
0.255805
0.256199
0.256595
0.256992
0.25739
0.257791
0.258193
0.258596
0.259001
0.259408
0.259816
0.260226
0.260638
0.261051
0.261466
0.261883
0.262301
0.262721
0.263143
0.263566
0.263992
0.264419
0.264847
0.265278
0.26571
0.266144
0.266579
0.267017
0.267456
0.267897
0.26834
0.268785
0.269232
0.26968
0.270131
0.270583
0.271037
0.271493
0.271951
0.27241
0.272872
0.273336
0.273801
0.274269
0.274738
0.27521
0.275683
0.276159
0.276636
0.277116
0.277597
0.278081
0.278566
0.279054
0.279544
0.280036
0.28053
0.281026
0.281524
0.282024
0.282527
0.283031
0.283538
0.284047
0.284559
0.285072
0.285588
0.286106
0.286626
0.287148
0.287673
0.2882
0.288729
0.289261
0.289795
0.290332
0.29087
0.291411
0.291955
0.292501
0.293049
0.2936
0.294153
0.294709
0.295267
0.295828
0.296391
0.296957
0.297525
0.298096
0.298669
0.299245
0.299824
0.300405
0.300989
0.301575
0.302165
0.302756
0.303351
0.303948
0.304548
0.305151
0.305757
0.306365
0.306977
0.307591
0.308208
0.308827
0.30945
0.310076
0.310704
0.311335
0.31197
0.312607
0.313248
0.313891
0.314537
0.315187
0.31584
0.316495
0.317154
0.317816
0.318481
0.319149
0.319821
0.320496
0.321173
0.321855
0.322539
0.323227
0.323918
0.324613
0.325311
0.326012
0.326717
0.327425
0.328137
0.328852
0.329571
0.330293
0.331019
0.331748
0.332481
0.333218
0.333958
0.334702
0.33545
0.336201
0.336957
0.337716
0.338479
0.339246
0.340016
0.340791
0.341569
0.342352
0.343138
0.343929
0.344724
0.345522
0.346325
0.347132
0.347943
0.348758
0.349578
0.350402
0.35123
0.352062
0.352899
0.35374
0.354586
0.355436
0.356291
0.35715
0.358014
0.358882
0.359755
0.360632
0.361515
0.362402
0.363294
0.36419
0.365092
0.365998
0.366909
0.367825
0.368747
0.369673
0.370604
0.371541
0.372482
0.373429
0.374381
0.375339
0.376301
0.377269
0.378243
0.379222
0.380206
0.381196
0.382191
0.383192
0.384199
0.385212
0.38623
0.387254
0.388284
0.38932
0.390362
0.391409
0.392463
0.393523
0.394589
0.395662
0.39674
0.397825
0.398916
0.400014
0.401118
0.402229
0.403346
0.40447
0.4056
0.406738
0.407882
0.409033
0.410191
0.411356
0.412528
0.413707
0.414893
0.416086
0.417287
0.418495
0.419711
0.420934
0.422164
0.423402
0.424648
0.425902
0.427163
0.428433
0.42971
0.430996
0.432289
0.433591
0.434901
0.436219
0.437546
0.438881
0.440225
0.441577
0.442938
0.444308
0.445687
0.447075
0.448472
0.449878
0.451294
0.452718
0.454152
0.455596
0.457049
0.458512
0.459984
0.461467
0.462959
0.464462
0.465975
0.467498
0.469031
0.470575
0.472129
0.473694
0.47527
0.476857
0.478455
0.477708
0.476944
0.476163
0.475365
0.474551
0.473721
0.472876
0.472017
0.471143
0.470256
0.469356
0.468443
0.467517
0.46658
0.465631
0.464672
0.463701
0.462721
0.461731
0.460731
0.459722
0.458705
0.457679
0.456646
0.455604
0.454556
0.4535
0.452438
0.451369
0.450295
0.449215
0.448129
0.447038
0.445942
0.444842
0.443737
0.442628
0.441516
0.4404
0.43928
0.438158
0.437032
0.435904
0.434773
0.433641
0.432506
0.431369
0.430231
0.429092
0.427951
0.426809
0.425666
0.424523
0.423379
0.422235
0.42109
0.419946
0.418801
0.417657
0.416513
0.41537
0.414228
0.413086
0.411945
0.410806
0.409667
0.40853
0.407395
0.40626
0.405128
0.403997
0.402868
0.401741
0.400616
0.399493
0.398373
0.397255
0.396139
0.395026
0.393915
0.392807
0.391701
0.390599
0.389499
0.388402
0.387308
0.386218
0.38513
0.384045
0.382964
0.381886
0.380812
0.37974
0.378673
0.377608
0.376548
0.37549
0.374437
0.373387
0.372341
0.371298
0.370259
0.369224
0.368193
0.367166
0.366142
0.365123
0.364107
0.363096
0.362088
0.361085
0.360085
0.359089
0.358098
0.357111
0.356127
0.355148
0.354173
0.353202
0.352236
0.351273
0.350315
0.34936
0.34841
0.347465
0.346523
0.345586
0.344652
0.343723
0.342799
0.341878
0.340962
0.34005
0.339142
0.338238
0.337339
0.336444
0.335553
0.334666
0.333784
0.332906
0.332031
0.331162
0.330296
0.329435
0.328577
0.327724
0.326875
0.326031
0.32519
0.324353
0.323521
0.322693
0.321869
0.321049
0.320233
0.319421
0.318614
0.31781
0.317011
0.316215
0.315424
0.314636
0.313853
0.313073
0.312298
0.311526
0.310758
0.309995
0.309235
0.308479
0.307727
0.306979
0.306235
0.305495
0.304758
0.304025
0.303297
0.302571
0.30185
0.301132
0.300419
0.299708
0.299002
0.298299
0.2976
0.296905
0.296213
0.295525
0.29484
0.294159
0.293482
0.292808
0.292138
0.291471
0.290808
0.290148
0.289491
0.288839
0.288189
0.287543
0.2869
0.286261
0.285625
0.284993
0.284363
0.283738
0.283115
0.282496
0.281879
0.281267
0.280657
0.280051
0.279447
0.278847
0.27825
0.277657
0.277066
0.276478
0.275894
0.275313
0.274734
0.274159
0.273587
0.273018
0.272451
0.271888
0.271328
0.27077
0.270216
0.269664
0.269115
0.268569
0.268026
0.267486
0.266949
0.266414
0.265883
0.265354
0.264827
0.264304
0.263783
0.263265
0.26275
0.262237
0.261727
0.26122
0.260715
0.260213
0.259713
0.259216
0.258722
0.25823
0.257741
0.257254
0.25677
0.256288
0.255808
0.255332
0.254857
0.254385
0.253916
0.253448
0.252984
0.252521
0.252061
0.251604
0.251148
0.250695
0.250245
0.249796
0.24935
0.248906
0.248465
0.248025
0.247588
0.247153
0.24672
0.24629
0.245861
0.245435
0.245011
0.244589
0.244169
0.243752
0.243336
0.242922
0.242511
0.242102
0.241694
0.241289
0.240885
0.240484
0.240085
0.239688
0.239292
0.238899
0.238507
0.238118
0.23773
0.237345
0.236961
0.236579
0.236199
0.235821
0.235445
0.23507
0.234698
0.234327
0.233958
0.233591
0.233226
0.232862
0.232501
0.232141
0.231783
0.231426
0.231071
0.230718
0.230367
0.230017
0.22967
0.229323
0.228979
0.228636
0.228295
0.227955
0.227617
0.227281
0.226946
0.226613
0.226282
0.225952
0.225623
0.225297
0.224972
0.224648
0.224326
0.224005
0.223686
0.223369
0.223053
0.222738
0.222425
0.222114
0.221804
0.221495
0.221188
0.220883
0.220578
0.220276
0.219974
0.219674
0.219376
0.219079
0.218783
0.218489
0.218196
0.217904
0.217614
0.217325
0.217038
0.216752
0.216467
0.216184
0.215902
0.215621
0.215341
0.215063
0.214786
0.21451
0.214236
0.213963
0.213691
0.213421
0.213151
0.212883
0.212617
0.212351
0.212087
0.211824
0.211562
0.211301
0.211042
0.210783
0.210526
0.21027
0.210016
0.209762
0.20951
0.209258
0.209008
0.208759
0.208512
0.208265
0.208019
0.207775
0.207532
0.20729
0.207048
0.206809
0.20657
0.206332
0.206095
0.20586
0.205625
0.205392
0.205159
0.204928
0.204698
0.204468
0.20424
0.204013
0.203787
0.203562
0.203338
0.203115
0.202893
0.202671
0.202451
0.202232
0.202014
0.201797
0.201581
0.201366
0.201152
0.200939
0.200727
0.200516
0.200305
0.200096
0.199888
0.19968
0.199474
0.199268
0.199064
0.19886
0.198657
0.198455
0.198254
0.198054
0.197855
0.197657
0.19746
0.197263
0.197068
0.196873
0.196679
0.196486
0.196294
0.196103
0.195913
0.195723
0.195535
0.195347
0.19516
0.194974
0.194789
0.194605
0.194421
0.194238
0.194057
0.193876
0.193695
0.193516
0.193337
0.19316
0.192983
0.192807
0.192631
0.192457
0.192283
0.19211
0.191938
0.191766
0.191596
0.191426
0.191257
0.191088
0.190921
0.190754
0.190588
0.190423
0.190258
0.190095
0.189932
0.189769
0.189608
0.189447
0.189287
0.189128
0.188969
0.188811
0.188654
0.188498
0.188342
0.188187
0.188033
0.187879
0.187727
0.187574
0.187423
0.187272
0.187122
0.186973
0.186824
0.186676
0.186529
0.186382
0.186237
0.186091
0.185947
0.185803
0.18566
0.185517
0.185375
0.185234
0.185094
0.184954
0.184815
0.184676
0.184538
0.184401
0.184264
0.184128
0.183993
0.183858
0.183724
0.183591
0.183458
0.183326
0.183194
0.183063
0.182933
0.182803
0.182674
0.182546
0.182418
0.182291
0.182164
0.182038
0.181913
0.181788
0.181664
0.18154
0.181418
0.181295
0.181173
0.181052
0.180932
0.180812
0.180692
0.180573
0.180455
0.180338
0.18022
0.180104
0.179988
0.179873
0.179758
0.179644
0.17953
0.179417
0.179304
0.179192
0.179081
0.17897
0.17886
0.17875
0.178641
0.178533
0.178424
0.178317
0.17821
0.178104
0.177998
0.177892
0.177788
0.177683
0.17758
0.177476
0.177374
0.177272
0.17717
0.177069
0.176968
0.176868
0.176769
0.17667
0.176572
0.176474
0.176376
0.176279
0.176183
0.176087
0.175992
0.175897
0.175803
0.175709
0.175615
0.175523
0.17543
0.175339
0.175247
0.175156
0.175066
0.174976
0.174887
0.174798
0.17471
0.174622
0.174535
0.174448
0.174362
0.174276
0.17419
0.174105
0.174021
0.173937
0.173854
0.173771
0.173688
0.173606
0.173524
0.173443
0.173363
0.173283
0.173203
0.173124
0.173045
0.172967
0.172889
0.172812
0.172735
0.172658
0.172582
0.172507
0.172432
0.172357
0.172283
0.172209
0.172136
0.172063
0.171991
0.171919
0.171848
0.171777
0.171706
0.171636
0.171567
0.171497
0.171429
0.17136
0.171293
0.171225
0.171158
0.171092
0.171026
0.17096
0.170895
0.17083
0.170766
0.170702
0.170638
0.170575
0.170512
0.17045
0.170388
0.170327
0.170266
0.170206
0.170146
0.170086
0.170027
0.169968
0.16991
0.169852
0.169794
0.169737
0.16968
0.169624
0.169568
0.169513
0.169458
0.169403
0.169349
0.169295
0.169242
0.169189
0.169136
0.169084
0.169032
0.168981
0.16893
0.168879
0.168829
0.168779
0.16873
0.168681
0.168633
0.168584
0.168537
0.168489
0.168443
0.168396
0.16835
0.168304
0.168259
0.168214
0.168169
0.168125
0.168081
0.168038
0.167995
0.167953
0.16791
0.167869
0.167827
0.167786
0.167745
0.167705
0.167665
0.167626
0.167587
0.167548
0.16751
0.167472
0.167434
0.167397
0.16736
0.167324
0.167288
0.167252
0.167217
0.167182
0.167148
0.167114
0.16708
0.167047
0.167014
0.166981
0.166949
0.166917
0.166885
0.166854
0.166824
0.166793
0.166763
0.166734
0.166704
0.166675
0.166647
0.166619
0.166591
0.166564
0.166537
0.16651
0.166484
0.166458
0.166432
0.166407
0.166382
0.166358
0.166334
0.16631
0.166287
0.166264
0.166241
0.166219
0.166197
0.166175
0.166154
0.166133
0.166113
0.166093
0.166073
0.166054
0.166035
0.166016
0.165998
0.16598
0.165962
0.165945
0.165928
0.165911
0.165895
0.16588
0.165864
0.165849
0.165834
0.16582
0.165806
0.165792
0.165779
0.165766
0.165753
0.165741
0.165729
0.165718
0.165706
0.165696
0.165685
0.165675
0.165665
0.165656
0.165647
0.165638
0.16563
0.165621
0.165614
0.165606
0.165599
0.165593
0.165587
0.165581
0.165575
0.16557
0.165565
0.16556
0.165556
0.165552
0.165549
0.165546
0.165543
0.16554
0.165538
0.165536
0.165535
0.165534
0.165533
0.165533
0.165533
0.165533
0.165534
0.165535
0.165536
0.165538
0.16554
0.165542
0.165545
0.165548
0.165551
0.165555
0.165559
0.165563
0.165568
0.165573
0.165579
0.165584
0.16559
0.165597
0.165604
0.165611
0.165618
0.165626
0.165634
0.165643
0.165652
0.165661
0.165671
0.16568
0.165691
0.165701
0.165712
0.165723
0.165735
0.165747
0.165759
0.165772
0.165785
0.165798
0.165812
0.165826
0.16584
0.165855
0.16587
0.165885
0.165901
0.165917
0.165933
0.16595
0.165967
0.165984
0.166002
0.16602
0.166038
0.166057
0.166076
0.166095
0.166115
0.166135
0.166156
0.166176
0.166198
0.166219
0.166241
0.166263
0.166285
0.166308
0.166331
0.166355
0.166379
0.166403
0.166427
0.166452
0.166478
0.166503
0.166529
0.166555
0.166582
0.166609
0.166636
0.166664
0.166691
0.16672
0.166748
0.166777
0.166807
0.166836
0.166866
0.166897
0.166927
0.166958
0.16699
0.167021
0.167053
0.167086
0.167118
0.167152
0.167185
0.167219
0.167253
0.167287
0.167322
0.167357
0.167393
0.167428
0.167465
0.167501
0.167538
0.167575
0.167613
0.167651
0.167689
0.167727
0.167766
0.167806
0.167845
0.167885
0.167926
0.167966
0.168007
0.168049
0.16809
0.168132
0.168175
0.168218
0.168261
0.168304
0.168348
0.168392
0.168437
0.168481
0.168527
0.168572
0.168618
0.168664
0.168711
0.168758
0.168805
0.168853
0.168901
0.168949
0.168998
0.169047
0.169096
0.169146
0.169196
0.169247
0.169298
0.169349
0.169401
0.169452
0.169505
0.169557
0.16961
0.169664
0.169717
0.169771
0.169826
0.169881
0.169936
0.169991
0.170047
0.170103
0.17016
0.170217
0.170274
0.170332
0.17039
0.170448
0.170507
0.170566
0.170626
0.170685
0.170746
0.170806
0.170867
0.170928
0.17099
0.171052
0.171115
0.171177
0.17124
0.171304
0.171368
0.171432
0.171497
0.171562
0.171627
0.171693
0.171759
0.171825
0.171892
0.171959
0.172027
0.172095
0.172163
0.172232
0.172301
0.172371
0.172441
0.172511
0.172581
0.172652
0.172724
0.172795
0.172868
0.17294
0.173013
0.173086
0.17316
0.173234
0.173308
0.173383
0.173458
0.173534
0.17361
0.173686
0.173763
0.17384
0.173917
0.173995
0.174074
0.174152
0.174231
0.174311
0.174391
0.174471
0.174552
0.174633
0.174714
0.174796
0.174878
0.174961
0.175044
0.175127
0.175211
0.175295
0.17538
0.175465
0.17555
0.175636
0.175722
0.175809
0.175896
0.175983
0.176071
0.176159
0.176248
0.176337
0.176426
0.176516
0.176606
0.176697
0.176788
0.17688
0.176972
0.177064
0.177157
0.17725
0.177343
0.177437
0.177532
0.177627
0.177722
0.177818
0.177914
0.17801
0.178107
0.178204
0.178302
0.1784
0.178499
0.178598
0.178698
0.178797
0.178898
0.178999
0.1791
0.179201
0.179303
0.179406
0.179509
0.179612
0.179716
0.17982
0.179925
0.18003
0.180136
0.180242
0.180348
0.180455
0.180562
0.18067
0.180778
0.180887
0.180996
0.181106
0.181216
0.181326
0.181437
0.181549
0.18166
0.181773
0.181885
0.181999
0.182112
0.182226
0.182341
0.182456
0.182572
0.182688
0.182804
0.182921
0.183038
0.183156
0.183274
0.183393
0.183512
0.183632
0.183752
0.183873
0.183994
0.184116
0.184238
0.18436
0.184483
0.184607
0.184731
0.184856
0.184981
0.185106
0.185232
0.185358
0.185485
0.185613
0.185741
0.185869
0.185998
0.186127
0.186257
0.186388
0.186519
0.18665
0.186782
0.186914
0.187047
0.187181
0.187315
0.187449
0.187584
0.18772
0.187856
0.187992
0.188129
0.188267
0.188405
0.188543
0.188682
0.188822
0.188962
0.189103
0.189244
0.189386
0.189528
0.189671
0.189814
0.189958
0.190102
0.190247
0.190393
0.190539
0.190685
0.190833
0.19098
0.191128
0.191277
0.191427
0.191576
0.191727
0.191878
0.192029
0.192181
0.192334
0.192487
0.192641
0.192795
0.19295
0.193106
0.193262
0.193418
0.193575
0.193733
0.193892
0.194051
0.19421
0.19437
0.194531
0.194692
0.194854
0.195016
0.195179
0.195343
0.195507
0.195672
0.195837
0.196003
0.19617
0.196337
0.196505
0.196673
0.196842
0.197012
0.197182
0.197353
0.197525
0.197697
0.19787
0.198043
0.198217
0.198391
0.198567
0.198743
0.198919
0.199096
0.199274
0.199452
0.199632
0.199811
0.199992
0.200173
0.200354
0.200537
0.20072
0.200903
0.201087
0.201272
0.201458
0.201644
0.201831
0.202019
0.202207
0.202396
0.202586
0.202776
0.202967
0.203159
0.203351
0.203544
0.203738
0.203932
0.204127
0.204323
0.20452
0.204717
0.204915
0.205114
0.205313
0.205513
0.205714
0.205915
0.206118
0.206321
0.206524
0.206729
0.206934
0.20714
0.207346
0.207554
0.207762
0.207971
0.20818
0.208391
0.208602
0.208814
0.209026
0.20924
0.209454
0.209669
0.209884
0.210101
0.210318
0.210536
0.210755
0.210974
0.211195
0.211416
0.211638
0.211861
0.212084
0.212308
0.212534
0.21276
0.212986
0.213214
0.213442
0.213671
0.213901
0.214132
0.214364
0.214597
0.21483
0.215064
0.215299
0.215535
0.215772
0.216009
0.216248
0.216487
0.216727
0.216968
0.21721
0.217453
0.217697
0.217941
0.218187
0.218433
0.21868
0.218928
0.219177
0.219427
0.219678
0.21993
0.220182
0.220436
0.22069
0.220946
0.221202
0.221459
0.221717
0.221977
0.222237
0.222498
0.22276
0.223023
0.223286
0.223551
0.223817
0.224084
0.224352
0.22462
0.22489
0.225161
0.225432
0.225705
0.225979
0.226253
0.226529
0.226806
0.227084
0.227362
0.227642
0.227923
0.228205
0.228488
0.228772
0.229057
0.229343
0.22963
0.229918
0.230207
0.230497
0.230789
0.231081
0.231375
0.231669
0.231965
0.232262
0.23256
0.232859
0.233159
0.23346
0.233762
0.234066
0.234371
0.234676
0.234983
0.235291
0.235601
0.235911
0.236223
0.236535
0.236849
0.237164
0.237481
0.237798
0.238117
0.238437
0.238758
0.23908
0.239404
0.239728
0.240054
0.240382
0.24071
0.24104
0.241371
0.241703
0.242037
0.242371
0.242707
0.243045
0.243383
0.243723
0.244064
0.244407
0.244751
0.245096
0.245443
0.24579
0.24614
0.24649
0.246842
0.247195
0.24755
0.247906
0.248263
0.248622
0.248982
0.249344
0.249707
0.250071
0.250437
0.250804
0.251173
0.251543
0.251915
0.252288
0.252662
0.253038
0.253416
0.253795
0.254175
0.254557
0.254941
0.255325
0.255712
0.2561
0.25649
0.256881
0.257273
0.257668
0.258064
0.258461
0.25886
0.259261
0.259663
0.260067
0.260472
0.260879
0.261288
0.261698
0.26211
0.262524
0.262939
0.263356
0.263775
0.264196
0.264618
0.265042
0.265467
0.265895
0.266324
0.266755
0.267187
0.267622
0.268058
0.268496
0.268936
0.269377
0.269821
0.270266
0.270713
0.271162
0.271613
0.272066
0.272521
0.272977
0.273435
0.273896
0.274358
0.274822
0.275288
0.275757
0.276227
0.276699
0.277173
0.277649
0.278127
0.278607
0.279089
0.279574
0.28006
0.280548
0.281039
0.281531
0.282026
0.282523
0.283022
0.283523
0.284026
0.284531
0.285039
0.285549
0.286061
0.286575
0.287091
0.28761
0.288131
0.288654
0.28918
0.289708
0.290238
0.290771
0.291305
0.291843
0.292382
0.292924
0.293469
0.294015
0.294565
0.295116
0.295671
0.296227
0.296786
0.297348
0.297912
0.298479
0.299048
0.29962
0.300194
0.300771
0.301351
0.301933
0.302518
0.303106
0.303696
0.304289
0.304885
0.305483
0.306084
0.306688
0.307295
0.307904
0.308517
0.309132
0.30975
0.310371
0.310995
0.311621
0.312251
0.312884
0.313519
0.314158
0.3148
0.315444
0.316092
0.316743
0.317397
0.318054
0.318714
0.319377
0.320043
0.320713
0.321386
0.322062
0.322741
0.323424
0.32411
0.324799
0.325492
0.326188
0.326887
0.32759
0.328296
0.329006
0.329719
0.330435
0.331156
0.331879
0.332607
0.333338
0.334072
0.334811
0.335553
0.336298
0.337048
0.337801
0.338558
0.339319
0.340083
0.340852
0.341624
0.3424
0.343181
0.343965
0.344753
0.345546
0.346342
0.347142
0.347947
0.348756
0.349569
0.350386
0.351207
0.352033
0.352863
0.353698
0.354536
0.355379
0.356227
0.357079
0.357936
0.358797
0.359663
0.360533
0.361408
0.362288
0.363172
0.364061
0.364955
0.365854
0.366758
0.367666
0.36858
0.369498
0.370421
0.37135
0.372284
0.373222
0.374166
0.375115
0.37607
0.37703
0.377995
0.378965
0.379941
0.380922
0.381909
0.382901
0.383899
0.384903
0.385912
0.386927
0.387948
0.388975
0.390007
0.391046
0.39209
0.393141
0.394197
0.39526
0.396329
0.397404
0.398485
0.399573
0.400667
0.401768
0.402875
0.403988
0.405108
0.406235
0.407369
0.408509
0.409656
0.41081
0.411971
0.413139
0.414314
0.415497
0.416686
0.417883
0.419087
0.420298
0.421517
0.422743
0.423977
0.425219
0.426468
0.427725
0.42899
0.430263
0.431544
0.432833
0.43413
0.435435
0.436749
0.43807
0.439401
0.44074
0.442087
0.443444
0.444809
0.446182
0.447565
0.448957
0.450358
0.451768
0.453187
0.454616
0.456054
0.457502
0.458959
0.460426
0.461903
0.46339
0.464887
0.466393
0.46791
0.469438
0.470976
0.472524
0.474083
0.475652
0.477233
0.478824
0.478071
0.477301
0.476513
0.47571
0.47489
0.474055
0.473205
0.472341
0.471463
0.470572
0.469668
0.468751
0.467822
0.466882
0.46593
0.464968
0.463995
0.463013
0.46202
0.461019
0.460009
0.45899
0.457963
0.456928
0.455886
0.454837
0.453781
0.452718
0.451649
0.450575
0.449494
0.448409
0.447318
0.446223
0.445123
0.44402
0.442912
0.4418
0.440685
0.439567
0.438446
0.437322
0.436195
0.435066
0.433936
0.432803
0.431668
0.430532
0.429395
0.428256
0.427117
0.425976
0.424836
0.423694
0.422553
0.421411
0.420269
0.419128
0.417987
0.416846
0.415706
0.414566
0.413428
0.41229
0.411154
0.410019
0.408885
0.407753
0.406622
0.405493
0.404366
0.40324
0.402117
0.400996
0.399877
0.39876
0.397645
0.396533
0.395424
0.394317
0.393213
0.392111
0.391012
0.389916
0.388824
0.387734
0.386647
0.385563
0.384483
0.383405
0.382331
0.381261
0.380194
0.37913
0.37807
0.377013
0.37596
0.37491
0.373864
0.372822
0.371784
0.370749
0.369718
0.368691
0.367668
0.366648
0.365633
0.364621
0.363614
0.36261
0.361611
0.360615
0.359624
0.358636
0.357653
0.356674
0.355699
0.354728
0.353761
0.352798
0.351839
0.350885
0.349935
0.348989
0.348047
0.347109
0.346176
0.345246
0.344321
0.3434
0.342484
0.341571
0.340663
0.339759
0.338859
0.337964
0.337072
0.336185
0.335302
0.334424
0.333549
0.332679
0.331813
0.330951
0.330093
0.329239
0.32839
0.327545
0.326704
0.325867
0.325034
0.324205
0.32338
0.32256
0.321743
0.320931
0.320123
0.319319
0.318518
0.317722
0.31693
0.316142
0.315358
0.314578
0.313802
0.31303
0.312261
0.311497
0.310737
0.30998
0.309228
0.308479
0.307734
0.306993
0.306256
0.305523
0.304793
0.304067
0.303345
0.302627
0.301913
0.301202
0.300495
0.299791
0.299092
0.298396
0.297703
0.297014
0.296329
0.295648
0.29497
0.294295
0.293624
0.292957
0.292293
0.291632
0.290975
0.290322
0.289672
0.289025
0.288382
0.287742
0.287105
0.286472
0.285842
0.285216
0.284593
0.283973
0.283356
0.282743
0.282132
0.281525
0.280922
0.280321
0.279723
0.279129
0.278538
0.27795
0.277365
0.276783
0.276204
0.275628
0.275055
0.274486
0.273919
0.273355
0.272794
0.272236
0.271681
0.271129
0.27058
0.270033
0.26949
0.268949
0.268411
0.267876
0.267344
0.266815
0.266288
0.265764
0.265243
0.264724
0.264208
0.263695
0.263185
0.262677
0.262172
0.261669
0.261169
0.260672
0.260177
0.259685
0.259195
0.258708
0.258223
0.257741
0.257261
0.256784
0.256309
0.255837
0.255367
0.254899
0.254434
0.253972
0.253511
0.253053
0.252598
0.252144
0.251693
0.251244
0.250798
0.250354
0.249912
0.249472
0.249035
0.2486
0.248167
0.247736
0.247307
0.246881
0.246456
0.246034
0.245614
0.245196
0.24478
0.244366
0.243955
0.243545
0.243137
0.242732
0.242328
0.241927
0.241527
0.24113
0.240734
0.240341
0.239949
0.23956
0.239172
0.238786
0.238402
0.23802
0.23764
0.237262
0.236886
0.236511
0.236138
0.235768
0.235399
0.235031
0.234666
0.234302
0.233941
0.233581
0.233222
0.232866
0.232511
0.232158
0.231807
0.231457
0.231109
0.230763
0.230418
0.230075
0.229734
0.229395
0.229057
0.22872
0.228386
0.228053
0.227721
0.227391
0.227063
0.226736
0.226411
0.226088
0.225766
0.225445
0.225126
0.224809
0.224493
0.224178
0.223865
0.223554
0.223244
0.222936
0.222629
0.222323
0.222019
0.221717
0.221415
0.221116
0.220817
0.22052
0.220225
0.219931
0.219638
0.219346
0.219056
0.218768
0.21848
0.218195
0.21791
0.217627
0.217345
0.217064
0.216785
0.216507
0.21623
0.215955
0.215681
0.215408
0.215136
0.214866
0.214597
0.214329
0.214063
0.213797
0.213533
0.213271
0.213009
0.212748
0.212489
0.212231
0.211975
0.211719
0.211464
0.211211
0.210959
0.210708
0.210458
0.21021
0.209962
0.209716
0.209471
0.209227
0.208984
0.208742
0.208501
0.208262
0.208023
0.207786
0.20755
0.207314
0.20708
0.206847
0.206615
0.206384
0.206154
0.205926
0.205698
0.205471
0.205245
0.205021
0.204797
0.204575
0.204353
0.204132
0.203913
0.203694
0.203477
0.20326
0.203044
0.20283
0.202616
0.202404
0.202192
0.201981
0.201771
0.201563
0.201355
0.201148
0.200942
0.200737
0.200533
0.20033
0.200128
0.199926
0.199726
0.199526
0.199328
0.19913
0.198933
0.198738
0.198543
0.198349
0.198155
0.197963
0.197772
0.197581
0.197391
0.197203
0.197015
0.196828
0.196641
0.196456
0.196271
0.196088
0.195905
0.195723
0.195542
0.195361
0.195182
0.195003
0.194825
0.194648
0.194472
0.194296
0.194122
0.193948
0.193775
0.193603
0.193431
0.19326
0.19309
0.192921
0.192753
0.192585
0.192419
0.192253
0.192087
0.191923
0.191759
0.191596
0.191434
0.191272
0.191112
0.190952
0.190792
0.190634
0.190476
0.190319
0.190163
0.190007
0.189852
0.189698
0.189545
0.189392
0.18924
0.189089
0.188938
0.188788
0.188639
0.188491
0.188343
0.188196
0.188049
0.187904
0.187759
0.187614
0.187471
0.187328
0.187185
0.187044
0.186903
0.186763
0.186623
0.186484
0.186346
0.186208
0.186071
0.185935
0.185799
0.185664
0.18553
0.185396
0.185263
0.18513
0.184998
0.184867
0.184737
0.184607
0.184477
0.184349
0.184221
0.184093
0.183967
0.18384
0.183715
0.18359
0.183465
0.183342
0.183219
0.183096
0.182974
0.182853
0.182732
0.182612
0.182493
0.182374
0.182255
0.182137
0.18202
0.181904
0.181788
0.181672
0.181557
0.181443
0.18133
0.181216
0.181104
0.180992
0.180881
0.18077
0.180659
0.18055
0.180441
0.180332
0.180224
0.180117
0.18001
0.179903
0.179798
0.179692
0.179588
0.179483
0.17938
0.179277
0.179174
0.179072
0.178971
0.17887
0.178769
0.17867
0.17857
0.178471
0.178373
0.178276
0.178178
0.178082
0.177985
0.17789
0.177795
0.1777
0.177606
0.177512
0.177419
0.177327
0.177235
0.177143
0.177052
0.176962
0.176872
0.176782
0.176693
0.176605
0.176517
0.176429
0.176342
0.176256
0.17617
0.176084
0.175999
0.175915
0.175831
0.175747
0.175664
0.175582
0.1755
0.175418
0.175337
0.175256
0.175176
0.175096
0.175017
0.174938
0.17486
0.174782
0.174705
0.174628
0.174552
0.174476
0.1744
0.174325
0.174251
0.174177
0.174103
0.17403
0.173958
0.173885
0.173814
0.173742
0.173672
0.173601
0.173531
0.173462
0.173393
0.173324
0.173256
0.173188
0.173121
0.173055
0.172988
0.172922
0.172857
0.172792
0.172727
0.172663
0.1726
0.172536
0.172474
0.172411
0.172349
0.172288
0.172227
0.172166
0.172106
0.172046
0.171987
0.171928
0.17187
0.171812
0.171754
0.171697
0.17164
0.171584
0.171528
0.171473
0.171418
0.171363
0.171309
0.171255
0.171202
0.171149
0.171096
0.171044
0.170992
0.170941
0.17089
0.17084
0.17079
0.17074
0.170691
0.170642
0.170594
0.170546
0.170498
0.170451
0.170405
0.170358
0.170312
0.170267
0.170222
0.170177
0.170133
0.170089
0.170045
0.170002
0.169959
0.169917
0.169875
0.169834
0.169792
0.169752
0.169711
0.169671
0.169632
0.169593
0.169554
0.169516
0.169478
0.16944
0.169403
0.169366
0.16933
0.169294
0.169258
0.169223
0.169188
0.169154
0.16912
0.169086
0.169053
0.16902
0.168987
0.168955
0.168923
0.168892
0.168861
0.16883
0.1688
0.16877
0.168741
0.168712
0.168683
0.168655
0.168627
0.168599
0.168572
0.168545
0.168519
0.168493
0.168467
0.168442
0.168417
0.168392
0.168368
0.168344
0.168321
0.168298
0.168275
0.168253
0.168231
0.168209
0.168188
0.168167
0.168147
0.168127
0.168107
0.168088
0.168069
0.16805
0.168032
0.168014
0.167996
0.167979
0.167962
0.167946
0.16793
0.167914
0.167899
0.167884
0.167869
0.167855
0.167841
0.167828
0.167815
0.167802
0.167789
0.167777
0.167766
0.167754
0.167743
0.167733
0.167722
0.167712
0.167703
0.167694
0.167685
0.167676
0.167668
0.167661
0.167653
0.167646
0.16764
0.167633
0.167627
0.167622
0.167616
0.167611
0.167607
0.167603
0.167599
0.167595
0.167592
0.16759
0.167587
0.167585
0.167583
0.167582
0.167581
0.167581
0.16758
0.16758
0.167581
0.167582
0.167583
0.167584
0.167586
0.167588
0.167591
0.167594
0.167597
0.1676
0.167604
0.167609
0.167613
0.167618
0.167624
0.167629
0.167636
0.167642
0.167649
0.167656
0.167663
0.167671
0.167679
0.167688
0.167697
0.167706
0.167715
0.167725
0.167736
0.167746
0.167757
0.167768
0.16778
0.167792
0.167804
0.167817
0.16783
0.167844
0.167857
0.167871
0.167886
0.167901
0.167916
0.167931
0.167947
0.167963
0.16798
0.167997
0.168014
0.168032
0.16805
0.168068
0.168087
0.168105
0.168125
0.168145
0.168165
0.168185
0.168206
0.168227
0.168248
0.16827
0.168292
0.168315
0.168337
0.16836
0.168384
0.168408
0.168432
0.168457
0.168482
0.168507
0.168532
0.168558
0.168585
0.168611
0.168638
0.168666
0.168693
0.168722
0.16875
0.168779
0.168808
0.168837
0.168867
0.168897
0.168928
0.168959
0.16899
0.169021
0.169053
0.169086
0.169118
0.169151
0.169185
0.169218
0.169252
0.169287
0.169321
0.169356
0.169392
0.169428
0.169464
0.1695
0.169537
0.169574
0.169612
0.16965
0.169688
0.169727
0.169766
0.169805
0.169845
0.169885
0.169925
0.169966
0.170007
0.170049
0.17009
0.170133
0.170175
0.170218
0.170261
0.170305
0.170349
0.170393
0.170438
0.170483
0.170528
0.170574
0.17062
0.170667
0.170714
0.170761
0.170808
0.170856
0.170904
0.170953
0.171002
0.171051
0.171101
0.171151
0.171202
0.171253
0.171304
0.171355
0.171407
0.17146
0.171512
0.171565
0.171619
0.171672
0.171726
0.171781
0.171836
0.171891
0.171946
0.172002
0.172059
0.172115
0.172172
0.17223
0.172288
0.172346
0.172404
0.172463
0.172523
0.172582
0.172642
0.172703
0.172763
0.172825
0.172886
0.172948
0.17301
0.173073
0.173136
0.173199
0.173263
0.173327
0.173392
0.173457
0.173522
0.173588
0.173654
0.17372
0.173787
0.173854
0.173922
0.173989
0.174058
0.174127
0.174196
0.174265
0.174335
0.174405
0.174476
0.174547
0.174618
0.17469
0.174762
0.174835
0.174908
0.174981
0.175055
0.175129
0.175204
0.175279
0.175354
0.17543
0.175506
0.175582
0.175659
0.175736
0.175814
0.175892
0.175971
0.176049
0.176129
0.176208
0.176288
0.176369
0.17645
0.176531
0.176613
0.176695
0.176777
0.17686
0.176944
0.177027
0.177111
0.177196
0.177281
0.177366
0.177452
0.177538
0.177625
0.177712
0.177799
0.177887
0.177975
0.178064
0.178153
0.178242
0.178332
0.178422
0.178513
0.178604
0.178696
0.178788
0.17888
0.178973
0.179066
0.17916
0.179254
0.179348
0.179443
0.179539
0.179634
0.179731
0.179827
0.179924
0.180022
0.18012
0.180218
0.180317
0.180416
0.180516
0.180616
0.180717
0.180818
0.180919
0.181021
0.181123
0.181226
0.181329
0.181433
0.181537
0.181641
0.181746
0.181852
0.181958
0.182064
0.182171
0.182278
0.182386
0.182494
0.182602
0.182711
0.182821
0.182931
0.183041
0.183152
0.183263
0.183375
0.183488
0.1836
0.183713
0.183827
0.183941
0.184056
0.184171
0.184286
0.184402
0.184519
0.184636
0.184753
0.184871
0.184989
0.185108
0.185228
0.185347
0.185468
0.185588
0.18571
0.185831
0.185954
0.186076
0.186199
0.186323
0.186447
0.186572
0.186697
0.186823
0.186949
0.187076
0.187203
0.18733
0.187458
0.187587
0.187716
0.187846
0.187976
0.188107
0.188238
0.188369
0.188502
0.188634
0.188768
0.188901
0.189036
0.18917
0.189306
0.189441
0.189578
0.189715
0.189852
0.18999
0.190128
0.190267
0.190407
0.190547
0.190687
0.190828
0.19097
0.191112
0.191255
0.191398
0.191542
0.191686
0.191831
0.191976
0.192122
0.192269
0.192416
0.192563
0.192712
0.19286
0.19301
0.193159
0.19331
0.193461
0.193612
0.193764
0.193917
0.19407
0.194224
0.194378
0.194533
0.194689
0.194845
0.195002
0.195159
0.195317
0.195475
0.195634
0.195794
0.195954
0.196115
0.196276
0.196438
0.1966
0.196764
0.196927
0.197092
0.197257
0.197422
0.197588
0.197755
0.197922
0.19809
0.198259
0.198428
0.198598
0.198769
0.19894
0.199111
0.199284
0.199457
0.19963
0.199805
0.19998
0.200155
0.200331
0.200508
0.200685
0.200864
0.201042
0.201222
0.201402
0.201582
0.201764
0.201946
0.202128
0.202312
0.202496
0.20268
0.202866
0.203052
0.203238
0.203426
0.203614
0.203802
0.203992
0.204182
0.204373
0.204564
0.204756
0.204949
0.205143
0.205337
0.205532
0.205727
0.205924
0.206121
0.206318
0.206517
0.206716
0.206916
0.207117
0.207318
0.20752
0.207723
0.207927
0.208131
0.208336
0.208542
0.208748
0.208955
0.209163
0.209372
0.209582
0.209792
0.210003
0.210215
0.210427
0.21064
0.210854
0.211069
0.211285
0.211501
0.211718
0.211936
0.212155
0.212375
0.212595
0.212816
0.213038
0.213261
0.213484
0.213709
0.213934
0.21416
0.214387
0.214614
0.214843
0.215072
0.215302
0.215533
0.215765
0.215997
0.216231
0.216465
0.2167
0.216936
0.217173
0.217411
0.217649
0.217889
0.218129
0.21837
0.218612
0.218855
0.219099
0.219343
0.219589
0.219836
0.220083
0.220331
0.22058
0.22083
0.221081
0.221333
0.221586
0.22184
0.222095
0.22235
0.222607
0.222864
0.223123
0.223382
0.223642
0.223904
0.224166
0.224429
0.224693
0.224958
0.225224
0.225491
0.225759
0.226028
0.226298
0.226569
0.226842
0.227115
0.227389
0.227664
0.22794
0.228217
0.228495
0.228774
0.229054
0.229335
0.229618
0.229901
0.230185
0.230471
0.230757
0.231045
0.231333
0.231623
0.231913
0.232205
0.232498
0.232792
0.233087
0.233383
0.233681
0.233979
0.234279
0.234579
0.234881
0.235184
0.235488
0.235793
0.2361
0.236407
0.236716
0.237026
0.237337
0.237649
0.237962
0.238277
0.238592
0.238909
0.239227
0.239547
0.239867
0.240189
0.240512
0.240836
0.241161
0.241488
0.241816
0.242145
0.242476
0.242807
0.24314
0.243475
0.24381
0.244147
0.244485
0.244824
0.245165
0.245507
0.24585
0.246195
0.246541
0.246888
0.247237
0.247587
0.247938
0.248291
0.248645
0.249001
0.249358
0.249716
0.250076
0.250437
0.250799
0.251163
0.251528
0.251895
0.252263
0.252633
0.253004
0.253377
0.253751
0.254126
0.254503
0.254882
0.255261
0.255643
0.256026
0.25641
0.256796
0.257184
0.257573
0.257964
0.258356
0.25875
0.259145
0.259542
0.259941
0.260341
0.260743
0.261146
0.261551
0.261958
0.262366
0.262776
0.263188
0.263601
0.264016
0.264432
0.264851
0.265271
0.265692
0.266116
0.266541
0.266968
0.267397
0.267827
0.268259
0.268693
0.269129
0.269567
0.270006
0.270447
0.27089
0.271335
0.271782
0.272231
0.272681
0.273133
0.273588
0.274044
0.274502
0.274962
0.275424
0.275887
0.276353
0.276821
0.277291
0.277762
0.278236
0.278712
0.279189
0.279669
0.280151
0.280635
0.281121
0.281609
0.282099
0.282591
0.283085
0.283582
0.28408
0.284581
0.285084
0.285589
0.286096
0.286605
0.287117
0.287631
0.288147
0.288665
0.289186
0.289709
0.290234
0.290762
0.291291
0.291824
0.292358
0.292895
0.293434
0.293976
0.29452
0.295066
0.295615
0.296167
0.29672
0.297277
0.297836
0.298397
0.298961
0.299527
0.300096
0.300667
0.301241
0.301818
0.302397
0.302979
0.303564
0.304151
0.304741
0.305334
0.305929
0.306527
0.307128
0.307732
0.308338
0.308947
0.309559
0.310174
0.310792
0.311412
0.312036
0.312662
0.313292
0.313924
0.314559
0.315198
0.315839
0.316483
0.317131
0.317781
0.318435
0.319091
0.319751
0.320414
0.32108
0.321749
0.322422
0.323098
0.323777
0.324459
0.325145
0.325833
0.326526
0.327221
0.32792
0.328623
0.329329
0.330038
0.330751
0.331467
0.332187
0.332911
0.333638
0.334368
0.335103
0.335841
0.336582
0.337328
0.338077
0.338829
0.339586
0.340347
0.341111
0.341879
0.342651
0.343427
0.344207
0.344991
0.345779
0.346571
0.347367
0.348167
0.348971
0.34978
0.350592
0.351409
0.35223
0.353056
0.353885
0.354719
0.355558
0.356401
0.357248
0.3581
0.358956
0.359817
0.360682
0.361552
0.362427
0.363306
0.36419
0.365079
0.365972
0.366871
0.367774
0.368682
0.369595
0.370513
0.371436
0.372365
0.373298
0.374236
0.37518
0.376128
0.377082
0.378042
0.379006
0.379976
0.380952
0.381933
0.382919
0.383911
0.384909
0.385912
0.386921
0.387935
0.388956
0.389982
0.391014
0.392052
0.393096
0.394146
0.395202
0.396264
0.397333
0.398407
0.399488
0.400576
0.401669
0.402769
0.403876
0.404989
0.406108
0.407235
0.408368
0.409507
0.410654
0.411808
0.412968
0.414135
0.41531
0.416492
0.41768
0.418876
0.42008
0.421291
0.422509
0.423735
0.424968
0.426209
0.427457
0.428714
0.429978
0.43125
0.432531
0.433819
0.435115
0.43642
0.437733
0.439054
0.440384
0.441722
0.443069
0.444424
0.445788
0.447162
0.448543
0.449934
0.451335
0.452744
0.454162
0.45559
0.457028
0.458474
0.459931
0.461397
0.462873
0.464359
0.465855
0.467361
0.468877
0.470403
0.47194
0.473487
0.475045
0.476614
0.478193
0.479784
0.478998
0.478196
0.477378
0.476544
0.475696
0.474832
0.473955
0.473064
0.472159
0.471242
0.470313
0.469372
0.46842
0.467456
0.466482
0.465498
0.464504
0.463501
0.462489
0.461468
0.460439
0.459401
0.458357
0.457304
0.456245
0.45518
0.454108
0.45303
0.451946
0.450857
0.449763
0.448664
0.44756
0.446452
0.44534
0.444225
0.443105
0.441983
0.440857
0.439728
0.438597
0.437464
0.436328
0.43519
0.434051
0.432909
0.431767
0.430623
0.429478
0.428333
0.427187
0.42604
0.424893
0.423746
0.422598
0.421451
0.420304
0.419158
0.418012
0.416867
0.415723
0.41458
0.413437
0.412296
0.411157
0.410018
0.408882
0.407747
0.406613
0.405482
0.404353
0.403225
0.4021
0.400977
0.399857
0.398739
0.397623
0.39651
0.3954
0.394292
0.393187
0.392085
0.390986
0.38989
0.388797
0.387707
0.386621
0.385537
0.384457
0.383381
0.382307
0.381238
0.380171
0.379108
0.378049
0.376994
0.375942
0.374894
0.373849
0.372808
0.371771
0.370738
0.369709
0.368684
0.367663
0.366645
0.365632
0.364623
0.363617
0.362616
0.361619
0.360625
0.359636
0.358651
0.35767
0.356694
0.355721
0.354753
0.353789
0.352829
0.351873
0.350921
0.349974
0.349031
0.348092
0.347157
0.346226
0.3453
0.344378
0.34346
0.342547
0.341638
0.340733
0.339832
0.338935
0.338043
0.337155
0.336271
0.335391
0.334516
0.333645
0.332778
0.331915
0.331057
0.330202
0.329352
0.328506
0.327664
0.326827
0.325993
0.325164
0.324338
0.323517
0.3227
0.321887
0.321078
0.320274
0.319473
0.318676
0.317884
0.317095
0.316311
0.31553
0.314754
0.313981
0.313212
0.312448
0.311687
0.31093
0.310177
0.309428
0.308683
0.307942
0.307204
0.306471
0.305741
0.305015
0.304292
0.303574
0.302859
0.302148
0.301441
0.300737
0.300037
0.299341
0.298649
0.29796
0.297274
0.296592
0.295914
0.29524
0.294569
0.293901
0.293237
0.292576
0.291919
0.291266
0.290616
0.289969
0.289326
0.288686
0.288049
0.287416
0.286786
0.28616
0.285536
0.284916
0.2843
0.283686
0.283076
0.282469
0.281865
0.281265
0.280667
0.280073
0.279482
0.278894
0.278309
0.277727
0.277148
0.276572
0.276
0.27543
0.274863
0.2743
0.273739
0.273181
0.272626
0.272074
0.271525
0.270979
0.270435
0.269895
0.269357
0.268822
0.26829
0.267761
0.267234
0.26671
0.266189
0.265671
0.265155
0.264642
0.264132
0.263625
0.26312
0.262617
0.262117
0.26162
0.261126
0.260634
0.260144
0.259657
0.259173
0.258691
0.258211
0.257734
0.25726
0.256788
0.256318
0.255851
0.255386
0.254923
0.254463
0.254006
0.25355
0.253097
0.252646
0.252198
0.251752
0.251308
0.250866
0.250427
0.24999
0.249555
0.249122
0.248692
0.248263
0.247837
0.247413
0.246991
0.246571
0.246154
0.245738
0.245325
0.244913
0.244504
0.244097
0.243692
0.243288
0.242887
0.242488
0.242091
0.241696
0.241303
0.240911
0.240522
0.240135
0.239749
0.239366
0.238984
0.238604
0.238227
0.237851
0.237476
0.237104
0.236734
0.236365
0.235998
0.235633
0.23527
0.234909
0.234549
0.234191
0.233835
0.233481
0.233128
0.232777
0.232428
0.23208
0.231735
0.23139
0.231048
0.230707
0.230368
0.230031
0.229695
0.22936
0.229028
0.228697
0.228367
0.228039
0.227713
0.227389
0.227065
0.226744
0.226424
0.226105
0.225788
0.225473
0.225159
0.224847
0.224536
0.224226
0.223918
0.223612
0.223307
0.223003
0.222701
0.2224
0.222101
0.221803
0.221507
0.221212
0.220918
0.220626
0.220335
0.220045
0.219757
0.21947
0.219185
0.218901
0.218618
0.218337
0.218057
0.217778
0.2175
0.217224
0.216949
0.216676
0.216403
0.216132
0.215863
0.215594
0.215327
0.215061
0.214796
0.214533
0.21427
0.214009
0.21375
0.213491
0.213233
0.212977
0.212722
0.212468
0.212216
0.211964
0.211714
0.211465
0.211217
0.21097
0.210724
0.210479
0.210236
0.209994
0.209752
0.209512
0.209273
0.209035
0.208799
0.208563
0.208328
0.208095
0.207862
0.207631
0.207401
0.207171
0.206943
0.206716
0.20649
0.206265
0.206041
0.205818
0.205596
0.205375
0.205155
0.204936
0.204718
0.204501
0.204285
0.20407
0.203856
0.203643
0.203431
0.20322
0.20301
0.202801
0.202593
0.202386
0.20218
0.201974
0.20177
0.201567
0.201364
0.201163
0.200962
0.200762
0.200564
0.200366
0.200169
0.199973
0.199778
0.199583
0.19939
0.199197
0.199006
0.198815
0.198625
0.198436
0.198248
0.198061
0.197875
0.197689
0.197504
0.197321
0.197138
0.196956
0.196774
0.196594
0.196414
0.196235
0.196057
0.19588
0.195704
0.195528
0.195354
0.19518
0.195007
0.194834
0.194663
0.194492
0.194322
0.194153
0.193985
0.193817
0.193651
0.193485
0.193319
0.193155
0.192991
0.192828
0.192666
0.192505
0.192344
0.192184
0.192025
0.191866
0.191709
0.191552
0.191395
0.19124
0.191085
0.190931
0.190778
0.190625
0.190473
0.190322
0.190172
0.190022
0.189873
0.189725
0.189577
0.18943
0.189284
0.189138
0.188993
0.188849
0.188706
0.188563
0.188421
0.18828
0.188139
0.187999
0.187859
0.187721
0.187582
0.187445
0.187308
0.187172
0.187037
0.186902
0.186768
0.186634
0.186502
0.186369
0.186238
0.186107
0.185977
0.185847
0.185718
0.18559
0.185462
0.185335
0.185208
0.185082
0.184957
0.184833
0.184709
0.184585
0.184462
0.18434
0.184219
0.184098
0.183977
0.183858
0.183738
0.18362
0.183502
0.183384
0.183268
0.183152
0.183036
0.182921
0.182806
0.182693
0.182579
0.182467
0.182355
0.182243
0.182132
0.182022
0.181912
0.181803
0.181694
0.181586
0.181478
0.181371
0.181265
0.181159
0.181054
0.180949
0.180845
0.180741
0.180638
0.180535
0.180433
0.180332
0.180231
0.180131
0.180031
0.179931
0.179833
0.179734
0.179637
0.17954
0.179443
0.179347
0.179251
0.179156
0.179062
0.178968
0.178874
0.178781
0.178689
0.178597
0.178505
0.178414
0.178324
0.178234
0.178145
0.178056
0.177967
0.17788
0.177792
0.177705
0.177619
0.177533
0.177448
0.177363
0.177279
0.177195
0.177111
0.177029
0.176946
0.176864
0.176783
0.176702
0.176622
0.176542
0.176462
0.176383
0.176305
0.176227
0.176149
0.176072
0.175996
0.175919
0.175844
0.175769
0.175694
0.17562
0.175546
0.175473
0.1754
0.175328
0.175256
0.175184
0.175113
0.175043
0.174973
0.174903
0.174834
0.174766
0.174697
0.17463
0.174562
0.174496
0.174429
0.174363
0.174298
0.174233
0.174168
0.174104
0.17404
0.173977
0.173914
0.173852
0.17379
0.173729
0.173668
0.173607
0.173547
0.173487
0.173428
0.173369
0.173311
0.173253
0.173195
0.173138
0.173082
0.173025
0.17297
0.172914
0.172859
0.172805
0.172751
0.172697
0.172644
0.172591
0.172539
0.172487
0.172435
0.172384
0.172333
0.172283
0.172233
0.172184
0.172135
0.172086
0.172038
0.17199
0.171943
0.171896
0.171849
0.171803
0.171758
0.171712
0.171667
0.171623
0.171579
0.171535
0.171492
0.171449
0.171407
0.171365
0.171323
0.171282
0.171241
0.171201
0.171161
0.171121
0.171082
0.171043
0.171005
0.170967
0.170929
0.170892
0.170855
0.170819
0.170783
0.170747
0.170712
0.170677
0.170643
0.170609
0.170575
0.170542
0.170509
0.170476
0.170444
0.170413
0.170381
0.17035
0.17032
0.17029
0.17026
0.170231
0.170202
0.170173
0.170145
0.170117
0.17009
0.170062
0.170036
0.170009
0.169984
0.169958
0.169933
0.169908
0.169884
0.16986
0.169836
0.169813
0.16979
0.169768
0.169745
0.169724
0.169702
0.169681
0.169661
0.169641
0.169621
0.169601
0.169582
0.169563
0.169545
0.169527
0.16951
0.169492
0.169475
0.169459
0.169443
0.169427
0.169412
0.169397
0.169382
0.169368
0.169354
0.16934
0.169327
0.169315
0.169302
0.16929
0.169278
0.169267
0.169256
0.169246
0.169235
0.169226
0.169216
0.169207
0.169198
0.16919
0.169182
0.169174
0.169167
0.16916
0.169153
0.169147
0.169141
0.169136
0.169131
0.169126
0.169122
0.169118
0.169114
0.169111
0.169108
0.169105
0.169103
0.169101
0.1691
0.169099
0.169098
0.169097
0.169097
0.169098
0.169098
0.169099
0.169101
0.169102
0.169105
0.169107
0.16911
0.169113
0.169117
0.169121
0.169125
0.169129
0.169134
0.16914
0.169145
0.169151
0.169158
0.169165
0.169172
0.169179
0.169187
0.169195
0.169204
0.169213
0.169222
0.169232
0.169241
0.169252
0.169262
0.169274
0.169285
0.169297
0.169309
0.169321
0.169334
0.169347
0.169361
0.169375
0.169389
0.169403
0.169418
0.169434
0.169449
0.169465
0.169482
0.169498
0.169515
0.169533
0.169551
0.169569
0.169587
0.169606
0.169625
0.169645
0.169665
0.169685
0.169706
0.169727
0.169748
0.16977
0.169792
0.169814
0.169837
0.16986
0.169884
0.169907
0.169932
0.169956
0.169981
0.170006
0.170032
0.170058
0.170084
0.170111
0.170138
0.170165
0.170193
0.170221
0.17025
0.170278
0.170307
0.170337
0.170367
0.170397
0.170428
0.170459
0.17049
0.170522
0.170554
0.170586
0.170619
0.170652
0.170685
0.170719
0.170753
0.170788
0.170823
0.170858
0.170894
0.17093
0.170966
0.171003
0.17104
0.171077
0.171115
0.171153
0.171191
0.17123
0.171269
0.171309
0.171349
0.171389
0.17143
0.171471
0.171512
0.171554
0.171596
0.171639
0.171681
0.171725
0.171768
0.171812
0.171856
0.171901
0.171946
0.171992
0.172037
0.172083
0.17213
0.172177
0.172224
0.172271
0.172319
0.172368
0.172416
0.172465
0.172515
0.172565
0.172615
0.172665
0.172716
0.172768
0.172819
0.172871
0.172924
0.172976
0.173029
0.173083
0.173137
0.173191
0.173246
0.173301
0.173356
0.173412
0.173468
0.173524
0.173581
0.173638
0.173696
0.173754
0.173812
0.173871
0.17393
0.17399
0.17405
0.17411
0.17417
0.174231
0.174293
0.174355
0.174417
0.174479
0.174542
0.174605
0.174669
0.174733
0.174798
0.174863
0.174928
0.174993
0.175059
0.175126
0.175192
0.17526
0.175327
0.175395
0.175463
0.175532
0.175601
0.175671
0.175741
0.175811
0.175881
0.175953
0.176024
0.176096
0.176168
0.176241
0.176314
0.176387
0.176461
0.176535
0.17661
0.176685
0.17676
0.176836
0.176912
0.176989
0.177066
0.177143
0.177221
0.177299
0.177378
0.177457
0.177536
0.177616
0.177696
0.177777
0.177858
0.177939
0.178021
0.178104
0.178186
0.178269
0.178353
0.178437
0.178521
0.178606
0.178691
0.178777
0.178863
0.178949
0.179036
0.179123
0.179211
0.179299
0.179387
0.179476
0.179566
0.179655
0.179746
0.179836
0.179927
0.180019
0.180111
0.180203
0.180296
0.180389
0.180482
0.180576
0.180671
0.180766
0.180861
0.180957
0.181053
0.18115
0.181247
0.181344
0.181442
0.181541
0.181639
0.181739
0.181838
0.181938
0.182039
0.18214
0.182242
0.182343
0.182446
0.182549
0.182652
0.182756
0.18286
0.182964
0.183069
0.183175
0.183281
0.183387
0.183494
0.183602
0.183709
0.183818
0.183926
0.184035
0.184145
0.184255
0.184366
0.184477
0.184588
0.1847
0.184813
0.184926
0.185039
0.185153
0.185267
0.185382
0.185497
0.185613
0.185729
0.185846
0.185963
0.186081
0.186199
0.186317
0.186436
0.186556
0.186676
0.186797
0.186918
0.187039
0.187161
0.187284
0.187407
0.18753
0.187654
0.187779
0.187904
0.188029
0.188155
0.188282
0.188409
0.188536
0.188664
0.188793
0.188922
0.189051
0.189181
0.189312
0.189443
0.189575
0.189707
0.189839
0.189972
0.190106
0.19024
0.190375
0.19051
0.190646
0.190782
0.190919
0.191056
0.191194
0.191333
0.191471
0.191611
0.191751
0.191891
0.192033
0.192174
0.192316
0.192459
0.192602
0.192746
0.19289
0.193035
0.193181
0.193327
0.193473
0.19362
0.193768
0.193916
0.194065
0.194214
0.194364
0.194515
0.194666
0.194817
0.19497
0.195122
0.195276
0.19543
0.195584
0.195739
0.195895
0.196051
0.196208
0.196365
0.196523
0.196682
0.196841
0.197001
0.197161
0.197322
0.197483
0.197646
0.197808
0.197972
0.198136
0.1983
0.198465
0.198631
0.198798
0.198965
0.199132
0.1993
0.199469
0.199639
0.199809
0.19998
0.200151
0.200323
0.200496
0.200669
0.200843
0.201017
0.201193
0.201368
0.201545
0.201722
0.2019
0.202078
0.202257
0.202437
0.202617
0.202798
0.20298
0.203162
0.203346
0.203529
0.203714
0.203899
0.204084
0.204271
0.204458
0.204646
0.204834
0.205023
0.205213
0.205404
0.205595
0.205787
0.205979
0.206173
0.206367
0.206561
0.206757
0.206953
0.20715
0.207347
0.207545
0.207744
0.207944
0.208145
0.208346
0.208548
0.20875
0.208954
0.209158
0.209363
0.209568
0.209775
0.209982
0.21019
0.210398
0.210607
0.210818
0.211028
0.21124
0.211453
0.211666
0.21188
0.212094
0.21231
0.212526
0.212743
0.212961
0.21318
0.213399
0.213619
0.21384
0.214062
0.214285
0.214508
0.214733
0.214958
0.215184
0.21541
0.215638
0.215866
0.216096
0.216326
0.216556
0.216788
0.217021
0.217254
0.217488
0.217724
0.217959
0.218196
0.218434
0.218673
0.218912
0.219152
0.219393
0.219636
0.219878
0.220122
0.220367
0.220613
0.220859
0.221107
0.221355
0.221604
0.221854
0.222105
0.222357
0.22261
0.222864
0.223119
0.223374
0.223631
0.223889
0.224147
0.224407
0.224667
0.224928
0.225191
0.225454
0.225718
0.225983
0.22625
0.226517
0.226785
0.227054
0.227324
0.227596
0.227868
0.228141
0.228415
0.22869
0.228967
0.229244
0.229522
0.229801
0.230082
0.230363
0.230646
0.230929
0.231214
0.231499
0.231786
0.232074
0.232363
0.232652
0.232943
0.233235
0.233529
0.233823
0.234118
0.234415
0.234712
0.235011
0.235311
0.235612
0.235914
0.236217
0.236521
0.236827
0.237133
0.237441
0.23775
0.23806
0.238372
0.238684
0.238998
0.239313
0.239629
0.239946
0.240265
0.240584
0.240905
0.241227
0.241551
0.241875
0.242201
0.242528
0.242856
0.243186
0.243517
0.243849
0.244182
0.244517
0.244853
0.24519
0.245529
0.245869
0.24621
0.246552
0.246896
0.247241
0.247588
0.247935
0.248285
0.248635
0.248987
0.24934
0.249695
0.250051
0.250408
0.250767
0.251127
0.251489
0.251852
0.252216
0.252582
0.25295
0.253318
0.253689
0.25406
0.254434
0.254808
0.255184
0.255562
0.255941
0.256322
0.256704
0.257087
0.257472
0.257859
0.258247
0.258637
0.259029
0.259421
0.259816
0.260212
0.26061
0.261009
0.26141
0.261812
0.262216
0.262622
0.26303
0.263439
0.263849
0.264262
0.264676
0.265091
0.265509
0.265928
0.266349
0.266771
0.267196
0.267622
0.268049
0.268479
0.26891
0.269343
0.269778
0.270215
0.270653
0.271094
0.271536
0.27198
0.272425
0.272873
0.273322
0.273774
0.274227
0.274682
0.275139
0.275598
0.276059
0.276522
0.276987
0.277454
0.277922
0.278393
0.278866
0.279341
0.279817
0.280296
0.280777
0.28126
0.281745
0.282232
0.282721
0.283212
0.283705
0.284201
0.284698
0.285198
0.2857
0.286204
0.28671
0.287218
0.287729
0.288242
0.288757
0.289274
0.289794
0.290316
0.29084
0.291366
0.291895
0.292426
0.29296
0.293495
0.294033
0.294574
0.295117
0.295662
0.29621
0.29676
0.297313
0.297868
0.298426
0.298986
0.299549
0.300114
0.300682
0.301252
0.301825
0.302401
0.302979
0.30356
0.304143
0.304729
0.305318
0.305909
0.306503
0.3071
0.3077
0.308302
0.308908
0.309516
0.310126
0.31074
0.311357
0.311976
0.312598
0.313223
0.313852
0.314483
0.315117
0.315754
0.316394
0.317037
0.317683
0.318332
0.318984
0.31964
0.320298
0.32096
0.321624
0.322292
0.322964
0.323638
0.324316
0.324997
0.325681
0.326368
0.327059
0.327754
0.328451
0.329152
0.329857
0.330565
0.331276
0.331991
0.332709
0.333431
0.334157
0.334886
0.335619
0.336355
0.337096
0.337839
0.338587
0.339338
0.340093
0.340852
0.341615
0.342382
0.343152
0.343926
0.344705
0.345487
0.346273
0.347064
0.347858
0.348657
0.349459
0.350266
0.351077
0.351892
0.352712
0.353535
0.354363
0.355195
0.356032
0.356873
0.357719
0.358569
0.359423
0.360282
0.361146
0.362014
0.362886
0.363764
0.364646
0.365533
0.366425
0.367321
0.368222
0.369129
0.37004
0.370956
0.371877
0.372803
0.373734
0.374671
0.375612
0.376559
0.377511
0.378468
0.37943
0.380398
0.381371
0.38235
0.383334
0.384324
0.385319
0.38632
0.387327
0.388339
0.389358
0.390381
0.391411
0.392447
0.393488
0.394536
0.39559
0.39665
0.397716
0.398788
0.399866
0.400951
0.402042
0.403139
0.404243
0.405354
0.406471
0.407594
0.408725
0.409862
0.411006
0.412156
0.413314
0.414479
0.41565
0.416829
0.418015
0.419208
0.420409
0.421617
0.422832
0.424054
0.425285
0.426523
0.427768
0.429022
0.430283
0.431552
0.432829
0.434114
0.435407
0.436708
0.438018
0.439336
0.440662
0.441997
0.44334
0.444692
0.446053
0.447422
0.4488
0.450188
0.451584
0.45299
0.454405
0.455829
0.457262
0.458705
0.460158
0.46162
0.463092
0.464574
0.466065
0.467567
0.469079
0.470601
0.472134
0.473677
0.475231
0.476795
0.47837
0.479956
0.479168
0.478365
0.477545
0.47671
0.475861
0.474996
0.474118
0.473226
0.472321
0.471404
0.470474
0.469533
0.468581
0.467617
0.466643
0.465659
0.464666
0.463663
0.462651
0.461631
0.460602
0.459566
0.458522
0.45747
0.456412
0.455348
0.454277
0.4532
0.452118
0.45103
0.449937
0.44884
0.447738
0.446631
0.445521
0.444407
0.44329
0.442169
0.441045
0.439918
0.438789
0.437657
0.436524
0.435388
0.434251
0.433112
0.431971
0.43083
0.429687
0.428544
0.4274
0.426256
0.425111
0.423966
0.422822
0.421677
0.420533
0.419389
0.418245
0.417103
0.415961
0.414821
0.413681
0.412543
0.411406
0.41027
0.409136
0.408004
0.406873
0.405744
0.404618
0.403493
0.402371
0.401251
0.400133
0.399018
0.397905
0.396794
0.395687
0.394582
0.39348
0.392381
0.391285
0.390191
0.389101
0.388014
0.38693
0.38585
0.384773
0.383699
0.382628
0.381561
0.380498
0.379438
0.378381
0.377328
0.376279
0.375234
0.374192
0.373154
0.37212
0.37109
0.370063
0.369041
0.368022
0.367008
0.365997
0.36499
0.363988
0.362989
0.361994
0.361004
0.360017
0.359035
0.358057
0.357083
0.356113
0.355147
0.354185
0.353228
0.352275
0.351326
0.350381
0.34944
0.348504
0.347572
0.346644
0.34572
0.344801
0.343885
0.342974
0.342068
0.341165
0.340267
0.339372
0.338483
0.337597
0.336715
0.335838
0.334965
0.334096
0.333232
0.332371
0.331515
0.330663
0.329815
0.328971
0.328132
0.327296
0.326465
0.325638
0.324815
0.323996
0.323181
0.322371
0.321564
0.320761
0.319963
0.319168
0.318378
0.317591
0.316809
0.316031
0.315256
0.314486
0.313719
0.312956
0.312198
0.311443
0.310692
0.309945
0.309202
0.308462
0.307727
0.306995
0.306267
0.305543
0.304823
0.304106
0.303393
0.302684
0.301979
0.301277
0.300579
0.299885
0.299194
0.298507
0.297823
0.297143
0.296467
0.295794
0.295125
0.294459
0.293797
0.293138
0.292483
0.291831
0.291182
0.290537
0.289896
0.289257
0.288623
0.287991
0.287363
0.286738
0.286116
0.285498
0.284883
0.284271
0.283662
0.283057
0.282455
0.281856
0.28126
0.280667
0.280078
0.279491
0.278908
0.278327
0.27775
0.277176
0.276605
0.276036
0.275471
0.274909
0.27435
0.273793
0.27324
0.272689
0.272142
0.271597
0.271055
0.270516
0.269979
0.269446
0.268915
0.268387
0.267862
0.26734
0.26682
0.266303
0.265789
0.265277
0.264768
0.264262
0.263758
0.263257
0.262759
0.262263
0.26177
0.261279
0.260791
0.260305
0.259822
0.259341
0.258863
0.258387
0.257914
0.257443
0.256975
0.256509
0.256045
0.255584
0.255125
0.254668
0.254214
0.253762
0.253313
0.252865
0.25242
0.251978
0.251537
0.251099
0.250663
0.250229
0.249798
0.249368
0.248941
0.248516
0.248093
0.247673
0.247254
0.246837
0.246423
0.246011
0.2456
0.245192
0.244786
0.244382
0.24398
0.24358
0.243182
0.242786
0.242392
0.242
0.241609
0.241221
0.240835
0.240451
0.240068
0.239687
0.239309
0.238932
0.238557
0.238184
0.237813
0.237443
0.237076
0.23671
0.236346
0.235984
0.235624
0.235265
0.234908
0.234553
0.2342
0.233848
0.233498
0.23315
0.232803
0.232459
0.232115
0.231774
0.231434
0.231096
0.230759
0.230425
0.230091
0.22976
0.22943
0.229101
0.228774
0.228449
0.228125
0.227803
0.227483
0.227164
0.226846
0.22653
0.226216
0.225903
0.225591
0.225281
0.224973
0.224666
0.22436
0.224056
0.223753
0.223452
0.223152
0.222854
0.222557
0.222262
0.221968
0.221675
0.221384
0.221094
0.220805
0.220518
0.220232
0.219948
0.219664
0.219383
0.219102
0.218823
0.218545
0.218269
0.217993
0.217719
0.217447
0.217175
0.216905
0.216637
0.216369
0.216103
0.215838
0.215574
0.215311
0.21505
0.21479
0.214531
0.214273
0.214017
0.213761
0.213507
0.213254
0.213002
0.212752
0.212502
0.212254
0.212007
0.211761
0.211516
0.211273
0.21103
0.210789
0.210548
0.210309
0.210071
0.209834
0.209598
0.209363
0.20913
0.208897
0.208666
0.208435
0.208206
0.207977
0.20775
0.207524
0.207299
0.207074
0.206851
0.206629
0.206408
0.206188
0.205969
0.205751
0.205534
0.205318
0.205103
0.204889
0.204676
0.204464
0.204253
0.204043
0.203834
0.203626
0.203418
0.203212
0.203007
0.202802
0.202599
0.202397
0.202195
0.201994
0.201795
0.201596
0.201398
0.201201
0.201005
0.20081
0.200616
0.200422
0.20023
0.200038
0.199848
0.199658
0.199469
0.199281
0.199094
0.198908
0.198722
0.198538
0.198354
0.198171
0.197989
0.197808
0.197627
0.197448
0.197269
0.197091
0.196914
0.196738
0.196563
0.196388
0.196214
0.196042
0.195869
0.195698
0.195527
0.195358
0.195189
0.195021
0.194853
0.194687
0.194521
0.194356
0.194191
0.194028
0.193865
0.193703
0.193542
0.193381
0.193222
0.193063
0.192905
0.192747
0.19259
0.192434
0.192279
0.192125
0.191971
0.191818
0.191665
0.191514
0.191363
0.191213
0.191063
0.190914
0.190766
0.190619
0.190472
0.190327
0.190181
0.190037
0.189893
0.18975
0.189607
0.189465
0.189324
0.189184
0.189044
0.188905
0.188767
0.188629
0.188492
0.188355
0.18822
0.188085
0.18795
0.187816
0.187683
0.187551
0.187419
0.187288
0.187157
0.187027
0.186898
0.18677
0.186642
0.186514
0.186388
0.186261
0.186136
0.186011
0.185887
0.185763
0.18564
0.185518
0.185396
0.185275
0.185155
0.185035
0.184916
0.184797
0.184679
0.184561
0.184444
0.184328
0.184212
0.184097
0.183983
0.183869
0.183755
0.183643
0.18353
0.183419
0.183308
0.183197
0.183087
0.182978
0.182869
0.182761
0.182654
0.182547
0.18244
0.182334
0.182229
0.182124
0.18202
0.181916
0.181813
0.181711
0.181609
0.181507
0.181406
0.181306
0.181206
0.181107
0.181008
0.18091
0.180812
0.180715
0.180619
0.180523
0.180427
0.180332
0.180238
0.180144
0.18005
0.179957
0.179865
0.179773
0.179682
0.179591
0.179501
0.179411
0.179322
0.179233
0.179145
0.179057
0.17897
0.178883
0.178797
0.178711
0.178626
0.178542
0.178457
0.178374
0.178291
0.178208
0.178126
0.178044
0.177963
0.177882
0.177802
0.177722
0.177643
0.177564
0.177486
0.177408
0.177331
0.177254
0.177178
0.177102
0.177027
0.176952
0.176878
0.176804
0.17673
0.176657
0.176585
0.176513
0.176441
0.17637
0.176299
0.176229
0.17616
0.17609
0.176022
0.175953
0.175885
0.175818
0.175751
0.175685
0.175619
0.175553
0.175488
0.175423
0.175359
0.175296
0.175232
0.175169
0.175107
0.175045
0.174984
0.174923
0.174862
0.174802
0.174742
0.174683
0.174624
0.174566
0.174508
0.17445
0.174393
0.174337
0.17428
0.174225
0.174169
0.174115
0.17406
0.174006
0.173952
0.173899
0.173847
0.173794
0.173742
0.173691
0.17364
0.173589
0.173539
0.17349
0.17344
0.173391
0.173343
0.173295
0.173247
0.1732
0.173153
0.173107
0.173061
0.173016
0.17297
0.172926
0.172881
0.172838
0.172794
0.172751
0.172708
0.172666
0.172624
0.172583
0.172542
0.172502
0.172461
0.172422
0.172382
0.172343
0.172305
0.172267
0.172229
0.172192
0.172155
0.172118
0.172082
0.172046
0.172011
0.171976
0.171942
0.171907
0.171874
0.17184
0.171808
0.171775
0.171743
