-2.67795
-2.6774
-2.67814
-2.67888
-2.67963
-2.68037
-2.68112
-2.68188
-2.68263
-2.68339
-2.68415
-2.68492
-2.68568
-2.68645
-2.68723
-2.688
-2.68878
-2.68957
-2.69035
-2.69114
-2.69193
-2.69273
-2.69353
-2.69433
-2.69513
-2.69594
-2.69675
-2.69757
-2.69839
-2.69921
-2.70003
-2.70086
-2.70169
-2.70252
-2.70336
-2.7042
-2.70505
-2.7059
-2.70675
-2.7076
-2.70846
-2.70932
-2.71019
-2.71106
-2.71193
-2.71281
-2.71369
-2.71457
-2.71546
-2.71635
-2.71724
-2.71814
-2.71904
-2.71995
-2.72086
-2.72177
-2.72269
-2.72361
-2.72453
-2.72546
-2.72639
-2.72733
-2.72827
-2.72922
-2.73016
-2.73112
-2.73207
-2.73303
-2.734
-2.73496
-2.73594
-2.73691
-2.73789
-2.73888
-2.73987
-2.74086
-2.74186
-2.74286
-2.74386
-2.74487
-2.74589
-2.74691
-2.74793
-2.74896
-2.74999
-2.75103
-2.75207
-2.75311
-2.75416
-2.75522
-2.75627
-2.75734
-2.75841
-2.75948
-2.76056
-2.76164
-2.76272
-2.76381
-2.76491
-2.76601
-2.76712
-2.76823
-2.76934
-2.77046
-2.77158
-2.77271
-2.77385
-2.77499
-2.77613
-2.77728
-2.77843
-2.77959
-2.78076
-2.78193
-2.7831
-2.78428
-2.78547
-2.78666
-2.78785
-2.78905
-2.79026
-2.79147
-2.79268
-2.7939
-2.79513
-2.79636
-2.7976
-2.79884
-2.80009
-2.80134
-2.8026
-2.80387
-2.80514
-2.80641
-2.8077
-2.80898
-2.81028
-2.81157
-2.81288
-2.81419
-2.8155
-2.81682
-2.81815
-2.81948
-2.82082
-2.82217
-2.82352
-2.82487
-2.82623
-2.8276
-2.82898
-2.83036
-2.83174
-2.83313
-2.83453
-2.83594
-2.83735
-2.83876
-2.84018
-2.84161
-2.84305
-2.84449
-2.84594
-2.84739
-2.84885
-2.85032
-2.85179
-2.85327
-2.85475
-2.85624
-2.85774
-2.85925
-2.86076
-2.86227
-2.8638
-2.86533
-2.86687
-2.86841
-2.86996
-2.87152
-2.87308
-2.87465
-2.87622
-2.87781
-2.8794
-2.88099
-2.8826
-2.88421
-2.88582
-2.88745
-2.88908
-2.89071
-2.89236
-2.89401
-2.89566
-2.89733
-2.899
-2.90068
-2.90236
-2.90405
-2.90575
-2.90746
-2.90917
-2.91089
-2.91261
-2.91435
-2.91609
-2.91783
-2.91959
-2.92135
-2.92312
-2.92489
-2.92667
-2.92846
-2.93026
-2.93206
-2.93387
-2.93569
-2.93751
-2.93934
-2.94118
-2.94303
-2.94488
-2.94674
-2.9486
-2.95048
-2.95236
-2.95424
-2.95614
-2.95804
-2.95995
-2.96186
-2.96378
-2.96571
-2.96765
-2.96959
-2.97154
-2.97349
-2.97546
-2.97743
-2.9794
-2.98139
-2.98338
-2.98538
-2.98738
-2.98939
-2.99141
-2.99343
-2.99547
-2.9975
-2.99955
-3.0016
-3.00366
-3.00572
-3.00779
-3.00987
-3.01195
-3.01404
-3.01614
-3.01824
-3.02035
-3.02247
-3.02459
-3.02672
-3.02885
-3.031
-3.03314
-3.0353
-3.03746
-3.03962
-3.04179
-3.04397
-3.04615
-3.04834
-3.05054
-3.05274
-3.05494
-3.05715
-3.05937
-3.06159
-3.06382
-3.06606
-3.06829
-3.07054
-3.07279
-3.07504
-3.0773
-3.07957
-3.08184
-3.08411
-3.08639
-3.08868
-3.09097
-3.09326
-3.09556
-3.09786
-3.10017
-3.10248
-3.1048
-3.10712
-3.10945
-3.11177
-3.11411
-3.11644
-3.11879
-3.12113
-3.12348
-3.12583
-3.12819
-3.13055
-3.13291
-3.13527
-3.13764
-3.14001
3.1408
3.13842
3.13604
3.13365
3.13127
3.12888
3.12648
3.12409
3.12169
3.1193
3.11689
3.11449
3.11209
3.10968
3.10727
3.10486
3.10245
3.10004
3.09762
3.0952
3.09279
3.09037
3.08795
3.08553
3.08311
3.08068
3.07826
3.07584
3.07341
3.07099
3.06857
3.06614
3.06372
3.06129
3.05887
3.05644
3.05402
3.0516
3.04917
3.04675
3.04433
3.04191
3.03949
3.03707
3.03465
3.03224
3.02982
3.02741
3.025
3.02259
3.02018
3.01777
3.01536
3.01296
3.01056
3.00816
3.00576
3.00337
3.00098
2.99859
2.9962
2.99381
2.99143
2.98905
2.98668
2.9843
2.98193
2.97957
2.9772
2.97484
2.97249
2.97013
2.96779
2.96544
2.9631
2.96076
2.95842
2.95609
2.95377
2.95145
2.94913
2.94681
2.9445
2.9422
2.9399
2.9376
2.93531
2.93303
2.93074
2.92847
2.92619
2.92393
2.92166
2.91941
2.91716
2.91491
2.91267
2.91043
2.9082
2.90597
2.90375
2.90154
2.89933
2.89713
2.89493
2.89274
2.89055
2.88837
2.88619
2.88403
2.88186
2.87971
2.87755
2.87541
2.87327
2.87114
2.86901
2.86689
2.86478
2.86267
2.86057
2.85847
2.85638
2.8543
2.85222
2.85015
2.84809
2.84603
2.84398
2.84194
2.8399
2.83787
2.83585
2.83383
2.83182
2.82982
2.82782
2.82583
2.82385
2.82187
2.8199
2.81793
2.81598
2.81403
2.81208
2.81015
2.80822
2.8063
2.80438
2.80247
2.80057
2.79867
2.79678
2.7949
2.79303
2.79116
2.7893
2.78744
2.7856
2.78376
2.78192
2.7801
2.77828
2.77646
2.77466
2.77286
2.77106
2.76928
2.7675
2.76573
2.76396
2.7622
2.76045
2.75871
2.75697
2.75524
2.75352
2.7518
2.75009
2.74838
2.74669
2.745
2.74331
2.74163
2.73996
2.7383
2.73664
2.73499
2.73335
2.73171
2.73008
2.72846
2.72684
2.72523
2.72362
2.72203
2.72044
2.71885
2.71727
2.7157
2.71414
2.71258
2.71102
2.70948
2.70794
2.70641
2.70488
2.70336
2.70184
2.70033
2.69883
2.69734
2.69585
2.69436
2.69289
2.69142
2.68995
2.68849
2.68704
2.68559
2.68415
2.68272
2.68129
2.67987
2.67845
2.67704
2.67563
2.67424
2.67284
2.67145
2.67007
2.6687
2.66733
2.66596
2.66461
2.66325
2.66191
2.66056
2.65923
2.6579
2.65657
2.65525
2.65394
2.65263
2.65133
2.65003
2.64874
2.64746
2.64617
2.6449
2.64363
2.64236
2.64111
2.63985
2.6386
2.63736
2.63612
2.63489
2.63366
2.63244
2.63122
2.63
2.6288
2.62759
2.6264
2.6252
2.62402
2.62283
2.62165
2.62048
2.61931
2.61815
2.61699
2.61584
2.61469
2.61355
2.61241
2.61127
2.61014
2.60902
2.6079
2.60678
2.60567
2.60456
2.60346
2.60236
2.60127
2.60018
2.59909
2.59801
2.59694
2.59587
2.5948
2.59374
2.59268
2.59163
2.59058
2.58953
2.58849
2.58745
2.58642
2.58539
2.58437
2.58335
2.58233
2.58132
2.58031
2.57931
2.57831
2.57731
2.57632
2.57534
2.57435
2.57337
2.5724
2.57142
2.57046
2.56949
2.56853
2.56757
2.56662
2.56567
2.56473
2.56379
2.56285
2.56191
2.56098
2.56006
2.55913
2.55821
2.5573
2.55639
2.55548
2.55457
2.55367
2.55277
2.55188
2.55099
2.5501
2.54921
2.54833
2.54746
2.54658
2.54571
2.54484
2.54398
2.54312
2.54226
2.54141
2.54056
2.53971
2.53886
2.53802
2.53718
2.53635
2.53552
2.53469
2.53386
2.53304
2.53222
2.53141
2.53059
2.52978
2.52898
2.52817
2.52737
2.52657
2.52578
2.52498
2.5242
2.52341
2.52263
2.52452
2.52643
2.52838
2.53037
2.53238
2.53442
2.5365
2.53862
2.54077
2.54295
2.54517
2.54743
2.54972
2.55206
2.55443
2.55685
2.55931
2.56181
2.56435
2.56694
2.56957
2.57225
2.57498
2.57775
2.58058
2.58346
2.58639
2.58937
2.59241
2.59551
2.59866
2.60187
2.60514
2.60847
2.61187
2.61533
2.61885
2.62245
2.62611
2.62985
2.63365
2.63753
2.64149
2.64552
2.64964
2.65383
2.65811
2.66247
2.66692
2.67146
2.6761
2.68082
2.68564
2.69056
2.69557
2.70069
2.70591
2.71124
2.71668
2.72222
2.72788
2.73366
2.73955
2.74556
2.75169
2.75794
2.76433
2.77083
2.77747
2.78424
2.79114
2.79818
2.80536
2.81267
2.82012
2.82772
2.83545
2.84333
2.85136
2.85952
2.86784
2.87629
2.8849
2.89364
2.90254
2.91157
2.92074
2.93006
2.93951
2.9491
2.95882
2.96867
2.97864
2.98874
2.99896
3.00928
3.01972
3.03025
3.04088
3.0516
3.06241
3.07328
3.08423
3.09523
3.10629
3.11739
3.12853
3.13969
-3.13231
-3.12112
-3.10993
-3.09875
-3.08758
-3.07644
-3.06534
-3.05428
-3.04328
-3.03233
-3.02145
-3.01065
-2.99993
-2.9893
-2.97876
-2.96833
-2.95801
-2.9478
-2.9377
-2.92773
-2.91789
-2.90818
-2.8986
-2.88915
-2.87985
-2.87069
-2.86166
-2.85279
-2.84406
-2.83547
-2.82703
-2.81874
-2.8106
-2.8026
-2.79474
-2.78703
-2.77946
-2.77204
-2.76476
-2.75762
-2.75061
-2.74374
-2.73701
-2.73041
-2.72394
-2.7176
-2.71138
-2.70529
-2.69933
-2.69348
-2.68775
-2.68214
-2.67664
-2.67125
-2.66597
-2.66079
-2.65573
-2.65076
-2.64589
-2.64113
-2.63645
-2.63187
-2.62739
-2.62299
-2.61868
-2.61446
-2.61031
-2.60626
-2.60228
-2.59838
-2.59455
-2.5908
-2.58712
-2.58352
-2.57998
-2.57651
-2.57311
-2.56977
-2.56649
-2.56328
-2.56013
-2.55703
-2.554
-2.55102
-2.54809
-2.54522
-2.5424
-2.53963
-2.53691
-2.53424
-2.53162
-2.52905
-2.52652
-2.52403
-2.52159
-2.51919
-2.51683
-2.51452
-2.51224
-2.51
-2.5078
-2.50564
-2.50352
-2.50143
-2.49937
-2.49735
-2.49536
-2.4934
-2.49148
-2.48959
-2.48773
-2.4859
-2.48409
-2.48232
-2.48057
-2.48133
-2.48208
-2.48284
-2.48361
-2.48438
-2.48516
-2.48594
-2.48673
-2.48752
-2.48832
-2.48913
-2.48994
-2.49075
-2.49158
-2.4924
-2.49324
-2.49408
-2.49492
-2.49578
-2.49663
-2.4975
-2.49837
-2.49925
-2.50013
-2.50102
-2.50192
-2.50282
-2.50374
-2.50465
-2.50558
-2.50651
-2.50745
-2.50839
-2.50935
-2.51031
-2.51128
-2.51225
-2.51324
-2.51423
-2.51523
-2.51623
-2.51725
-2.51827
-2.5193
-2.52034
-2.52139
-2.52244
-2.52351
-2.52458
-2.52566
-2.52676
-2.52786
-2.52896
-2.53008
-2.53121
-2.53235
-2.5335
-2.53465
-2.53582
-2.537
-2.53818
-2.53938
-2.54059
-2.5418
-2.54303
-2.54427
-2.54552
-2.54678
-2.54805
-2.54933
-2.55063
-2.55194
-2.55325
-2.55458
-2.55592
-2.55728
-2.55865
-2.56002
-2.56142
-2.56282
-2.56424
-2.56567
-2.56711
-2.56857
-2.57004
-2.57153
-2.57303
-2.57454
-2.57607
-2.57761
-2.57917
-2.58075
-2.58233
-2.58394
-2.58556
-2.58719
-2.58885
-2.59052
-2.5922
-2.5939
-2.59562
-2.59736
-2.59911
-2.60089
-2.60268
-2.60449
-2.60631
-2.60816
-2.61003
-2.61191
-2.61382
-2.61574
-2.61769
-2.61965
-2.62164
-2.62365
-2.62568
-2.62773
-2.62981
-2.6319
-2.63402
-2.63617
-2.63833
-2.64052
-2.64274
-2.64498
-2.64724
-2.64953
-2.65184
-2.65419
-2.65655
-2.65895
-2.66137
-2.66382
-2.6663
-2.6688
-2.67134
-2.6739
-2.67649
-2.67912
-2.68177
-2.68446
-2.68717
-2.68992
-2.6927
-2.69552
-2.69836
-2.70125
-2.70416
-2.70711
-2.7101
-2.71312
-2.71618
-2.71927
-2.7224
-2.72557
-2.72878
-2.73203
-2.73531
-2.73864
-2.742
-2.74541
-2.74886
-2.75235
-2.75588
-2.75946
-2.76307
-2.76674
-2.77045
-2.7742
-2.778
-2.78184
-2.78573
-2.78967
-2.79365
-2.79769
-2.80177
-2.8059
-2.81008
-2.81431
-2.81859
-2.82292
-2.82731
-2.83174
-2.83622
-2.84076
-2.84535
-2.85
-2.85469
-2.85944
-2.86425
-2.8691
-2.87401
-2.87898
-2.884
-2.88907
-2.8942
-2.89938
-2.90462
-2.90991
-2.91526
-2.92065
-2.92611
-2.93161
-2.93717
-2.94278
-2.94845
-2.95416
-2.95993
-2.96575
-2.97161
-2.97753
-2.9835
-2.98951
-2.99557
-3.00167
-3.00782
-3.01402
-3.02025
-3.02653
-3.03285
-3.03921
-3.0456
-3.05203
-3.05849
-3.06499
-3.07152
-3.07807
-3.08466
-3.09127
-3.0979
-3.10456
-3.11123
-3.11793
-3.12464
-3.13137
-3.1381
3.13833
3.13158
3.12481
3.11805
3.11128
3.10451
3.09775
3.09099
3.08424
3.07749
3.07076
3.06404
3.05734
3.05065
3.04398
3.03733
3.03071
3.02411
3.01753
3.01099
3.00447
2.99799
2.99154
2.98513
2.97875
2.97241
2.96611
2.95985
2.95363
2.94745
2.94132
2.93523
2.92919
2.9232
2.91725
2.91135
2.9055
2.89971
2.89396
2.88827
2.88262
2.87703
2.87149
2.86601
2.86057
2.8552
2.84987
2.8446
2.83938
2.83422
2.82911
2.82406
2.81906
2.81411
2.80922
2.80438
2.79959
2.79486
2.79018
2.78555
2.78098
2.77646
2.77199
2.76757
2.7632
2.75888
2.75461
2.7504
2.74623
2.74211
2.73804
2.73402
2.73004
2.72611
2.72223
2.7184
2.71461
2.71086
2.70716
2.70351
2.69989
2.69632
2.69279
2.68931
2.68586
2.68246
2.6791
2.67577
2.67249
2.66924
2.66603
2.66286
2.65973
2.65664
2.65358
2.65055
2.64756
2.64461
2.64169
2.6388
2.63595
2.63313
2.63034
2.62758
2.62486
2.62217
2.6195
2.61687
2.61427
2.61169
2.60915
2.60663
2.60414
2.60168
2.59924
2.59684
2.59445
2.5921
2.58977
2.58746
2.58518
2.58293
2.5807
2.57849
2.57631
2.57415
2.57201
2.56989
2.5678
2.56573
2.56368
2.56165
2.55964
2.55765
2.55569
2.55374
2.55181
2.5499
2.54802
2.54615
2.54429
2.54246
2.54065
2.53885
2.53707
2.53531
2.53356
2.53183
2.53012
2.52843
2.52675
2.52509
2.52344
2.52181
2.52019
2.51859
2.517
2.51543
2.51387
2.51233
2.5108
2.50928
2.50778
2.50629
2.50482
2.50336
2.50191
2.50047
2.49905
2.49764
2.49624
2.49485
2.49348
2.49212
2.49077
2.48943
2.4881
2.48678
2.48548
2.48418
2.4829
2.48163
2.48036
2.47911
2.47787
2.47664
2.47542
2.47421
2.473
2.47181
2.47063
2.46946
2.46829
2.46714
2.46599
2.46486
2.46373
2.46261
2.4615
2.4604
2.4593
2.45822
2.45714
2.45607
2.45501
2.45396
2.45291
2.45188
2.45085
2.44983
2.44881
2.44781
2.44681
2.44581
2.44483
2.44385
2.44288
2.44192
2.44096
2.44001
2.43907
2.43813
2.4372
2.43627
2.43536
2.43445
2.43354
2.43264
2.43175
2.43086
2.42998
2.42911
2.42824
2.42738
2.42652
2.42567
2.42482
2.42398
2.42315
2.42232
2.42149
2.42068
2.41986
2.41905
2.41825
2.41745
2.41666
2.41587
2.41509
2.41431
2.41354
2.41277
2.41201
2.41125
2.4105
2.40975
2.409
2.40826
2.40753
2.4068
2.40607
2.40535
2.40463
2.40392
2.40321
2.4025
2.4018
2.4011
2.40041
2.39972
2.39904
2.39836
2.39768
2.39701
2.39817
2.39936
2.40059
2.40185
2.40314
2.40447
2.40583
2.40723
2.40868
2.41016
2.41169
2.41326
2.41488
2.41655
2.41827
2.42004
2.42186
2.42375
2.42569
2.42769
2.42976
2.4319
2.43411
2.4364
2.43876
2.44121
2.44374
2.44636
2.44907
2.45189
2.45481
2.45783
2.46098
2.46424
2.46763
2.47116
2.47483
2.47865
2.48263
2.48677
2.49109
2.4956
2.50031
2.50523
2.51037
2.51575
2.52138
2.52728
2.53347
2.53996
2.54677
2.55392
2.56145
2.56937
2.5777
2.58649
2.59575
2.60553
2.61586
2.62677
2.6383
2.65051
2.66343
2.67712
2.69161
2.70697
2.72325
2.7405
2.75876
2.7781
2.79855
2.82016
2.84296
2.86696
2.89217
2.91858
2.94615
2.97481
3.00449
3.03505
3.06636
3.09825
3.13051
-3.12024
-3.08784
-3.05571
-3.02404
-2.99303
-2.96284
-2.93361
-2.90545
-2.87844
-2.85264
-2.82808
-2.80475
-2.78265
-2.76176
-2.74202
-2.72341
-2.70586
-2.68933
-2.67376
-2.65909
-2.64526
-2.63223
-2.61995
-2.60836
-2.59742
-2.58709
-2.57732
-2.56808
-2.55933
-2.55105
-2.54319
-2.53574
-2.52866
-2.52193
-2.51553
-2.50944
-2.50364
-2.49811
-2.49284
-2.48781
-2.483
-2.4784
-2.474
-2.46979
-2.46575
-2.46189
-2.45818
-2.45462
-2.45121
-2.44793
-2.44477
-2.44174
-2.43882
-2.43601
-2.4333
-2.43069
-2.42817
-2.42575
-2.4234
-2.42114
-2.41896
-2.41684
-2.4148
-2.41283
-2.41092
-2.40907
-2.40728
-2.40555
-2.40387
-2.40224
-2.40066
-2.39913
-2.39764
-2.3962
-2.3948
-2.39344
-2.39212
-2.39084
-2.38959
-2.38838
-2.3872
-2.38605
-2.38493
-2.38385
-2.38279
-2.38176
-2.38075
-2.38142
-2.38209
-2.38277
-2.38345
-2.38414
-2.38483
-2.38554
-2.38624
-2.38696
-2.38768
-2.38841
-2.38914
-2.38988
-2.39063
-2.39139
-2.39215
-2.39292
-2.3937
-2.39448
-2.39527
-2.39607
-2.39688
-2.39769
-2.39852
-2.39935
-2.40019
-2.40103
-2.40189
-2.40276
-2.40363
-2.40451
-2.4054
-2.40631
-2.40722
-2.40814
-2.40907
-2.41001
-2.41096
-2.41192
-2.41289
-2.41387
-2.41486
-2.41586
-2.41688
-2.4179
-2.41894
-2.41999
-2.42105
-2.42212
-2.4232
-2.4243
-2.42541
-2.42654
-2.42767
-2.42882
-2.42999
-2.43116
-2.43236
-2.43356
-2.43479
-2.43602
-2.43727
-2.43854
-2.43983
-2.44113
-2.44245
-2.44378
-2.44513
-2.4465
-2.44789
-2.4493
-2.45072
-2.45216
-2.45363
-2.45511
-2.45662
-2.45814
-2.45969
-2.46126
-2.46285
-2.46446
-2.4661
-2.46776
-2.46945
-2.47116
-2.4729
-2.47466
-2.47645
-2.47826
-2.48011
-2.48198
-2.48388
-2.48582
-2.48778
-2.48978
-2.4918
-2.49386
-2.49596
-2.49809
-2.50025
-2.50245
-2.50469
-2.50697
-2.50928
-2.51164
-2.51404
-2.51648
-2.51896
-2.52149
-2.52407
-2.52669
-2.52936
-2.53208
-2.53486
-2.53768
-2.54056
-2.5435
-2.54649
-2.54955
-2.55266
-2.55584
-2.55908
-2.56238
-2.56576
-2.56921
-2.57272
-2.57632
-2.57999
-2.58374
-2.58757
-2.59148
-2.59548
-2.59957
-2.60376
-2.60804
-2.61241
-2.61689
-2.62147
-2.62616
-2.63096
-2.63588
-2.64091
-2.64607
-2.65135
-2.65676
-2.66231
-2.66799
-2.67382
-2.67979
-2.68592
-2.6922
-2.69864
-2.70525
-2.71203
-2.71898
-2.72612
-2.73344
-2.74095
-2.74866
-2.75657
-2.76468
-2.77301
-2.78155
-2.79032
-2.79931
-2.80853
-2.81799
-2.82768
-2.83761
-2.84779
-2.85822
-2.86889
-2.87981
-2.89099
-2.90241
-2.91408
-2.92599
-2.93815
-2.95054
-2.96317
-2.97602
-2.98908
-3.00235
-3.01582
-3.02947
-3.04329
-3.05726
-3.07137
-3.0856
-3.09994
-3.11435
-3.12883
3.13983
3.12528
3.11074
3.09621
3.08173
3.06731
3.05297
3.03873
3.02461
3.01063
2.99681
2.98315
2.96968
2.9564
2.94333
2.93048
2.91785
2.90546
2.8933
2.88139
2.86973
2.85831
2.84715
2.83624
2.82557
2.81516
2.805
2.79508
2.78541
2.77598
2.76678
2.75781
2.74907
2.74055
2.73225
2.72416
2.71628
2.70859
2.70111
2.69382
2.68671
2.67978
2.67303
2.66645
2.66004
2.65378
2.64768
2.64173
2.63593
2.63027
2.62475
2.61936
2.6141
2.60897
2.60395
2.59906
2.59427
2.5896
2.58503
2.58057
2.57621
2.57194
2.56777
2.56369
2.5597
2.55579
2.55197
2.54823
2.54457
2.54098
2.53747
2.53402
2.53065
2.52734
2.5241
2.52093
2.51781
2.51476
2.51176
2.50882
2.50593
2.5031
2.50032
2.49759
2.49491
2.49228
2.4897
2.48716
2.48466
2.48221
2.4798
2.47743
2.4751
2.47281
2.47055
2.46834
2.46616
2.46401
2.4619
2.45982
2.45778
2.45576
2.45378
2.45183
2.4499
2.44801
2.44614
2.4443
2.44249
2.44071
2.43895
2.43721
2.4355
2.43381
2.43215
2.43051
2.42889
2.4273
2.42572
2.42417
2.42264
2.42113
2.41963
2.41816
2.41671
2.41527
2.41385
2.41245
2.41107
2.40971
2.40836
2.40702
2.40571
2.40441
2.40312
2.40185
2.4006
2.39936
2.39813
2.39692
2.39573
2.39454
2.39337
2.39221
2.39107
2.38994
2.38882
2.38771
2.38661
2.38553
2.38446
2.3834
2.38235
2.38131
2.38028
2.37926
2.37825
2.37726
2.37627
2.37529
2.37432
2.37337
2.37242
2.37148
2.37055
2.36963
2.36872
2.36781
2.36692
2.36603
2.36515
2.36428
2.36342
2.36257
2.36172
2.36088
2.36005
2.35922
2.35841
2.3576
2.3568
2.356
2.35521
2.35443
2.35366
2.35289
2.35213
2.35137
2.35062
2.34988
2.34914
2.34841
2.34769
2.34697
2.34626
2.34555
2.34485
2.34415
2.34346
2.34278
2.3421
2.34142
2.34075
2.34009
2.33943
2.33878
2.33813
2.33748
2.33685
2.33621
2.33558
2.33496
2.33434
2.33372
2.33311
2.3325
2.3319
2.3313
2.33146
2.33162
2.33179
2.33197
2.33215
2.33234
2.33254
2.33275
2.33296
2.33319
2.33342
2.33366
2.33391
2.33418
2.33445
2.33474
2.33505
2.33536
2.33569
2.33604
2.33641
2.33679
2.33719
2.33762
2.33806
2.33853
2.33903
2.33955
2.34011
2.3407
2.34132
2.34198
2.34269
2.34343
2.34423
2.34508
2.34599
2.34697
2.34801
2.34914
2.35035
2.35165
2.35307
2.3546
2.35626
2.35807
2.36005
2.36221
2.36459
2.36722
2.37012
2.37334
2.37694
2.38097
2.38551
2.39064
2.39649
2.4032
2.41094
2.41995
2.43053
2.44308
2.45813
2.47641
2.49895
2.52717
2.56315
2.60992
2.67186
2.75509
2.86693
3.0123
-3.09883
-2.9259
-2.78136
-2.67475
-2.59941
-2.54578
-2.50666
-2.47732
-2.45475
-2.43699
-2.42275
-2.41113
-2.40152
-2.39347
-2.38666
-2.38083
-2.37581
-2.37144
-2.36762
-2.36426
-2.36128
-2.35863
-2.35627
-2.35414
-2.35222
-2.35049
-2.34892
-2.34748
-2.34617
-2.34497
-2.34387
-2.34285
-2.34192
-2.34105
-2.34025
-2.3395
-2.33881
-2.33816
-2.33756
-2.33699
-2.33646
-2.33597
-2.3355
-2.33506
-2.33465
-2.33426
-2.3339
-2.33355
-2.33322
-2.33291
-2.33262
-2.33234
-2.33207
-2.33182
-2.33158
-2.33135
-2.33113
-2.33092
-2.33073
-2.33054
-2.33036
-2.33018
-2.33002
-2.32986
-2.32971
-2.32956
-2.32942
-2.32929
-2.32916
-2.32903
-2.32891
-2.3288
-2.32869
-2.32858
-2.32848
-2.32838
-2.32901
-2.32964
-2.33028
-2.33093
-2.33158
-2.33225
-2.33291
-2.33359
-2.33427
-2.33496
-2.33566
-2.33636
-2.33707
-2.33779
-2.33852
-2.33926
-2.34
-2.34076
-2.34152
-2.34229
-2.34307
-2.34386
-2.34466
-2.34547
-2.34628
-2.34711
-2.34795
-2.3488
-2.34966
-2.35053
-2.35141
-2.3523
-2.3532
-2.35412
-2.35504
-2.35598
-2.35693
-2.3579
-2.35887
-2.35987
-2.36087
-2.36189
-2.36292
-2.36396
-2.36503
-2.3661
-2.36719
-2.3683
-2.36942
-2.37057
-2.37172
-2.3729
-2.37409
-2.3753
-2.37653
-2.37778
-2.37905
-2.38034
-2.38165
-2.38298
-2.38433
-2.38571
-2.38711
-2.38853
-2.38997
-2.39144
-2.39294
-2.39446
-2.39601
-2.39759
-2.3992
-2.40084
-2.4025
-2.4042
-2.40593
-2.4077
-2.40949
-2.41133
-2.4132
-2.4151
-2.41705
-2.41903
-2.42106
-2.42313
-2.42525
-2.4274
-2.42961
-2.43187
-2.43417
-2.43653
-2.43894
-2.44141
-2.44394
-2.44653
-2.44918
-2.45189
-2.45468
-2.45753
-2.46046
-2.46346
-2.46654
-2.4697
-2.47295
-2.47629
-2.47972
-2.48324
-2.48687
-2.49061
-2.49445
-2.49841
-2.50249
-2.5067
-2.51104
-2.51552
-2.52014
-2.52491
-2.52985
-2.53495
-2.54023
-2.54569
-2.55135
-2.55721
-2.56329
-2.5696
-2.57615
-2.58295
-2.59002
-2.59736
-2.60501
-2.61297
-2.62126
-2.62991
-2.63892
-2.64833
-2.65815
-2.66841
-2.67913
-2.69033
-2.70206
-2.71432
-2.72716
-2.74059
-2.75465
-2.76937
-2.78478
-2.80089
-2.81774
-2.83535
-2.85373
-2.8729
-2.89285
-2.9136
-2.93512
-2.95739
-2.98037
-3.00403
-3.02829
-3.05309
-3.07833
-3.10392
-3.12974
3.12749
3.10155
3.07571
3.05012
3.02486
3.00006
2.97579
2.95214
2.92916
2.90692
2.88544
2.86475
2.84486
2.82578
2.8075
2.79001
2.77328
2.7573
2.74204
2.72748
2.71358
2.70031
2.68764
2.67555
2.664
2.65296
2.64241
2.63233
2.62267
2.61343
2.60458
2.59609
2.58796
2.58015
2.57264
2.56544
2.55851
2.55184
2.54542
2.53923
2.53327
2.52752
2.52197
2.51661
2.51143
2.50642
2.50158
2.49689
2.49235
2.48795
2.48369
2.47955
2.47554
2.47165
2.46786
2.46419
2.46061
2.45714
2.45376
2.45047
2.44726
2.44414
2.4411
2.43813
2.43524
2.43242
2.42967
2.42698
2.42435
2.42179
2.41928
2.41683
2.41444
2.41209
2.4098
2.40756
2.40536
2.40321
2.40111
2.39904
2.39702
2.39504
2.3931
2.39119
2.38932
2.38749
2.38569
2.38392
2.38219
2.38048
2.37881
2.37717
2.37555
2.37397
2.37241
2.37087
2.36936
2.36788
2.36642
2.36499
2.36357
2.36218
2.36081
2.35947
2.35814
2.35683
2.35554
2.35428
2.35303
2.3518
2.35058
2.34939
2.34821
2.34704
2.3459
2.34477
2.34365
2.34255
2.34146
2.34039
2.33934
2.33829
2.33726
2.33625
2.33524
2.33425
2.33327
2.3323
2.33135
2.33041
2.32947
2.32855
2.32764
2.32674
2.32585
2.32497
2.3241
2.32325
2.3224
2.32156
2.32073
2.3199
2.31909
2.31829
2.31749
2.3167
2.31593
2.31516
2.31439
2.31364
2.31289
2.31215
2.31142
2.3107
2.30998
2.30927
2.30857
2.30787
2.30718
2.3065
2.30582
2.30515
2.30449
2.30383
2.30318
2.30253
2.30189
2.30126
2.30063
2.3
2.29939
2.29877
2.29817
2.29757
2.29697
2.29638
2.29579
2.29521
2.29463
2.29372
2.29276
2.29176
2.2907
2.28959
2.28843
2.2872
2.28591
2.28455
2.28312
2.2816
2.28
2.2783
2.2765
2.2746
2.27258
2.27043
2.26814
2.2657
2.26311
2.26033
2.25736
2.25418
2.25078
2.24711
2.24318
2.23894
2.23436
2.22942
2.22406
2.21826
2.21196
2.20511
2.19765
2.1895
2.1806
2.17086
2.16018
2.14847
2.1356
2.12146
2.10592
2.08885
2.0701
2.04954
2.02705
2.00254
1.97595
1.94728
1.9166
1.88404
1.84986
1.81438
1.77802
1.74124
1.70453
1.66834
1.63311
1.59917
1.56678
1.5361
1.50723
1.48018
1.45493
1.43142
1.40954
1.38921
1.3703
1.35271
1.33633
1.32106
1.3068
1.29347
1.28099
1.26927
1.25826
1.2479
1.23812
1.22889
1.22015
1.21187
1.20401
1.19653
1.18941
1.18262
1.17613
1.16993
1.16399
1.15829
1.15282
1.14756
1.14249
1.13761
1.13291
1.12836
1.12396
1.1197
1.11558
1.11158
1.10769
1.10391
1.10024
1.09666
1.09318
1.08977
1.08645
1.08321
1.08003
1.07692
1.07387
1.07088
1.06795
1.06506
1.06223
1.05944
1.05669
1.05397
1.0513
1.04865
1.04604
1.04345
1.04088
1.03834
1.03581
1.0333
1.03081
1.02832
1.02584
1.02336
1.02088
1.01841
1.01592
1.01343
1.01092
1.0084
1.00585
1.00328
1.00068
0.998036
0.995351
0.992616
0.989821
0.986959
0.984017
0.980985
0.977848
0.974589
0.971189
0.967623
0.963861
0.959868
0.955597
0.950989
0.945966
0.940425
0.934221
0.927148
0.918899
0.908989
0.896605
0.880247
0.856781
0.818264
0.736782
0.414806
-1.28661
-1.65791
-2.32204
-2.32474
-2.32454
-2.32449
-2.32448
-2.32447
-2.32446
-2.32446
-2.32446
-2.32446
-2.32446
-2.32446
-2.32445
-2.32445
-2.32445
-2.32445
-2.32445
-2.32445
-2.32445
-2.32445
-2.32445
-2.32445
-2.32445
-2.32445
-2.32445
-2.32445
-2.32445
-2.32445
-2.32445
-2.32445
-2.32445
-2.32445
-2.32445
-2.32445
-2.32445
-2.32445
-2.32445
-2.32445
-2.32445
-2.32445
-2.32445
-2.32445
-2.32445
-2.32445
-2.32445
-2.32445
-2.32445
-2.32445
-2.32445
-2.32445
-2.32445
-2.32445
-2.32445
-2.32445
-2.32445
-2.32445
-2.32445
-2.32445
-2.32445
-2.32445
-2.32445
-2.32445
-2.32445
-2.32445
-2.32445
-2.32445
-2.32445
-2.32445
-2.32445
-2.32445
-2.32445
-2.32445
-2.32445
-2.32445
-2.32445
-2.32445
-2.32445
-2.32445
-2.32445
-2.32445
-2.32445
-2.32445
-2.32506
-2.32567
-2.32629
-2.32692
-2.32755
-2.32819
-2.32883
-2.32949
-2.33015
-2.33081
-2.33149
-2.33217
-2.33286
-2.33355
-2.33426
-2.33497
-2.33569
-2.33641
-2.33715
-2.33789
-2.33865
-2.33941
-2.34018
-2.34096
-2.34175
-2.34255
-2.34335
-2.34417
-2.345
-2.34584
-2.34668
-2.34754
-2.34841
-2.34929
-2.35019
-2.35109
-2.352
-2.35293
-2.35387
-2.35482
-2.35579
-2.35677
-2.35776
-2.35877
-2.35978
-2.36082
-2.36187
-2.36293
-2.36401
-2.3651
-2.36621
-2.36734
-2.36848
-2.36965
-2.37082
-2.37202
-2.37324
-2.37447
-2.37573
-2.377
-2.37829
-2.37961
-2.38095
-2.38231
-2.38369
-2.3851
-2.38653
-2.38798
-2.38946
-2.39097
-2.3925
-2.39406
-2.39565
-2.39727
-2.39892
-2.4006
-2.40231
-2.40406
-2.40584
-2.40765
-2.4095
-2.41139
-2.41332
-2.41528
-2.41729
-2.41934
-2.42143
-2.42357
-2.42576
-2.42799
-2.43028
-2.43262
-2.43501
-2.43746
-2.43996
-2.44253
-2.44516
-2.44785
-2.45061
-2.45344
-2.45634
-2.45932
-2.46238
-2.46552
-2.46875
-2.47207
-2.47548
-2.47898
-2.48259
-2.48631
-2.49013
-2.49407
-2.49813
-2.50232
-2.50664
-2.51111
-2.51571
-2.52048
-2.5254
-2.53049
-2.53576
-2.54122
-2.54688
-2.55274
-2.55882
-2.56514
-2.5717
-2.57851
-2.5856
-2.59297
-2.60065
-2.60865
-2.61699
-2.6257
-2.63478
-2.64426
-2.65417
-2.66454
-2.67538
-2.68672
-2.6986
-2.71105
-2.72408
-2.73775
-2.75206
-2.76707
-2.78279
-2.79926
-2.8165
-2.83454
-2.85339
-2.87307
-2.89359
-2.91493
-2.93709
-2.96004
-2.98374
-3.00814
-3.03316
-3.05873
-3.08475
-3.1111
-3.13767
3.11886
3.09224
3.06578
3.03962
3.01388
2.98864
2.96401
2.94007
2.91687
2.89446
2.87288
2.85214
2.83225
2.81321
2.795
2.77761
2.76101
2.74518
2.73009
2.71571
2.70199
2.68892
2.67645
2.66456
2.65321
2.64238
2.63203
2.62214
2.61269
2.60364
2.59497
2.58667
2.57871
2.57108
2.56375
2.55671
2.54994
2.54342
2.53715
2.53112
2.5253
2.51968
2.51427
2.50904
2.50398
2.4991
2.49437
2.4898
2.48537
2.48108
2.47692
2.47288
2.46897
2.46517
2.46148
2.45789
2.45441
2.45102
2.44772
2.4445
2.44138
2.43833
2.43536
2.43247
2.42964
2.42689
2.4242
2.42158
2.41902
2.41651
2.41407
2.41167
2.40933
2.40705
2.40481
2.40262
2.40047
2.39837
2.39632
2.3943
2.39232
2.39039
2.38849
2.38663
2.3848
2.38301
2.38125
2.37952
2.37783
2.37616
2.37452
2.37292
2.37134
2.36979
2.36826
2.36676
2.36528
2.36383
2.36241
2.361
2.35962
2.35826
2.35692
2.3556
2.3543
2.35302
2.35176
2.35052
2.3493
2.34809
2.3469
2.34573
2.34458
2.34344
2.34232
2.34121
2.34012
2.33904
2.33797
2.33692
2.33589
2.33487
2.33386
2.33286
2.33188
2.3309
2.32994
2.329
2.32806
2.32714
2.32622
2.32532
2.32443
2.32354
2.32267
2.32181
2.32096
2.32011
2.31928
2.31846
2.31764
2.31684
2.31604
2.31525
2.31447
2.3137
2.31293
2.31218
2.31143
2.31069
2.30996
2.30923
2.30851
2.3078
2.3071
2.3064
2.30571
2.30502
2.30435
2.30368
2.30301
2.30235
2.3017
2.30105
2.30041
2.29978
2.29915
2.29853
2.29791
2.2973
2.29669
2.29609
2.29549
2.2949
2.29432
2.29374
2.29316
2.29259
2.29202
2.29146
2.2909
2.28987
2.28879
2.28766
2.28648
2.28523
2.28392
2.28254
2.28108
2.27955
2.27794
2.27623
2.27443
2.27252
2.27051
2.26837
2.26609
2.26368
2.26112
2.25838
2.25547
2.25236
2.24904
2.24548
2.24167
2.23758
2.23318
2.22845
2.22336
2.21786
2.21192
2.20548
2.19851
2.19094
2.18272
2.17376
2.16401
2.15337
2.14175
2.12906
2.11519
2.10002
2.08346
2.06537
2.04566
2.02423
2.001
1.97593
1.94902
1.92032
1.88996
1.85812
1.82506
1.79111
1.75665
1.72207
1.68778
1.65413
1.62146
1.59001
1.55998
1.53148
1.50459
1.4793
1.4556
1.43342
1.4127
1.39334
1.37527
1.35838
1.34259
1.32781
1.31397
1.30098
1.28877
1.27729
1.26646
1.25625
1.24659
1.23745
1.22878
1.22055
1.21273
1.20528
1.19817
1.19139
1.1849
1.17869
1.17274
1.16702
1.16153
1.15625
1.15117
1.14626
1.14153
1.13696
1.13254
1.12826
1.12411
1.12009
1.11619
1.1124
1.10871
1.10512
1.10162
1.09821
1.09488
1.09163
1.08845
1.08534
1.0823
1.07932
1.0764
1.07353
1.07071
1.06794
1.06522
1.06253
1.05989
1.05729
1.05472
1.05218
1.04967
1.04719
1.04473
1.04229
1.03988
1.03748
1.0351
1.03273
1.03037
1.02802
1.02567
1.02333
1.02099
1.01864
1.01629
1.01394
1.01157
1.00918
1.00678
1.00436
1.00191
0.999425
0.996907
0.994347
0.991738
0.989074
0.986346
0.983544
0.980659
0.977679
0.974587
0.971368
0.968001
0.964461
0.960718
0.956734
0.952462
0.94784
0.942787
0.937196
0.930917
0.923734
0.915325
0.905181
0.892445
0.875526
0.851081
0.810555
0.723424
0.36821
-1.27306
-1.58846
-2.22544
-2.33639
-2.32751
-2.32588
-2.32529
-2.325
-2.32484
-2.32474
-2.32468
-2.32463
-2.3246
-2.32458
-2.32456
-2.32454
-2.32453
-2.32452
-2.32451
-2.32451
-2.3245
-2.3245
-2.32449
-2.32449
-2.32448
-2.32448
-2.32448
-2.32448
-2.32448
-2.32447
-2.32447
-2.32447
-2.32447
-2.32447
-2.32447
-2.32447
-2.32447
-2.32447
-2.32446
-2.32446
-2.32446
-2.32446
-2.32446
-2.32446
-2.32446
-2.32446
-2.32446
-2.32446
-2.32446
-2.32446
-2.32446
-2.32446
-2.32446
-2.32446
-2.32446
-2.32446
-2.32446
-2.32446
-2.32446
-2.32446
-2.32446
-2.32446
-2.32446
-2.32446
-2.32446
-2.32446
-2.32446
-2.32446
-2.32446
-2.32446
-2.32446
-2.32446
-2.32445
-2.32445
-2.32445
-2.32445
-2.32445
-2.32445
-2.32445
-2.32445
-2.32445
-2.32445
-2.32445
-2.32445
-2.32445
-2.32445
-2.32505
-2.32565
-2.32625
-2.32687
-2.32749
-2.32811
-2.32874
-2.32938
-2.33002
-2.33067
-2.33133
-2.332
-2.33267
-2.33335
-2.33403
-2.33473
-2.33543
-2.33614
-2.33686
-2.33758
-2.33831
-2.33906
-2.33981
-2.34057
-2.34133
-2.34211
-2.3429
-2.34369
-2.34449
-2.34531
-2.34613
-2.34697
-2.34781
-2.34867
-2.34953
-2.35041
-2.3513
-2.3522
-2.35311
-2.35403
-2.35496
-2.35591
-2.35687
-2.35784
-2.35883
-2.35983
-2.36084
-2.36187
-2.36291
-2.36397
-2.36504
-2.36613
-2.36723
-2.36835
-2.36948
-2.37064
-2.37181
-2.37299
-2.3742
-2.37542
-2.37667
-2.37793
-2.37922
-2.38052
-2.38185
-2.38319
-2.38456
-2.38595
-2.38737
-2.38881
-2.39028
-2.39177
-2.39328
-2.39483
-2.3964
-2.398
-2.39963
-2.40129
-2.40298
-2.4047
-2.40646
-2.40825
-2.41008
-2.41194
-2.41384
-2.41578
-2.41775
-2.41977
-2.42184
-2.42394
-2.42609
-2.42829
-2.43054
-2.43284
-2.43519
-2.43759
-2.44005
-2.44257
-2.44515
-2.44779
-2.4505
-2.45327
-2.45611
-2.45903
-2.46202
-2.46509
-2.46824
-2.47148
-2.47481
-2.47823
-2.48175
-2.48537
-2.48909
-2.49293
-2.49688
-2.50095
-2.50514
-2.50947
-2.51394
-2.51855
-2.52332
-2.52824
-2.53334
-2.53861
-2.54406
-2.54971
-2.55557
-2.56165
-2.56795
-2.57449
-2.58129
-2.58835
-2.5957
-2.60335
-2.61131
-2.6196
-2.62825
-2.63728
-2.6467
-2.65653
-2.66681
-2.67755
-2.68879
-2.70054
-2.71285
-2.72573
-2.73921
-2.75333
-2.76812
-2.7836
-2.79981
-2.81676
-2.83448
-2.85298
-2.87228
-2.89239
-2.9133
-2.93499
-2.95746
-2.98065
-3.00452
-3.029
-3.05403
-3.0795
-3.10533
-3.13138
3.12563
3.09946
3.07342
3.04763
3.0222
2.99724
2.97283
2.94906
2.92599
2.90366
2.88212
2.86138
2.84146
2.82236
2.80408
2.78659
2.76988
2.75392
2.73869
2.72415
2.71029
2.69706
2.68444
2.67239
2.66089
2.6499
2.6394
2.62936
2.61976
2.61056
2.60176
2.59332
2.58523
2.57746
2.57001
2.56284
2.55595
2.54933
2.54295
2.5368
2.53088
2.52517
2.51965
2.51433
2.50918
2.50421
2.4994
2.49474
2.49024
2.48587
2.48163
2.47753
2.47354
2.46967
2.46592
2.46227
2.45872
2.45527
2.45191
2.44864
2.44546
2.44236
2.43934
2.43639
2.43352
2.43072
2.42798
2.42532
2.42271
2.42016
2.41767
2.41524
2.41286
2.41054
2.40826
2.40603
2.40385
2.40171
2.39962
2.39757
2.39557
2.3936
2.39167
2.38977
2.38792
2.3861
2.38431
2.38255
2.38083
2.37914
2.37748
2.37584
2.37424
2.37266
2.37111
2.36959
2.36809
2.36662
2.36517
2.36374
2.36234
2.36096
2.3596
2.35826
2.35694
2.35564
2.35436
2.3531
2.35186
2.35064
2.34943
2.34824
2.34707
2.34591
2.34478
2.34365
2.34254
2.34145
2.34037
2.33931
2.33825
2.33722
2.33619
2.33518
2.33418
2.3332
2.33223
2.33126
2.33032
2.32938
2.32845
2.32753
2.32663
2.32574
2.32485
2.32398
2.32311
2.32226
2.32142
2.32058
2.31975
2.31894
2.31813
2.31733
2.31654
2.31576
2.31498
2.31422
2.31346
2.31271
2.31197
2.31123
2.3105
2.30978
2.30907
2.30836
2.30766
2.30697
2.30629
2.30561
2.30493
2.30427
2.30361
2.30295
2.3023
2.30166
2.30102
2.30039
2.29977
2.29915
2.29853
2.29793
2.29732
2.29672
2.29613
2.29554
2.29496
2.29438
2.29381
2.29324
2.29268
2.29212
2.29156
2.29101
2.29047
2.28944
2.28837
2.28724
2.28606
2.28482
2.28352
2.28215
2.28072
2.2792
2.27761
2.27592
2.27414
2.27227
2.27028
2.26818
2.26595
2.26358
2.26107
2.2584
2.25555
2.25252
2.24929
2.24583
2.24213
2.23817
2.23393
2.22936
2.22446
2.21917
2.21347
2.20731
2.20065
2.19344
2.18562
2.17713
2.1679
2.15785
2.14691
2.13498
2.12197
2.10778
2.0923
2.07542
2.05705
2.03708
2.01543
1.99205
1.9669
1.94001
1.91144
1.88132
1.84986
1.81731
1.78399
1.75026
1.7165
1.68306
1.65029
1.61848
1.58786
1.5586
1.53082
1.50456
1.47984
1.45663
1.43488
1.41452
1.39548
1.37766
1.361
1.34539
1.33076
1.31704
1.30415
1.29202
1.2806
1.26983
1.25966
1.25003
1.24091
1.23226
1.22404
1.21622
1.20876
1.20166
1.19486
1.18837
1.18215
1.17618
1.17046
1.16496
1.15966
1.15456
1.14965
1.1449
1.14032
1.13588
1.13159
1.12743
1.1234
1.11948
1.11568
1.11198
1.10838
1.10487
1.10145
1.09812
1.09486
1.09168
1.08857
1.08552
1.08254
1.07962
1.07675
1.07393
1.07117
1.06845
1.06577
1.06314
1.06054
1.05798
1.05546
1.05296
1.0505
1.04806
1.04564
1.04325
1.04087
1.03852
1.03618
1.03385
1.03154
1.02923
1.02693
1.02463
1.02234
1.02004
1.01775
1.01544
1.01313
1.0108
1.00846
1.0061
1.00372
1.00131
0.998872
0.996396
0.993878
0.991312
0.988692
0.986009
0.983254
0.980418
0.977489
0.974452
0.971292
0.967988
0.964519
0.960854
0.956959
0.952789
0.948288
0.94338
0.937968
0.931915
0.925028
0.917024
0.90746
0.895612
0.880177
0.858539
0.824486
0.758579
0.55688
-0.883351
-0.937763
-0.960801
-0.976912
-0.990087
-1.00178
-1.0127
-1.02328
-1.03382
-1.04455
-1.05568
-1.06743
-1.08003
-1.09374
-1.10889
-1.12589
-1.14528
-1.16778
-1.1944
-1.22654
-1.26624
-1.31649
-1.38158
-1.46741
-1.58043
-1.72256
-1.88028
-2.02217
-2.12448
-2.18919
-2.22902
-2.25422
-2.27085
-2.28228
-2.29045
-2.29647
-2.30102
-2.30455
-2.30733
-2.30957
-2.3114
-2.3129
-2.31416
-2.31523
-2.31613
-2.31691
-2.31759
-2.31817
-2.31869
-2.31914
-2.31954
-2.3199
-2.32022
-2.32051
-2.32077
-2.321
-2.32121
-2.3214
-2.32158
-2.32174
-2.32189
-2.32203
-2.32215
-2.32227
-2.32238
-2.32248
-2.32257
-2.32266
-2.32274
-2.32281
-2.32288
-2.32295
-2.32301
-2.32307
-2.32312
-2.32318
-2.32322
-2.32327
-2.32331
-2.32335
-2.32339
-2.32343
-2.32347
-2.3235
-2.32353
-2.32356
-2.32359
-2.32362
-2.32364
-2.32367
-2.32369
-2.32371
-2.32374
-2.32376
-2.32378
-2.3238
-2.32381
-2.32383
-2.32385
-2.32386
-2.32388
-2.32389
-2.32391
-2.32392
-2.32394
-2.32395
-2.32396
-2.32397
-2.32398
-2.32458
-2.32518
-2.32578
-2.32639
-2.32701
-2.32764
-2.32827
-2.3289
-2.32955
-2.3302
-2.33085
-2.33152
-2.33219
-2.33287
-2.33355
-2.33425
-2.33495
-2.33565
-2.33637
-2.3371
-2.33783
-2.33857
-2.33932
-2.34008
-2.34084
-2.34162
-2.3424
-2.3432
-2.344
-2.34482
-2.34564
-2.34647
-2.34732
-2.34817
-2.34904
-2.34991
-2.3508
-2.3517
-2.35261
-2.35353
-2.35446
-2.35541
-2.35637
-2.35734
-2.35832
-2.35932
-2.36034
-2.36136
-2.3624
-2.36346
-2.36453
-2.36562
-2.36672
-2.36784
-2.36897
-2.37012
-2.37129
-2.37248
-2.37369
-2.37491
-2.37615
-2.37742
-2.3787
-2.38
-2.38133
-2.38267
-2.38404
-2.38544
-2.38685
-2.38829
-2.38976
-2.39125
-2.39276
-2.39431
-2.39588
-2.39748
-2.39911
-2.40077
-2.40246
-2.40419
-2.40594
-2.40773
-2.40956
-2.41142
-2.41332
-2.41526
-2.41724
-2.41926
-2.42133
-2.42343
-2.42559
-2.42779
-2.43004
-2.43234
-2.43469
-2.4371
-2.43956
-2.44208
-2.44466
-2.44731
-2.45002
-2.45279
-2.45564
-2.45856
-2.46156
-2.46464
-2.4678
-2.47104
-2.47438
-2.47781
-2.48133
-2.48496
-2.48869
-2.49254
-2.4965
-2.50058
-2.50479
-2.50913
-2.51362
-2.51824
-2.52303
-2.52797
-2.53308
-2.53838
-2.54385
-2.54953
-2.55541
-2.56152
-2.56785
-2.57442
-2.58126
-2.58836
-2.59575
-2.60344
-2.61146
-2.61981
-2.62851
-2.6376
-2.64708
-2.65699
-2.66735
-2.67818
-2.6895
-2.70136
-2.71377
-2.72677
-2.74038
-2.75464
-2.76957
-2.7852
-2.80157
-2.8187
-2.8366
-2.8553
-2.87481
-2.89513
-2.91626
-2.93819
-2.96088
-2.98431
-3.00841
-3.03312
-3.05837
-3.08405
-3.11006
-3.13629
3.12057
3.09428
3.06814
3.04228
3.0168
2.99182
2.96741
2.94367
2.92064
2.89838
2.87691
2.85627
2.83645
2.81747
2.79929
2.78193
2.76534
2.7495
2.73439
2.71998
2.70624
2.69313
2.68062
2.66868
2.65729
2.6464
2.636
2.62606
2.61655
2.60744
2.59873
2.59037
2.58236
2.57467
2.56728
2.56019
2.55337
2.5468
2.54048
2.5344
2.52853
2.52287
2.51741
2.51213
2.50704
2.50211
2.49734
2.49273
2.48826
2.48393
2.47973
2.47566
2.47171
2.46788
2.46415
2.46054
2.45702
2.45359
2.45026
2.44702
2.44387
2.44079
2.4378
2.43488
2.43203
2.42925
2.42653
2.42389
2.4213
2.41877
2.4163
2.41389
2.41153
2.40922
2.40696
2.40475
2.40258
2.40046
2.39839
2.39635
2.39436
2.39241
2.39049
2.38861
2.38677
2.38496
2.38318
2.38144
2.37973
2.37805
2.3764
2.37478
2.37318
2.37162
2.37008
2.36856
2.36708
2.36561
2.36417
2.36275
2.36136
2.35999
2.35863
2.3573
2.35599
2.3547
2.35343
2.35218
2.35095
2.34973
2.34853
2.34735
2.34619
2.34504
2.3439
2.34279
2.34169
2.3406
2.33953
2.33847
2.33742
2.33639
2.33537
2.33437
2.33338
2.3324
2.33143
2.33047
2.32953
2.32859
2.32767
2.32676
2.32586
2.32497
2.32409
2.32322
2.32237
2.32152
2.32068
2.31985
2.31902
2.31821
2.31741
2.31661
2.31583
2.31505
2.31428
2.31352
2.31276
2.31202
2.31128
2.31054
2.30982
2.3091
2.30839
2.30769
2.307
2.30631
2.30562
2.30495
2.30428
2.30361
2.30296
2.30231
2.30166
2.30102
2.30039
2.29976
2.29914
2.29852
2.29791
2.2973
2.2967
2.29611
2.29552
2.29493
2.29435
2.29378
2.29321
2.29264
2.29208
2.29152
2.29097
2.29042
2.28939
2.28831
2.28718
2.28599
2.28475
2.28344
2.28206
2.28061
2.27909
2.27748
2.27578
2.27399
2.2721
2.2701
2.26797
2.26572
2.26334
2.2608
2.2581
2.25523
2.25217
2.2489
2.2454
2.24166
2.23766
2.23336
2.22874
2.22376
2.21841
2.21263
2.20638
2.19962
2.1923
2.18436
2.17573
2.16635
2.15613
2.14499
2.13285
2.1196
2.10515
2.08937
2.07218
2.05346
2.03312
2.01108
1.98728
1.96171
1.93439
1.9054
1.87489
1.84307
1.81023
1.77668
1.7428
1.70897
1.67554
1.64286
1.61121
1.5808
1.5518
1.52429
1.49832
1.4739
1.45099
1.42953
1.40946
1.39068
1.37312
1.35669
1.34131
1.32689
1.31337
1.30066
1.2887
1.27743
1.26681
1.25677
1.24726
1.23826
1.22971
1.22159
1.21387
1.2065
1.19947
1.19276
1.18633
1.18018
1.17427
1.16861
1.16316
1.15792
1.15286
1.14799
1.14329
1.13874
1.13435
1.13009
1.12596
1.12196
1.11808
1.1143
1.11063
1.10705
1.10357
1.10017
1.09686
1.09362
1.09046
1.08736
1.08433
1.08137
1.07846
1.0756
1.0728
1.07005
1.06734
1.06467
1.06205
1.05946
1.0569
1.05438
1.05189
1.04943
1.047
1.04458
1.04219
1.03982
1.03747
1.03513
1.0328
1.03048
1.02817
1.02586
1.02356
1.02126
1.01896
1.01665
1.01434
1.01201
1.00967
1.00732
1.00494
1.00254
1.00011
0.997646
0.995143
0.992594
0.989995
0.987336
0.98461
0.981808
0.978917
0.975926
0.972818
0.969577
0.96618
0.962601
0.958808
0.954762
0.95041
0.945687
0.940506
0.934749
0.92825
0.920771
0.911949
0.901204
0.887534
0.869035
0.841531
0.793626
0.679335
0.0604402
-1.23065
-1.39908
-1.75937
-2.23037
-2.31468
-2.32091
-2.32261
-2.32331
-2.32368
-2.32389
-2.32402
-2.32412
-2.32418
-2.32423
-2.32426
-2.32429
-2.32431
-2.32433
-2.32435
-2.32436
-2.32437
-2.32438
-2.32438
-2.32439
-2.32439
-2.3244
-2.3244
-2.32441
-2.32441
-2.32441
-2.32442
-2.32442
-2.32442
-2.32442
-2.32442
-2.32443
-2.32443
-2.32443
-2.32443
-2.32443
-2.32443
-2.32443
-2.32443
-2.32443
-2.32444
-2.32444
-2.32444
-2.32444
-2.32444
-2.32444
-2.32444
-2.32444
-2.32444
-2.32444
-2.32444
-2.32444
-2.32444
-2.32444
-2.32444
-2.32444
-2.32444
-2.32444
-2.32444
-2.32444
-2.32444
-2.32444
-2.32444
-2.32444
-2.32444
-2.32445
-2.32445
-2.32445
-2.32445
-2.32445
-2.32445
-2.32445
-2.32445
-2.32445
-2.32445
-2.32445
-2.32445
-2.32445
-2.32445
-2.32445
-2.32445
-2.32445
-2.32445
-2.32504
-2.32564
-2.32624
-2.32685
-2.32747
-2.32809
-2.32872
-2.32935
-2.32999
-2.33064
-2.33129
-2.33196
-2.33263
-2.3333
-2.33398
-2.33468
-2.33537
-2.33608
-2.33679
-2.33751
-2.33824
-2.33898
-2.33973
-2.34048
-2.34125
-2.34202
-2.3428
-2.34359
-2.34439
-2.3452
-2.34602
-2.34685
-2.34769
-2.34854
-2.3494
-2.35027
-2.35116
-2.35205
-2.35296
-2.35387
-2.3548
-2.35574
-2.3567
-2.35766
-2.35864
-2.35964
-2.36064
-2.36166
-2.3627
-2.36375
-2.36481
-2.36589
-2.36699
-2.3681
-2.36923
-2.37037
-2.37153
-2.37271
-2.37391
-2.37512
-2.37636
-2.37761
-2.37888
-2.38018
-2.38149
-2.38283
-2.38419
-2.38557
-2.38697
-2.3884
-2.38985
-2.39133
-2.39283
-2.39436
-2.39592
-2.39751
-2.39912
-2.40077
-2.40244
-2.40415
-2.40589
-2.40766
-2.40947
-2.41131
-2.41319
-2.41511
-2.41706
-2.41906
-2.4211
-2.42318
-2.42531
-2.42748
-2.42971
-2.43198
-2.4343
-2.43667
-2.4391
-2.44159
-2.44413
-2.44674
-2.44941
-2.45215
-2.45495
-2.45783
-2.46078
-2.46381
-2.46691
-2.4701
-2.47338
-2.47675
-2.48021
-2.48377
-2.48744
-2.49121
-2.49509
-2.4991
-2.50322
-2.50747
-2.51186
-2.51639
-2.52107
-2.5259
-2.53089
-2.53606
-2.54141
-2.54694
-2.55268
-2.55862
-2.56479
-2.57119
-2.57783
-2.58473
-2.59191
-2.59938
-2.60715
-2.61524
-2.62367
-2.63247
-2.64164
-2.65122
-2.66122
-2.67167
-2.6826
-2.69403
-2.70599
-2.7185
-2.7316
-2.74531
-2.75967
-2.77471
-2.79044
-2.80691
-2.82412
-2.8421
-2.86088
-2.88044
-2.90081
-2.92197
-2.9439
-2.96658
-2.98997
-3.01401
-3.03863
-3.06376
-3.08929
-3.11513
-3.14115
3.11593
3.08989
3.06401
3.03843
3.01324
2.98855
2.96444
2.94098
2.91824
2.89625
2.87505
2.85466
2.83507
2.81631
2.79834
2.78116
2.76475
2.74907
2.73411
2.71984
2.70622
2.69322
2.68081
2.66896
2.65765
2.64684
2.63651
2.62663
2.61717
2.60812
2.59945
2.59113
2.58315
2.5755
2.56814
2.56107
2.55427
2.54773
2.54143
2.53536
2.52951
2.52386
2.51841
2.51314
2.50805
2.50313
2.49837
2.49376
2.4893
2.48498
2.48078
2.47671
2.47277
2.46893
2.46521
2.46159
2.45807
2.45465
2.45132
2.44807
2.44492
2.44184
2.43884
2.43592
2.43307
2.43028
2.42757
2.42492
2.42233
2.4198
2.41732
2.41491
2.41254
2.41023
2.40797
2.40575
2.40358
2.40146
2.39938
2.39734
2.39535
2.39339
2.39147
2.38958
2.38774
2.38592
2.38414
2.3824
2.38068
2.379
2.37734
2.37572
2.37412
2.37255
2.37101
2.36949
2.368
2.36653
2.36509
2.36367
2.36227
2.36089
2.35954
2.3582
2.35689
2.35559
2.35432
2.35306
2.35183
2.35061
2.34941
2.34822
2.34705
2.3459
2.34476
2.34364
2.34254
2.34145
2.34037
2.33931
2.33826
2.33723
2.33621
2.3352
2.3342
2.33322
2.33225
2.33129
2.33034
2.32941
2.32848
2.32757
2.32667
2.32578
2.32489
2.32402
2.32316
2.32231
2.32147
2.32063
2.31981
2.31899
2.31819
2.31739
2.3166
2.31582
2.31505
2.31428
2.31353
2.31278
2.31204
2.3113
2.31058
2.30986
2.30914
2.30844
2.30774
2.30705
2.30636
2.30569
2.30501
2.30435
2.30369
2.30304
2.30239
2.30175
2.30111
2.30048
2.29986
2.29924
2.29863
2.29802
2.29742
2.29682
2.29623
2.29564
2.29506
2.29448
2.29391
2.29334
2.29277
2.29222
2.29166
2.29111
2.29057
2.28955
2.28848
2.28736
2.28619
2.28495
2.28366
2.2823
2.28087
2.27937
2.27778
2.27611
2.27434
2.27247
2.2705
2.26841
2.2662
2.26385
2.26135
2.2587
2.25588
2.25287
2.24966
2.24623
2.24257
2.23864
2.23443
2.2299
2.22504
2.2198
2.21415
2.20805
2.20146
2.19432
2.18658
2.17817
2.16904
2.1591
2.14827
2.13647
2.1236
2.10956
2.09425
2.07756
2.05938
2.03963
2.0182
1.99505
1.97013
1.94347
1.91512
1.8852
1.85391
1.8215
1.78827
1.75459
1.72082
1.68734
1.65448
1.62255
1.59178
1.56235
1.53439
1.50794
1.48303
1.45963
1.4377
1.41717
1.39796
1.38
1.36319
1.34745
1.3327
1.31887
1.30587
1.29365
1.28215
1.27129
1.26104
1.25135
1.24216
1.23345
1.22517
1.2173
1.2098
1.20265
1.19582
1.18928
1.18303
1.17703
1.17127
1.16574
1.16042
1.1553
1.15036
1.14559
1.14098
1.13653
1.13222
1.12804
1.12399
1.12006
1.11624
1.11253
1.10892
1.1054
1.10197
1.09862
1.09536
1.09216
1.08904
1.08599
1.083
1.08007
1.07719
1.07437
1.0716
1.06887
1.06619
1.06355
1.06095
1.05839
1.05586
1.05336
1.05089
1.04845
1.04603
1.04363
1.04126
1.0389
1.03656
1.03423
1.03192
1.02961
1.02731
1.02501
1.02272
1.02043
1.01813
1.01583
1.01352
1.01119
1.00886
1.0065
1.00413
1.00172
0.99929
0.996822
0.994312
0.991757
0.989147
0.986477
0.983736
0.980916
0.978005
0.97499
0.971853
0.968578
0.965141
0.961514
0.957664
0.953548
0.949112
0.944285
0.938974
0.933049
0.926332
0.918557
0.90932
0.897961
0.883317
0.863109
0.832113
0.774981
0.61985
-0.464005
-0.980901
-0.997503
-1.0122
-1.02619
-1.04015
-1.05461
-1.07005
-1.08697
-1.106
-1.12794
-1.15393
-1.18561
-1.22548
-1.27748
-1.34789
-1.44653
-1.58618
-1.77174
-1.97091
-2.12062
-2.20455
-2.24834
-2.27249
-2.28688
-2.29606
-2.30226
-2.30662
-2.30981
-2.31221
-2.31407
-2.31553
-2.3167
-2.31765
-2.31844
-2.31909
-2.31965
-2.32012
-2.32052
-2.32088
-2.32118
-2.32145
-2.32168
-2.32189
-2.32208
-2.32225
-2.3224
-2.32253
-2.32265
-2.32276
-2.32286
-2.32295
-2.32304
-2.32312
-2.32319
-2.32325
-2.32331
-2.32337
-2.32342
-2.32347
-2.32351
-2.32356
-2.3236
-2.32363
-2.32367
-2.3237
-2.32373
-2.32376
-2.32379
-2.32381
-2.32383
-2.32386
-2.32388
-2.3239
-2.32392
-2.32394
-2.32395
-2.32397
-2.32399
-2.324
-2.32402
-2.32403
-2.32404
-2.32405
-2.32407
-2.32408
-2.32409
-2.3241
-2.32411
-2.32412
-2.32413
-2.32414
-2.32414
-2.32415
-2.32416
-2.32417
-2.32418
-2.32418
-2.32419
-2.3242
-2.3242
-2.32421
-2.32421
-2.3248
-2.32539
-2.32599
-2.3266
-2.32721
-2.32783
-2.32845
-2.32908
-2.32971
-2.33036
-2.33101
-2.33166
-2.33233
-2.333
-2.33367
-2.33436
-2.33505
-2.33575
-2.33646
-2.33717
-2.3379
-2.33863
-2.33937
-2.34012
-2.34087
-2.34164
-2.34241
-2.3432
-2.34399
-2.34479
-2.3456
-2.34642
-2.34725
-2.3481
-2.34895
-2.34981
-2.35069
-2.35157
-2.35247
-2.35337
-2.35429
-2.35522
-2.35617
-2.35712
-2.35809
-2.35907
-2.36007
-2.36108
-2.3621
-2.36314
-2.36419
-2.36526
-2.36634
-2.36744
-2.36855
-2.36968
-2.37083
-2.37199
-2.37318
-2.37437
-2.37559
-2.37683
-2.37809
-2.37936
-2.38066
-2.38198
-2.38332
-2.38468
-2.38607
-2.38747
-2.3889
-2.39036
-2.39184
-2.39335
-2.39488
-2.39644
-2.39803
-2.39965
-2.4013
-2.40298
-2.40469
-2.40644
-2.40821
-2.41003
-2.41187
-2.41376
-2.41568
-2.41764
-2.41965
-2.42169
-2.42378
-2.42591
-2.42809
-2.43032
-2.43259
-2.43492
-2.4373
-2.43974
-2.44223
-2.44479
-2.4474
-2.45008
-2.45282
-2.45563
-2.45852
-2.46148
-2.46451
-2.46763
-2.47083
-2.47411
-2.47749
-2.48096
-2.48453
-2.48821
-2.49199
-2.49588
-2.4999
-2.50403
-2.5083
-2.5127
-2.51724
-2.52193
-2.52677
-2.53178
-2.53696
-2.54232
-2.54787
-2.55362
-2.55958
-2.56576
-2.57218
-2.57884
-2.58576
-2.59295
-2.60044
-2.60823
-2.61634
-2.62479
-2.63361
-2.6428
-2.6524
-2.66242
-2.67289
-2.68384
-2.69529
-2.70727
-2.7198
-2.73292
-2.74666
-2.76103
-2.77608
-2.79183
-2.80831
-2.82553
-2.84352
-2.86229
-2.88186
-2.90222
-2.92336
-2.94527
-2.96793
-2.99128
-3.01528
-3.03986
-3.06493
-3.0904
-3.11617
3.14107
3.11505
3.08909
3.0633
3.0378
3.0127
2.9881
2.96407
2.9407
2.91803
2.89612
2.87498
2.85465
2.83513
2.81642
2.7985
2.78136
2.76499
2.74935
2.73443
2.72018
2.70658
2.6936
2.68122
2.66939
2.65809
2.64729
2.63697
2.6271
2.61765
2.6086
2.59993
2.59162
2.58365
2.57599
2.56864
2.56157
2.55478
2.54823
2.54193
2.53586
2.53001
2.52436
2.51891
2.51364
2.50855
2.50363
2.49887
2.49425
2.48979
2.48546
2.48126
2.47719
2.47324
2.46941
2.46568
2.46206
2.45854
2.45511
2.45178
2.44853
2.44537
2.44229
2.43929
2.43636
2.43351
2.43072
2.42801
2.42535
2.42276
2.42023
2.41775
2.41533
2.41296
2.41065
2.40838
2.40617
2.404
2.40187
2.39979
2.39775
2.39575
2.39379
2.39186
2.38998
2.38813
2.38631
2.38453
2.38278
2.38107
2.37938
2.37772
2.37609
2.3745
2.37292
2.37138
2.36986
2.36836
2.36689
2.36545
2.36403
2.36263
2.36125
2.35989
2.35855
2.35724
2.35594
2.35467
2.35341
2.35217
2.35095
2.34975
2.34856
2.34739
2.34624
2.3451
2.34398
2.34287
2.34178
2.3407
2.33964
2.33859
2.33755
2.33653
2.33552
2.33452
2.33354
2.33257
2.33161
2.33066
2.32972
2.3288
2.32788
2.32698
2.32608
2.3252
2.32433
2.32346
2.32261
2.32177
2.32093
2.32011
2.31929
2.31848
2.31768
2.31689
2.31611
2.31534
2.31457
2.31381
2.31306
2.31232
2.31159
2.31086
2.31014
2.30943
2.30872
2.30802
2.30733
2.30664
2.30596
2.30529
2.30463
2.30396
2.30331
2.30266
2.30202
2.30138
2.30075
2.30013
2.29951
2.29889
2.29829
2.29768
2.29708
2.29649
2.2959
2.29532
2.29474
2.29417
2.2936
2.29303
2.29248
2.29192
2.29137
2.29082
2.29028
2.28975
2.28871
2.28762
2.28648
2.28529
2.28404
2.28273
2.28135
2.2799
2.27837
2.27676
2.27507
2.27328
2.27139
2.2694
2.26728
2.26505
2.26268
2.26016
2.25748
2.25464
2.25161
2.24838
2.24493
2.24125
2.23731
2.23308
2.22855
2.22368
2.21845
2.2128
2.20672
2.20015
2.19304
2.18535
2.177
2.16795
2.15811
2.14741
2.13577
2.1231
2.10929
2.09426
2.07789
2.06011
2.0408
2.01989
1.99733
1.97307
1.94712
1.91954
1.89044
1.85997
1.82838
1.79595
1.76299
1.72986
1.69691
1.66448
1.63285
1.60228
1.57294
1.54497
1.51845
1.4934
1.46982
1.44767
1.4269
1.40744
1.38921
1.37213
1.35613
1.34112
1.32704
1.3138
1.30135
1.28961
1.27855
1.26809
1.2582
1.24883
1.23995
1.23151
1.22348
1.21583
1.20854
1.20157
1.19491
1.18853
1.18242
1.17656
1.17093
1.16551
1.16029
1.15527
1.15042
1.14573
1.14121
1.13683
1.13258
1.12847
1.12448
1.12061
1.11684
1.11318
1.10962
1.10614
1.10276
1.09945
1.09622
1.09307
1.08998
1.08697
1.08401
1.08111
1.07827
1.07547
1.07273
1.07004
1.06739
1.06477
1.0622
1.05967
1.05716
1.05469
1.05225
1.04984
1.04745
1.04508
1.04274
1.04041
1.0381
1.0358
1.03352
1.03124
1.02898
1.02672
1.02447
1.02221
1.01996
1.0177
1.01544
1.01316
1.01088
1.00858
1.00626
1.00392
1.00156
0.999167
0.996738
0.99427
0.991757
0.989192
0.986568
0.983877
0.981109
0.978253
0.975298
0.972228
0.969025
0.965668
0.962133
0.958388
0.954393
0.9501
0.945445
0.940344
0.934685
0.92831
0.920994
0.912397
0.901981
0.888831
0.87124
0.84557
0.802351
0.706679
0.288207
-1.26907
-1.53954
-2.11025
-2.34036
-2.32796
-2.32603
-2.32536
-2.32504
-2.32487
-2.32476
-2.32469
-2.32464
-2.32461
-2.32458
-2.32456
-2.32455
-2.32453
-2.32452
-2.32452
-2.32451
-2.3245
-2.3245
-2.32449
-2.32449
-2.32449
-2.32448
-2.32448
-2.32448
-2.32448
-2.32447
-2.32447
-2.32447
-2.32447
-2.32447
-2.32447
-2.32447
-2.32447
-2.32447
-2.32446
-2.32446
-2.32446
-2.32446
-2.32446
-2.32446
-2.32446
-2.32446
-2.32446
-2.32446
-2.32446
-2.32446
-2.32446
-2.32446
-2.32446
-2.32446
-2.32446
-2.32446
-2.32446
-2.32446
-2.32446
-2.32446
-2.32446
-2.32446
-2.32446
-2.32446
-2.32446
-2.32446
-2.32446
-2.32446
-2.32446
-2.32446
-2.32446
-2.32446
-2.32446
-2.32445
-2.32445
-2.32445
-2.32445
-2.32445
-2.32445
-2.32445
-2.32445
-2.32445
-2.32445
-2.32445
-2.32445
-2.32445
-2.32445
-2.32445
-2.32504
-2.32562
-2.32622
-2.32682
-2.32742
-2.32803
-2.32865
-2.32927
-2.3299
-2.33054
-2.33118
-2.33183
-2.33249
-2.33315
-2.33382
-2.3345
-2.33518
-2.33588
-2.33658
-2.33728
-2.338
-2.33872
-2.33945
-2.34019
-2.34094
-2.3417
-2.34246
-2.34324
-2.34402
-2.34481
-2.34561
-2.34642
-2.34724
-2.34808
-2.34892
-2.34977
-2.35063
-2.3515
-2.35239
-2.35328
-2.35419
-2.35511
-2.35604
-2.35698
-2.35793
-2.3589
-2.35988
-2.36088
-2.36188
-2.3629
-2.36394
-2.36499
-2.36605
-2.36713
-2.36823
-2.36934
-2.37047
-2.37161
-2.37278
-2.37395
-2.37515
-2.37637
-2.3776
-2.37885
-2.38013
-2.38142
-2.38274
-2.38407
-2.38543
-2.38681
-2.38821
-2.38964
-2.39109
-2.39256
-2.39407
-2.39559
-2.39715
-2.39873
-2.40034
-2.40199
-2.40366
-2.40536
-2.4071
-2.40886
-2.41067
-2.41251
-2.41438
-2.41629
-2.41824
-2.42024
-2.42227
-2.42434
-2.42646
-2.42863
-2.43084
-2.4331
-2.43541
-2.43778
-2.4402
-2.44267
-2.4452
-2.4478
-2.45045
-2.45317
-2.45596
-2.45882
-2.46175
-2.46476
-2.46784
-2.47101
-2.47426
-2.4776
-2.48104
-2.48457
-2.4882
-2.49194
-2.49579
-2.49975
-2.50383
-2.50804
-2.51238
-2.51686
-2.52149
-2.52626
-2.53119
-2.53629
-2.54157
-2.54703
-2.55268
-2.55854
-2.56461
-2.57091
-2.57745
-2.58424
-2.59129
-2.59862
-2.60625
-2.61419
-2.62245
-2.63107
-2.64005
-2.64942
-2.6592
-2.66941
-2.68007
-2.69122
-2.70288
-2.71507
-2.72782
-2.74117
-2.75513
-2.76974
-2.78502
-2.801
-2.8177
-2.83515
-2.85335
-2.87233
-2.89208
-2.91261
-2.9339
-2.95593
-2.97867
-3.00207
-3.02607
-3.0506
-3.07558
-3.10091
-3.12649
3.13099
3.10526
3.07963
3.05422
3.02912
3.00445
2.98029
2.95672
2.93381
2.91161
2.89015
2.86946
2.84956
2.83045
2.81213
2.79459
2.77781
2.76176
2.74643
2.7318
2.71782
2.70447
2.69172
2.67955
2.66792
2.6568
2.64618
2.63601
2.62628
2.61697
2.60804
2.59949
2.59128
2.5834
2.57584
2.56857
2.56158
2.55485
2.54837
2.54213
2.53611
2.53031
2.52471
2.5193
2.51408
2.50902
2.50414
2.49941
2.49483
2.49039
2.48609
2.48191
2.47786
2.47393
2.47012
2.46641
2.4628
2.4593
2.45588
2.45256
2.44933
2.44618
2.44311
2.44012
2.4372
2.43436
2.43158
2.42887
2.42622
2.42363
2.42111
2.41864
2.41622
2.41386
2.41155
2.40928
2.40707
2.4049
2.40278
2.4007
2.39866
2.39666
2.3947
2.39278
2.3909
2.38905
2.38723
2.38545
2.3837
2.38199
2.3803
2.37864
2.37702
2.37542
2.37384
2.3723
2.37078
2.36928
2.36781
2.36637
2.36494
2.36354
2.36216
2.3608
2.35947
2.35815
2.35685
2.35557
2.35432
2.35308
2.35185
2.35065
2.34946
2.34829
2.34713
2.34599
2.34487
2.34376
2.34267
2.34159
2.34052
2.33947
2.33844
2.33741
2.3364
2.3354
2.33442
2.33344
2.33248
2.33153
2.33059
2.32966
2.32875
2.32784
2.32695
2.32606
2.32519
2.32432
2.32347
2.32262
2.32178
2.32096
2.32014
2.31933
2.31853
2.31774
2.31695
2.31618
2.31541
2.31465
2.3139
2.31315
2.31242
2.31169
2.31097
2.31025
2.30954
2.30884
2.30815
2.30746
2.30678
2.30611
2.30544
2.30478
2.30412
2.30347
2.30283
2.30219
2.30156
2.30093
2.30031
2.29969
2.29908
2.29848
2.29788
2.29728
2.29669
2.29611
2.29553
2.29495
2.29438
2.29382
2.29326
2.2927
2.29215
2.2916
2.29106
2.29052
2.28951
2.28845
2.28734
2.28618
2.28497
2.28369
2.28235
2.28094
2.27945
2.27789
2.27624
2.27451
2.27267
2.27073
2.26868
2.26651
2.26421
2.26177
2.25917
2.25642
2.25348
2.25035
2.24701
2.24344
2.23962
2.23553
2.23114
2.22643
2.22136
2.2159
2.21001
2.20365
2.19678
2.18933
2.18126
2.1725
2.16299
2.15263
2.14136
2.12908
2.1157
2.10113
2.08524
2.06795
2.04916
2.02878
2.00673
1.98298
1.9575
1.93034
1.90157
1.87136
1.83991
1.80749
1.77441
1.74105
1.70774
1.67485
1.64268
1.61151
1.58155
1.55294
1.52579
1.50013
1.47596
1.45326
1.43198
1.41205
1.39339
1.37591
1.35955
1.34422
1.32983
1.31633
1.30363
1.29168
1.28041
1.26977
1.25972
1.2502
1.24118
1.23261
1.22447
1.21672
1.20933
1.20228
1.19554
1.18909
1.18291
1.17698
1.17129
1.16582
1.16055
1.15548
1.15059
1.14586
1.1413
1.13688
1.13261
1.12846
1.12445
1.12054
1.11675
1.11307
1.10948
1.10598
1.10258
1.09925
1.09601
1.09283
1.08973
1.0867
1.08372
1.08081
1.07795
1.07515
1.07239
1.06968
1.06702
1.06439
1.06181
1.05926
1.05674
1.05426
1.05181
1.04938
1.04698
1.0446
1.04224
1.0399
1.03758
1.03527
1.03297
1.03068
1.0284
1.02613
1.02386
1.02159
1.01932
1.01705
1.01476
1.01247
1.01017
1.00785
1.00551
1.00315
1.00076
0.998334
0.995876
0.993376
0.990827
0.988224
0.985557
0.98282
0.98
0.977087
0.974067
0.970924
0.967638
0.964187
0.960542
0.956667
0.95252
0.948044
0.943166
0.937788
0.931777
0.924945
0.917012
0.907552
0.895859
0.880681
0.859525
0.826555
0.763972
0.581788
-0.726958
-0.907639
-0.933582
-0.949941
-0.962278
-0.972464
-0.98135
-0.9894
-0.996893
-1.00402
-1.0109
-1.01765
-1.02434
-1.03104
-1.03782
-1.04472
-1.0518
-1.05912
-1.06674
-1.07472
-1.08314
-1.09207
-1.10161
-1.11186
-1.12296
-1.13506
-1.14835
-1.16306
-1.1795
-1.19802
-1.21909
-1.24331
-1.27148
-1.3046
-1.34397
-1.39126
-1.44844
-1.51757
-1.60013
-1.69554
-1.79927
-1.9024
-1.99475
-2.06999
-2.12748
-2.17008
-2.20146
-2.22476
-2.24231
-2.25576
-2.26625
-2.27455
-2.28122
-2.28665
-2.29113
-2.29486
-2.298
-2.30067
-2.30295
-2.30493
-2.30664
-2.30814
-2.30945
-2.31062
-2.31165
-2.31257
-2.3134
-2.31414
-2.31481
-2.31541
-2.31597
-2.31647
-2.31693
-2.31735
-2.31773
-2.31809
-2.31842
-2.31872
-2.319
-2.31926
-2.31951
-2.31973
-2.31994
-2.32014
-2.32033
-2.3205
-2.32066
-2.32081
-2.32096
-2.32109
-2.32122
-2.32134
-2.32145
-2.32156
-2.32166
-2.32176
-2.32185
-2.32194
-2.32202
-2.3221
-2.32218
-2.32225
-2.32232
-2.32238
-2.32245
-2.32251
-2.32256
-2.32262
-2.32267
-2.32272
-2.32277
-2.32281
-2.32286
-2.3229
-2.32294
-2.32298
-2.32302
-2.32306
-2.32309
-2.32313
-2.32316
-2.32319
-2.32322
-2.32381
-2.3244
-2.325
-2.32561
-2.32622
-2.32684
-2.32747
-2.3281
-2.32874
-2.32938
-2.33003
-2.33069
-2.33136
-2.33203
-2.33271
-2.3334
-2.33409
-2.33479
-2.3355
-2.33622
-2.33695
-2.33768
-2.33843
-2.33918
-2.33994
-2.34071
-2.34148
-2.34227
-2.34307
-2.34387
-2.34469
-2.34552
-2.34635
-2.3472
-2.34806
-2.34892
-2.3498
-2.35069
-2.35159
-2.35251
-2.35343
-2.35437
-2.35532
-2.35628
-2.35725
-2.35824
-2.35925
-2.36026
-2.36129
-2.36234
-2.3634
-2.36447
-2.36556
-2.36667
-2.36779
-2.36893
-2.37009
-2.37126
-2.37245
-2.37367
-2.37489
-2.37614
-2.37741
-2.3787
-2.38001
-2.38134
-2.3827
-2.38407
-2.38547
-2.38689
-2.38834
-2.38981
-2.39131
-2.39284
-2.39439
-2.39597
-2.39758
-2.39922
-2.40089
-2.40259
-2.40432
-2.40609
-2.40789
-2.40973
-2.41161
-2.41352
-2.41547
-2.41746
-2.4195
-2.42158
-2.4237
-2.42587
-2.42808
-2.43035
-2.43267
-2.43504
-2.43746
-2.43995
-2.44249
-2.44509
-2.44776
-2.45049
-2.4533
-2.45617
-2.45912
-2.46214
-2.46525
-2.46844
-2.47172
-2.47508
-2.47855
-2.48211
-2.48578
-2.48955
-2.49344
-2.49744
-2.50157
-2.50583
-2.51023
-2.51477
-2.51945
-2.5243
-2.52931
-2.53449
-2.53985
-2.54541
-2.55117
-2.55714
-2.56333
-2.56976
-2.57644
-2.58338
-2.5906
-2.59811
-2.60594
-2.61409
-2.62259
-2.63145
-2.64071
-2.65037
-2.66047
-2.67103
-2.68208
-2.69363
-2.70573
-2.71841
-2.73168
-2.74558
-2.76015
-2.7754
-2.79138
-2.80811
-2.8256
-2.8439
-2.86299
-2.88291
-2.90365
-2.92519
-2.94753
-2.97063
-2.99445
-3.01892
-3.04397
-3.06953
-3.09547
-3.1217
3.13509
3.10865
3.08231
3.05617
3.03037
3.00501
2.98018
2.95599
2.93248
2.90972
2.88776
2.86661
2.84629
2.82681
2.80816
2.79033
2.77329
2.75703
2.74151
2.72672
2.7126
2.69915
2.68631
2.67407
2.66238
2.65122
2.64057
2.63038
2.62065
2.61133
2.60241
2.59387
2.58568
2.57783
2.57029
2.56305
2.55609
2.5494
2.54296
2.53676
2.53078
2.52502
2.51946
2.5141
2.50891
2.50391
2.49906
2.49438
2.48984
2.48544
2.48118
2.47705
2.47305
2.46916
2.46538
2.46172
2.45815
2.45469
2.45131
2.44803
2.44484
2.44173
2.4387
2.43574
2.43286
2.43005
2.42731
2.42463
2.42202
2.41946
2.41697
2.41453
2.41215
2.40982
2.40754
2.4053
2.40312
2.40098
2.39889
2.39683
2.39482
2.39285
2.39092
2.38903
2.38717
2.38534
2.38356
2.3818
2.38008
2.37838
2.37672
2.37509
2.37348
2.37191
2.37036
2.36883
2.36733
2.36586
2.36441
2.36298
2.36158
2.3602
2.35884
2.3575
2.35618
2.35489
2.35361
2.35235
2.35111
2.34988
2.34868
2.34749
2.34632
2.34517
2.34403
2.3429
2.3418
2.3407
2.33963
2.33856
2.33751
2.33648
2.33545
2.33445
2.33345
2.33246
2.33149
2.33053
2.32958
2.32865
2.32772
2.32681
2.3259
2.32501
2.32413
2.32326
2.32239
2.32154
2.3207
2.31986
2.31904
2.31822
2.31742
2.31662
2.31583
2.31505
2.31428
2.31351
2.31275
2.31201
2.31126
2.31053
2.3098
2.30909
2.30837
2.30767
2.30697
2.30628
2.30559
2.30492
2.30424
2.30358
2.30292
2.30227
2.30162
2.30098
2.30034
2.29971
2.29909
2.29847
2.29786
2.29725
2.29665
2.29605
2.29546
2.29487
2.29429
2.29372
2.29314
2.29258
2.29201
2.29146
2.2909
2.29035
2.28981
2.28927
2.28821
2.28709
2.28593
2.2847
2.28342
2.28207
2.28066
2.27917
2.2776
2.27594
2.2742
2.27236
2.27041
2.26835
2.26617
2.26387
2.26142
2.25881
2.25605
2.2531
2.24996
2.24662
2.24304
2.23921
2.23511
2.23072
2.226
2.22093
2.21547
2.20958
2.20322
2.19635
2.18891
2.18085
2.1721
2.1626
2.15227
2.14103
2.12879
2.11545
2.10093
2.08512
2.06792
2.04922
2.02896
2.00705
1.98344
1.95814
1.93116
1.9026
1.8726
1.84136
1.80915
1.77628
1.7431
1.70996
1.6772
1.64515
1.61406
1.58415
1.55557
1.52842
1.50274
1.47855
1.45581
1.43448
1.41449
1.39577
1.37824
1.36182
1.34642
1.33198
1.31841
1.30566
1.29365
1.28233
1.27164
1.26153
1.25197
1.2429
1.23429
1.22611
1.21832
1.2109
1.20381
1.19704
1.19056
1.18435
1.17839
1.17268
1.16718
1.16189
1.15679
1.15188
1.14714
1.14255
1.13812
1.13383
1.12967
1.12563
1.12172
1.11791
1.11421
1.11061
1.1071
1.10369
1.10035
1.0971
1.09392
1.09081
1.08776
1.08478
1.08186
1.079
1.07619
1.07343
1.07071
1.06804
1.06542
1.06283
1.06028
1.05776
1.05528
1.05283
1.0504
1.048
1.04562
1.04327
1.04093
1.03861
1.03631
1.03402
1.03174
1.02947
1.0272
1.02494
1.02268
1.02042
1.01816
1.01589
1.01362
1.01133
1.00903
1.00671
1.00437
1.00201
0.999616
0.997189
0.994723
0.992213
0.989653
0.987034
0.984349
0.98159
0.978744
0.9758
0.972744
0.969557
0.966221
0.962709
0.958991
0.95503
0.950778
0.946173
0.941135
0.935555
0.929284
0.922106
0.9137
0.903561
0.890839
0.873967
0.849675
0.809709
0.725346
0.401616
-1.22427
-1.47129
-2.07142
-2.36432
-2.33075
-2.32713
-2.32595
-2.32541
-2.32512
-2.32495
-2.32483
-2.32476
-2.3247
-2.32466
-2.32463
-2.3246
-2.32458
-2.32456
-2.32455
-2.32454
-2.32453
-2.32452
-2.32452
-2.32451
-2.32451
-2.3245
-2.3245
-2.32449
-2.32449
-2.32449
-2.32449
-2.32448
-2.32448
-2.32448
-2.32448
-2.32448
-2.32447
-2.32447
-2.32447
-2.32447
-2.32447
-2.32447
-2.32447
-2.32447
-2.32447
-2.32447
-2.32447
-2.32446
-2.32446
-2.32446
-2.32446
-2.32446
-2.32446
-2.32446
-2.32446
-2.32446
-2.32446
-2.32446
-2.32446
-2.32446
-2.32446
-2.32446
-2.32446
-2.32446
-2.32446
-2.32446
-2.32446
-2.32446
-2.32446
-2.32446
-2.32446
-2.32446
-2.32446
-2.32446
-2.32446
-2.32446
-2.32446
-2.32446
-2.32446
-2.32446
-2.32446
-2.32446
-2.32446
-2.32446
-2.32446
-2.32446
-2.32446
-2.32446
-2.32504
-2.32563
-2.32622
-2.32682
-2.32743
-2.32804
-2.32866
-2.32928
-2.32991
-2.33055
-2.33119
-2.33184
-2.3325
-2.33317
-2.33384
-2.33452
-2.3352
-2.3359
-2.3366
-2.33731
-2.33802
-2.33875
-2.33948
-2.34022
-2.34097
-2.34173
-2.34249
-2.34327
-2.34405
-2.34485
-2.34565
-2.34646
-2.34729
-2.34812
-2.34896
-2.34981
-2.35068
-2.35155
-2.35244
-2.35333
-2.35424
-2.35516
-2.3561
-2.35704
-2.358
-2.35897
-2.35995
-2.36095
-2.36196
-2.36298
-2.36402
-2.36507
-2.36614
-2.36722
-2.36832
-2.36943
-2.37056
-2.37171
-2.37288
-2.37406
-2.37526
-2.37648
-2.37771
-2.37897
-2.38025
-2.38154
-2.38286
-2.3842
-2.38556
-2.38695
-2.38835
-2.38979
-2.39124
-2.39272
-2.39423
-2.39576
-2.39732
-2.39891
-2.40053
-2.40217
-2.40385
-2.40556
-2.4073
-2.40908
-2.41089
-2.41273
-2.41461
-2.41653
-2.41849
-2.42049
-2.42253
-2.42462
-2.42674
-2.42892
-2.43114
-2.43341
-2.43573
-2.43811
-2.44054
-2.44302
-2.44557
-2.44817
-2.45084
-2.45357
-2.45637
-2.45925
-2.46219
-2.46521
-2.46832
-2.4715
-2.47477
-2.47813
-2.48159
-2.48514
-2.48879
-2.49255
-2.49642
-2.50041
-2.50452
-2.50875
-2.51312
-2.51763
-2.52228
-2.52709
-2.53206
-2.5372
-2.54251
-2.54801
-2.55371
-2.55961
-2.56573
-2.57208
-2.57867
-2.58551
-2.59262
-2.60002
-2.60771
-2.61572
-2.62406
-2.63275
-2.64182
-2.65127
-2.66115
-2.67146
-2.68223
-2.69349
-2.70527
-2.71758
-2.73047
-2.74395
-2.75806
-2.77282
-2.78826
-2.80441
-2.82128
-2.83891
-2.8573
-2.87647
-2.89641
-2.91713
-2.93861
-2.96082
-2.98374
-3.0073
-3.03145
-3.05612
-3.08122
-3.10664
-3.13229
3.12514
3.09939
3.07377
3.04839
3.02336
2.99877
2.97471
2.95126
2.92849
2.90643
2.88513
2.8646
2.84487
2.82593
2.80778
2.7904
2.77378
2.7579
2.74273
2.72824
2.7144
2.70119
2.68858
2.67653
2.66502
2.65402
2.64351
2.63345
2.62382
2.61459
2.60576
2.59729
2.58916
2.58136
2.57386
2.56666
2.55973
2.55307
2.54665
2.54046
2.5345
2.52875
2.52319
2.51783
2.51265
2.50764
2.50279
2.4981
2.49355
2.48915
2.48488
2.48074
2.47672
2.47282
2.46903
2.46534
2.46176
2.45828
2.45489
2.4516
2.44838
2.44526
2.44221
2.43923
2.43634
2.43351
2.43075
2.42805
2.42542
2.42285
2.42034
2.41788
2.41548
2.41313
2.41083
2.40858
2.40638
2.40422
2.40211
2.40004
2.39802
2.39603
2.39408
2.39217
2.39029
2.38845
2.38665
2.38488
2.38314
2.38143
2.37975
2.3781
2.37648
2.37489
2.37332
2.37178
2.37027
2.36878
2.36732
2.36588
2.36446
2.36307
2.36169
2.36034
2.35901
2.3577
2.35641
2.35513
2.35388
2.35264
2.35143
2.35023
2.34904
2.34788
2.34673
2.34559
2.34447
2.34337
2.34228
2.3412
2.34014
2.33909
2.33806
2.33704
2.33603
2.33504
2.33406
2.33308
2.33213
2.33118
2.33024
2.32932
2.32841
2.3275
2.32661
2.32573
2.32486
2.32399
2.32314
2.3223
2.32147
2.32064
2.31983
2.31902
2.31822
2.31743
2.31665
2.31588
2.31511
2.31435
2.31361
2.31286
2.31213
2.3114
2.31068
2.30997
2.30926
2.30856
2.30787
2.30719
2.30651
2.30584
2.30517
2.30451
2.30385
2.30321
2.30256
2.30193
2.3013
2.30067
2.30005
2.29944
2.29883
2.29823
2.29763
2.29703
2.29645
2.29586
2.29529
2.29471
2.29414
2.29358
2.29302
2.29246
2.29191
2.29137
2.29083
2.29029
2.28976
2.28873
2.28765
2.28652
2.28534
2.2841
2.2828
2.28143
2.28
2.27849
2.2769
2.27522
2.27346
2.27159
2.26962
2.26754
2.26534
2.263
2.26052
2.25789
2.25509
2.25211
2.24894
2.24556
2.24194
2.23808
2.23394
2.22951
2.22474
2.21963
2.21412
2.20818
2.20178
2.19485
2.18737
2.17925
2.17046
2.16091
2.15053
2.13925
2.12698
2.11362
2.09907
2.08325
2.06606
2.04739
2.02718
2.00534
1.98185
1.95668
1.92988
1.90153
1.87177
1.8408
1.80889
1.77634
1.74348
1.71065
1.6782
1.64642
1.61559
1.5859
1.55751
1.53051
1.50497
1.48087
1.4582
1.43693
1.41697
1.39827
1.38075
1.36432
1.34891
1.33445
1.32086
1.30808
1.29604
1.28469
1.27397
1.26384
1.25424
1.24514
1.2365
1.22829
1.22047
1.21301
1.20589
1.19909
1.19258
1.18635
1.18037
1.17462
1.1691
1.16379
1.15867
1.15374
1.14897
1.14437
1.13992
1.13561
1.13143
1.12738
1.12345
1.11963
1.11592
1.1123
1.10879
1.10536
1.10201
1.09875
1.09556
1.09244
1.08939
1.0864
1.08347
1.0806
1.07779
1.07502
1.07231
1.06964
1.06701
1.06442
1.06187
1.05936
1.05687
1.05442
1.052
1.0496
1.04723
1.04488
1.04255
1.04024
1.03795
1.03567
1.0334
1.03114
1.02889
1.02665
1.02441
1.02217
1.01993
1.01768
1.01544
1.01318
1.01091
1.00862
1.00632
1.004
1.00165
0.999272
0.996861
0.994411
0.991916
0.989371
0.986768
0.984099
0.981355
0.978525
0.975599
0.97256
0.969392
0.966075
0.962585
0.958891
0.954956
0.950734
0.946165
0.941168
0.93564
0.929433
0.92234
0.91405
0.904077
0.891612
0.875174
0.851716
0.813714
0.736004
0.462839
-1.13928
-1.2758
-1.60716
-2.25835
-2.3328
-2.32668
-2.32551
-2.32507
-2.32486
-2.32474
-2.32467
-2.32462
-2.32459
-2.32456
-2.32454
-2.32453
-2.32452
-2.32451
-2.3245
-2.3245
-2.32449
-2.32449
-2.32448
-2.32448
-2.32448
-2.32448
-2.32447
-2.32447
-2.32447
-2.32447
-2.32447
-2.32447
-2.32447
-2.32447
-2.32446
-2.32446
-2.32446
-2.32446
-2.32446
-2.32446
-2.32446
-2.32446
-2.32446
-2.32446
-2.32446
-2.32446
-2.32446
-2.32446
-2.32446
-2.32446
-2.32446
-2.32446
-2.32446
-2.32446
-2.32446
-2.32446
-2.32446
-2.32446
-2.32446
-2.32446
-2.32446
-2.32446
-2.32446
-2.32446
-2.32445
-2.32445
-2.32445
-2.32445
-2.32445
-2.32445
-2.32445
-2.32445
-2.32445
-2.32445
-2.32445
-2.32445
-2.32445
-2.32445
-2.32445
-2.32445
-2.32445
-2.32445
-2.32445
-2.32445
-2.32445
-2.32445
-2.32445
-2.32445
-2.32445
-2.32445
-2.32503
-2.32561
-2.32619
-2.32678
-2.32738
-2.32799
-2.32859
-2.32921
-2.32983
-2.33046
-2.33109
-2.33173
-2.33238
-2.33303
-2.3337
-2.33436
-2.33504
-2.33572
-2.33641
-2.33711
-2.33781
-2.33852
-2.33924
-2.33997
-2.34071
-2.34145
-2.3422
-2.34297
-2.34374
-2.34452
-2.3453
-2.3461
-2.34691
-2.34773
-2.34855
-2.34939
-2.35024
-2.35109
-2.35196
-2.35284
-2.35373
-2.35463
-2.35554
-2.35647
-2.35741
-2.35835
-2.35932
-2.36029
-2.36128
-2.36228
-2.36329
-2.36432
-2.36537
-2.36642
-2.3675
-2.36858
-2.36969
-2.37081
-2.37194
-2.37309
-2.37426
-2.37545
-2.37666
-2.37788
-2.37912
-2.38039
-2.38167
-2.38297
-2.3843
-2.38564
-2.38701
-2.3884
-2.38981
-2.39125
-2.39271
-2.3942
-2.39571
-2.39725
-2.39881
-2.40041
-2.40203
-2.40369
-2.40537
-2.40709
-2.40883
-2.41062
-2.41243
-2.41428
-2.41617
-2.4181
-2.42006
-2.42207
-2.42412
-2.42621
-2.42834
-2.43052
-2.43275
-2.43503
-2.43736
-2.43974
-2.44218
-2.44467
-2.44722
-2.44983
-2.45251
-2.45525
-2.45806
-2.46093
-2.46389
-2.46691
-2.47002
-2.47321
-2.47649
-2.47985
-2.48331
-2.48687
-2.49053
-2.49429
-2.49817
-2.50216
-2.50627
-2.5105
-2.51487
-2.51938
-2.52404
-2.52884
-2.53381
-2.53894
-2.54425
-2.54974
-2.55543
-2.56132
-2.56743
-2.57377
-2.58034
-2.58716
-2.59425
-2.60162
-2.60929
-2.61726
-2.62557
-2.63422
-2.64324
-2.65264
-2.66245
-2.6727
-2.6834
-2.69457
-2.70626
-2.71847
-2.73124
-2.7446
-2.75857
-2.77317
-2.78845
-2.80441
-2.82109
-2.83849
-2.85665
-2.87556
-2.89523
-2.91566
-2.93684
-2.95873
-2.98131
-3.00454
-3.02834
-3.05266
-3.07741
-3.1025
-3.12782
3.12992
3.10446
3.0791
3.05395
3.02912
3.0047
2.98079
2.95745
2.93475
2.91274
2.89146
2.87094
2.85118
2.8322
2.814
2.79655
2.77985
2.76388
2.74861
2.73403
2.72009
2.70677
2.69405
2.6819
2.67028
2.65917
2.64855
2.63838
2.62865
2.61933
2.6104
2.60183
2.59361
2.58572
2.57814
2.57085
2.56384
2.5571
2.5506
2.54434
2.53831
2.53248
2.52686
2.52144
2.51619
2.51112
2.50621
2.50146
2.49686
2.4924
2.48808
2.48389
2.47982
2.47587
2.47204
2.46831
2.46469
2.46117
2.45774
2.4544
2.45115
2.44798
2.4449
2.44189
2.43896
2.4361
2.4333
2.43058
2.42792
2.42532
2.42277
2.42029
2.41786
2.41549
2.41316
2.41089
2.40866
2.40648
2.40434
2.40225
2.4002
2.39819
2.39622
2.39429
2.39239
2.39053
2.38871
2.38692
2.38516
2.38343
2.38173
2.38007
2.37843
2.37682
2.37524
2.37369
2.37216
2.37065
2.36917
2.36772
2.36629
2.36488
2.36349
2.36212
2.36078
2.35945
2.35815
2.35686
2.3556
2.35435
2.35312
2.35191
2.35071
2.34953
2.34837
2.34723
2.3461
2.34498
2.34388
2.3428
2.34172
2.34067
2.33962
2.33859
2.33758
2.33657
2.33558
2.3346
2.33363
2.33268
2.33173
2.3308
2.32988
2.32897
2.32807
2.32718
2.3263
2.32543
2.32457
2.32372
2.32287
2.32204
2.32122
2.32041
2.3196
2.3188
2.31802
2.31724
2.31646
2.3157
2.31495
2.3142
2.31346
2.31272
2.312
2.31128
2.31057
2.30986
2.30916
2.30847
2.30779
2.30711
2.30644
2.30577
2.30511
2.30446
2.30381
2.30317
2.30253
2.3019
2.30128
2.30066
2.30005
2.29944
2.29883
2.29824
2.29764
2.29706
2.29647
2.29589
2.29532
2.29475
2.29419
2.29363
2.29307
2.29252
2.29198
2.29144
2.2909
2.29037
2.28984
2.28882
2.28775
2.28664
2.28547
2.28425
2.28296
2.28162
2.2802
2.27871
2.27715
2.2755
2.27376
2.27193
2.26999
2.26794
2.26578
2.26348
2.26105
2.25847
2.25573
2.25282
2.24971
2.24641
2.24288
2.2391
2.23507
2.23075
2.22611
2.22113
2.21578
2.21001
2.2038
2.19709
2.18984
2.18199
2.17349
2.16427
2.15426
2.14338
2.13155
2.11869
2.1047
2.08948
2.07295
2.055
2.03555
2.01453
1.99188
1.96759
1.94166
1.91417
1.88521
1.85498
1.82368
1.79161
1.75908
1.72643
1.69399
1.66207
1.63096
1.60088
1.57202
1.54448
1.51836
1.49366
1.47039
1.44851
1.42798
1.40872
1.39066
1.37373
1.35785
1.34294
1.32894
1.31577
1.30337
1.29168
1.28065
1.27023
1.26036
1.25101
1.24213
1.2337
1.22567
1.21803
1.21073
1.20376
1.1971
1.19072
1.1846
1.17873
1.17309
1.16766
1.16244
1.1574
1.15254
1.14785
1.14332
1.13893
1.13468
1.13056
1.12656
1.12268
1.1189
1.11523
1.11166
1.10818
1.10479
1.10148
1.09825
1.09509
1.092
1.08898
1.08602
1.08312
1.08028
1.07749
1.07475
1.07205
1.0694
1.06679
1.06423
1.06169
1.0592
1.05673
1.0543
1.05189
1.04951
1.04716
1.04483
1.04251
1.04022
1.03794
1.03567
1.03342
1.03117
1.02894
1.02671
1.02448
1.02225
1.02003
1.0178
1.01556
1.01332
1.01107
1.0088
1.00651
1.0042
1.00187
0.999513
0.99712
0.994689
0.992215
0.989692
0.987112
0.984469
0.981753
0.978954
0.97606
0.973059
0.969932
0.966662
0.963225
0.959593
0.95573
0.951593
0.947125
0.942254
0.936881
0.930873
0.924041
0.916107
0.906643
0.894948
0.879777
0.858657
0.825835
0.763932
0.587031
-0.658451
-0.914111
-0.93755
-0.952995
-0.96489
-0.974836
-0.98359
-0.991574
-0.999047
-1.00618
-1.01311
-1.01993
-1.0267
-1.03352
-1.04042
-1.04748
-1.05475
-1.06229
-1.07016
-1.07843
-1.08718
-1.0965
-1.1065
-1.11729
-1.12902
-1.14188
-1.15607
-1.17188
-1.18965
-1.20981
-1.23292
-1.25971
-1.29113
-1.3284
-1.37309
-1.42716
-1.49274
-1.57171
-1.66438
-1.76757
-1.87329
-1.97082
-2.05204
-2.11474
-2.16125
-2.19536
-2.22051
-2.23933
-2.25364
-2.26472
-2.27344
-2.28041
-2.28606
-2.2907
-2.29455
-2.29779
-2.30052
-2.30286
-2.30487
-2.30661
-2.30813
-2.30947
-2.31065
-2.31169
-2.31262
-2.31345
-2.3142
-2.31487
-2.31548
-2.31603
-2.31654
-2.317
-2.31742
-2.3178
-2.31816
-2.31848
-2.31879
-2.31907
-2.31933
-2.31957
-2.31979
-2.32
-2.3202
-2.32038
-2.32055
-2.32072
-2.32087
-2.32101
-2.32114
-2.32127
-2.32139
-2.3215
-2.32161
-2.32171
-2.32181
-2.3219
-2.32198
-2.32207
-2.32214
-2.32222
-2.32229
-2.32236
-2.32242
-2.32248
-2.32254
-2.3226
-2.32265
-2.3227
-2.32275
-2.3228
-2.32285
-2.32289
-2.32293
-2.32297
-2.32301
-2.32305
-2.32308
-2.32312
-2.32315
-2.32318
-2.32321
-2.32324
-2.32327
-2.32386
-2.32445
-2.32504
-2.32565
-2.32625
-2.32687
-2.32749
-2.32812
-2.32875
-2.32939
-2.33004
-2.33069
-2.33135
-2.33202
-2.33269
-2.33337
-2.33406
-2.33476
-2.33546
-2.33618
-2.3369
-2.33762
-2.33836
-2.33911
-2.33986
-2.34062
-2.34139
-2.34217
-2.34296
-2.34376
-2.34457
-2.34539
-2.34621
-2.34705
-2.3479
-2.34876
-2.34963
-2.35051
-2.3514
-2.35231
-2.35322
-2.35415
-2.35509
-2.35604
-2.35701
-2.35798
-2.35897
-2.35998
-2.361
-2.36203
-2.36308
-2.36414
-2.36522
-2.36631
-2.36742
-2.36855
-2.36969
-2.37085
-2.37202
-2.37322
-2.37443
-2.37567
-2.37692
-2.37819
-2.37948
-2.38079
-2.38213
-2.38348
-2.38486
-2.38626
-2.38769
-2.38914
-2.39062
-2.39212
-2.39365
-2.3952
-2.39679
-2.3984
-2.40004
-2.40171
-2.40342
-2.40516
-2.40693
-2.40873
-2.41057
-2.41245
-2.41437
-2.41632
-2.41832
-2.42036
-2.42244
-2.42456
-2.42674
-2.42896
-2.43123
-2.43355
-2.43592
-2.43835
-2.44084
-2.44338
-2.44599
-2.44866
-2.45139
-2.4542
-2.45707
-2.46003
-2.46305
-2.46616
-2.46935
-2.47263
-2.476
-2.47947
-2.48303
-2.4867
-2.49047
-2.49436
-2.49837
-2.5025
-2.50676
-2.51115
-2.51569
-2.52037
-2.52521
-2.53022
-2.5354
-2.54075
-2.5463
-2.55205
-2.55802
-2.5642
-2.57062
-2.57728
-2.58421
-2.59142
-2.59891
-2.60671
-2.61484
-2.62331
-2.63215
-2.64137
-2.651
-2.66106
-2.67157
-2.68257
-2.69407
-2.70611
-2.71871
-2.73191
-2.74572
-2.7602
-2.77535
-2.79122
-2.80783
-2.82519
-2.84334
-2.86229
-2.88204
-2.90261
-2.92397
-2.94612
-2.96901
-2.99262
-3.01689
-3.04173
-3.06707
-3.09282
-3.11885
3.13812
3.11186
3.08567
3.05967
3.03399
3.00872
2.98398
2.95983
2.93637
2.91363
2.89167
2.87051
2.85016
2.83065
2.81195
2.79407
2.77697
2.76065
2.74506
2.7302
2.71601
2.70248
2.68958
2.67726
2.6655
2.65428
2.64355
2.6333
2.6235
2.61412
2.60514
2.59654
2.58829
2.58038
2.57279
2.5655
2.55849
2.55175
2.54526
2.53901
2.53299
2.52719
2.52159
2.51619
2.51096
2.50592
2.50104
2.49632
2.49175
2.48732
2.48303
2.47887
2.47483
2.47092
2.46711
2.46342
2.45983
2.45634
2.45294
2.44964
2.44642
2.44329
2.44024
2.43726
2.43436
2.43153
2.42877
2.42607
2.42344
2.42087
2.41836
2.4159
2.4135
2.41116
2.40886
2.40662
2.40442
2.40226
2.40016
2.39809
2.39607
2.39408
2.39214
2.39023
2.38836
2.38653
2.38473
2.38296
2.38122
2.37952
2.37785
2.3762
2.37459
2.373
2.37144
2.36991
2.3684
2.36692
2.36546
2.36403
2.36261
2.36123
2.35986
2.35851
2.35719
2.35588
2.35459
2.35333
2.35208
2.35085
2.34964
2.34844
2.34727
2.3461
2.34496
2.34383
2.34272
2.34162
2.34053
2.33946
2.33841
2.33737
2.33634
2.33532
2.33432
2.33333
2.33235
2.33139
2.33044
2.32949
2.32856
2.32764
2.32674
2.32584
2.32495
2.32407
2.32321
2.32235
2.3215
2.32066
2.31983
2.31901
2.3182
2.3174
2.31661
2.31582
2.31505
2.31428
2.31352
2.31277
2.31202
2.31128
2.31055
2.30983
2.30911
2.30841
2.3077
2.30701
2.30632
2.30564
2.30497
2.3043
2.30364
2.30298
2.30233
2.30168
2.30105
2.30041
2.29979
2.29917
2.29855
2.29794
2.29733
2.29674
2.29614
2.29555
2.29497
2.29439
2.29381
2.29324
2.29268
2.29212
2.29156
2.29101
2.29046
2.28992
2.28938
2.28833
2.28722
2.28607
2.28485
2.28358
2.28225
2.28084
2.27937
2.27781
2.27618
2.27445
2.27263
2.2707
2.26867
2.26651
2.26423
2.26181
2.25924
2.25651
2.2536
2.25051
2.2472
2.24368
2.23991
2.23587
2.23154
2.2269
2.22191
2.21654
2.21075
2.2045
2.19776
2.19046
2.18255
2.17397
2.16466
2.15454
2.14353
2.13154
2.1185
2.10429
2.08882
2.07198
2.05369
2.03385
2.0124
1.98926
1.96444
1.93794
1.90983
1.88025
1.84939
1.81749
1.78485
1.75181
1.71871
1.68592
1.65373
1.62245
1.59228
1.5634
1.53592
1.5099
1.48535
1.46226
1.44059
1.42027
1.40123
1.3834
1.3667
1.35104
1.33635
1.32256
1.30959
1.29739
1.28589
1.27503
1.26477
1.25506
1.24586
1.23713
1.22883
1.22093
1.2134
1.20622
1.19936
1.1928
1.18651
1.18049
1.1747
1.16914
1.16379
1.15864
1.15368
1.14888
1.14425
1.13978
1.13544
1.13124
1.12717
1.12322
1.11939
1.11566
1.11203
1.10849
1.10505
1.10169
1.09841
1.09521
1.09208
1.08902
1.08602
1.08308
1.0802
1.07737
1.0746
1.07187
1.06919
1.06656
1.06396
1.0614
1.05887
1.05638
1.05392
1.05149
1.04908
1.0467
1.04434
1.04201
1.03968
1.03738
1.03509
1.03281
1.03054
1.02828
1.02602
1.02377
1.02151
1.01926
1.017
1.01473
1.01246
1.01017
1.00787
1.00555
1.0032
1.00083
0.998425
0.995986
0.993505
0.990978
0.988396
0.985753
0.98304
0.980248
0.977364
0.974376
0.971269
0.968023
0.964616
0.961022
0.957206
0.953128
0.948735
0.943956
0.938702
0.932848
0.926219
0.918562
0.90949
0.898377
0.884132
0.86465
0.835211
0.78247
0.648715
-0.178899
-1.11312
-1.16902
-1.25438
-1.40339
-1.689
-2.09983
-2.28101
-2.30882
-2.31643
-2.31956
-2.32114
-2.32206
-2.32264
-2.32303
-2.32331
-2.32351
-2.32366
-2.32378
-2.32387
-2.32395
-2.32401
-2.32406
-2.3241
-2.32414
-2.32417
-2.32419
-2.32421
-2.32423
-2.32425
-2.32427
-2.32428
-2.32429
-2.3243
-2.32431
-2.32432
-2.32433
-2.32434
-2.32435
-2.32435
-2.32436
-2.32436
-2.32437
-2.32437
-2.32438
-2.32438
-2.32438
-2.32439
-2.32439
-2.32439
-2.32439
-2.3244
-2.3244
-2.3244
-2.3244
-2.3244
-2.32441
-2.32441
-2.32441
-2.32441
-2.32441
-2.32441
-2.32442
-2.32442
-2.32442
-2.32442
-2.32442
-2.32442
-2.32442
-2.32442
-2.32442
-2.32442
-2.32443
-2.32443
-2.32443
-2.32443
-2.32443
-2.32443
-2.32443
-2.32443
-2.32443
-2.32443
-2.32443
-2.32443
-2.32443
-2.32443
-2.32443
-2.32443
-2.32443
-2.32443
-2.32444
-2.32444
-2.32502
-2.3256
-2.32619
-2.32679
-2.32739
-2.328
-2.32861
-2.32923
-2.32986
-2.33049
-2.33113
-2.33178
-2.33243
-2.33309
-2.33376
-2.33443
-2.33512
-2.3358
-2.3365
-2.3372
-2.33792
-2.33863
-2.33936
-2.3401
-2.34084
-2.34159
-2.34235
-2.34312
-2.3439
-2.34469
-2.34549
-2.34629
-2.34711
-2.34794
-2.34877
-2.34962
-2.35048
-2.35134
-2.35222
-2.35311
-2.35401
-2.35492
-2.35585
-2.35678
-2.35773
-2.35869
-2.35967
-2.36066
-2.36166
-2.36267
-2.3637
-2.36474
-2.3658
-2.36687
-2.36796
-2.36906
-2.37018
-2.37132
-2.37247
-2.37364
-2.37483
-2.37603
-2.37726
-2.3785
-2.37976
-2.38105
-2.38235
-2.38367
-2.38502
-2.38639
-2.38778
-2.38919
-2.39063
-2.39209
-2.39358
-2.39509
-2.39663
-2.3982
-2.3998
-2.40142
-2.40308
-2.40476
-2.40648
-2.40823
-2.41002
-2.41184
-2.41369
-2.41558
-2.41751
-2.41948
-2.42149
-2.42354
-2.42564
-2.42777
-2.42996
-2.43219
-2.43448
-2.43681
-2.4392
-2.44164
-2.44414
-2.4467
-2.44932
-2.452
-2.45475
-2.45757
-2.46046
-2.46342
-2.46646
-2.46958
-2.47278
-2.47607
-2.47945
-2.48292
-2.4865
-2.49017
-2.49395
-2.49785
-2.50186
-2.50599
-2.51025
-2.51464
-2.51918
-2.52386
-2.5287
-2.5337
-2.53886
-2.54421
-2.54974
-2.55548
-2.56141
-2.56757
-2.57396
-2.58059
-2.58747
-2.59463
-2.60207
-2.60981
-2.61786
-2.62625
-2.635
-2.64412
-2.65363
-2.66356
-2.67393
-2.68476
-2.69608
-2.70792
-2.7203
-2.73325
-2.7468
-2.76097
-2.7758
-2.7913
-2.80751
-2.82445
-2.84213
-2.86057
-2.87978
-2.89976
-2.92051
-2.94201
-2.96423
-2.98714
-3.01069
-3.03481
-3.05943
-3.08446
-3.1098
-3.13535
3.12219
3.09657
3.07109
3.04585
3.02097
2.99654
2.97264
2.94936
2.92674
2.90484
2.88369
2.86331
2.84371
2.82491
2.80688
2.78962
2.77311
2.75732
2.74224
2.72784
2.71408
2.70095
2.6884
2.67641
2.66496
2.65401
2.64354
2.63352
2.62393
2.61474
2.60594
2.5975
2.5894
2.58162
2.57415
2.56696
2.56006
2.55341
2.547
2.54083
2.53488
2.52914
2.5236
2.51824
2.51307
2.50807
2.50322
2.49854
2.494
2.4896
2.48533
2.4812
2.47718
2.47328
2.4695
2.46582
2.46224
2.45876
2.45537
2.45208
2.44887
2.44574
2.44269
2.43972
2.43682
2.43399
2.43123
2.42854
2.4259
2.42333
2.42082
2.41836
2.41596
2.41361
2.41131
2.40906
2.40686
2.4047
2.40259
2.40052
2.39849
2.3965
2.39455
2.39264
2.39076
2.38892
2.38711
2.38534
2.3836
2.38189
2.38021
2.37856
2.37694
2.37534
2.37378
2.37224
2.37072
2.36923
2.36777
2.36633
2.36491
2.36351
2.36214
2.36078
2.35945
2.35814
2.35684
2.35557
2.35431
2.35308
2.35186
2.35066
2.34947
2.3483
2.34715
2.34602
2.3449
2.34379
2.3427
2.34162
2.34056
2.33951
2.33848
2.33746
2.33645
2.33545
2.33447
2.33349
2.33253
2.33159
2.33065
2.32972
2.32881
2.32791
2.32701
2.32613
2.32526
2.32439
2.32354
2.32269
2.32186
2.32103
2.32022
2.31941
2.31861
2.31782
2.31704
2.31626
2.3155
2.31474
2.31399
2.31324
2.31251
2.31178
2.31106
2.31035
2.30964
2.30894
2.30825
2.30756
2.30688
2.30621
2.30554
2.30488
2.30422
2.30357
2.30293
2.30229
2.30166
2.30104
2.30041
2.2998
2.29919
2.29859
2.29799
2.29739
2.2968
2.29622
2.29564
2.29507
2.2945
2.29393
2.29337
2.29281
2.29226
2.29172
2.29117
2.29064
2.2901
2.28957
2.28854
2.28746
2.28634
2.28515
2.28392
2.28262
2.28125
2.27982
2.27831
2.27672
2.27505
2.27329
2.27143
2.26946
2.26739
2.26519
2.26286
2.26039
2.25777
2.25499
2.25203
2.24887
2.24551
2.24192
2.23808
2.23398
2.22957
2.22485
2.21978
2.21433
2.20845
2.20211
2.19527
2.18787
2.17986
2.17118
2.16177
2.15154
2.14043
2.12835
2.11521
2.10092
2.08537
2.06849
2.05017
2.03032
2.0089
1.98583
1.96113
1.9348
1.90692
1.87763
1.8471
1.81559
1.78338
1.75079
1.71817
1.68584
1.65411
1.62324
1.59346
1.56493
1.53775
1.51199
1.48766
1.46475
1.44322
1.42302
1.40407
1.38631
1.36965
1.35402
1.33935
1.32557
1.3126
1.30039
1.28887
1.278
1.26772
1.25798
1.24875
1.23999
1.23167
1.22374
1.21618
1.20897
1.20208
1.19549
1.18918
1.18313
1.17732
1.17173
1.16636
1.16118
1.15619
1.15137
1.14672
1.14222
1.13787
1.13365
1.12956
1.1256
1.12174
1.118
1.11435
1.1108
1.10735
1.10398
1.10069
1.09747
1.09433
1.09126
1.08826
1.08531
1.08243
1.0796
1.07682
1.07409
1.07141
1.06877
1.06617
1.06361
1.06109
1.0586
1.05614
1.05372
1.05132
1.04895
1.0466
1.04427
1.04196
1.03967
1.03739
1.03513
1.03288
1.03064
1.0284
1.02617
1.02395
1.02172
1.0195
1.01727
1.01503
1.01279
1.01053
1.00826
1.00597
1.00365
1.00132
0.99895
0.996549
0.994109
0.991624
0.989089
0.986495
0.983836
0.981102
0.978282
0.975365
0.972336
0.969178
0.965872
0.962392
0.95871
0.954788
0.95058
0.946025
0.941047
0.93554
0.92936
0.922301
0.914058
0.904153
0.89179
0.875527
0.852407
0.815201
0.740144
0.485948
-1.08509
-1.16442
-1.30908
-1.65107
-2.24962
-2.32874
-2.32571
-2.32506
-2.32482
-2.32469
-2.32463
-2.32458
-2.32455
-2.32453
-2.32452
-2.32451
-2.3245
-2.32449
-2.32449
-2.32448
-2.32448
-2.32448
-2.32447
-2.32447
-2.32447
-2.32447
-2.32447
-2.32447
-2.32446
-2.32446
-2.32446
-2.32446
-2.32446
-2.32446
-2.32446
-2.32446
-2.32446
-2.32446
-2.32446
-2.32446
-2.32446
-2.32446
-2.32446
-2.32446
-2.32446
-2.32446
-2.32446
-2.32446
-2.32446
-2.32446
-2.32446
-2.32446
-2.32445
-2.32445
-2.32445
-2.32445
-2.32445
-2.32445
-2.32445
-2.32445
-2.32445
-2.32445
-2.32445
-2.32445
-2.32445
-2.32445
-2.32445
-2.32445
-2.32445
-2.32445
-2.32445
-2.32445
-2.32445
-2.32445
-2.32445
-2.32445
-2.32445
-2.32445
-2.32445
-2.32445
-2.32445
-2.32445
-2.32445
-2.32445
-2.32445
-2.32445
-2.32445
-2.32445
-2.32445
-2.32445
-2.32445
-2.32503
-2.32561
-2.32619
-2.32678
-2.32738
-2.32798
-2.32859
-2.3292
-2.32983
-2.33045
-2.33109
-2.33173
-2.33237
-2.33303
-2.33369
-2.33435
-2.33503
-2.33571
-2.3364
-2.33709
-2.3378
-2.33851
-2.33923
-2.33996
-2.34069
-2.34143
-2.34219
-2.34295
-2.34372
-2.3445
-2.34528
-2.34608
-2.34689
-2.3477
-2.34853
-2.34936
-2.35021
-2.35107
-2.35193
-2.35281
-2.3537
-2.3546
-2.35551
-2.35643
-2.35737
-2.35832
-2.35928
-2.36025
-2.36124
-2.36224
-2.36325
-2.36428
-2.36532
-2.36637
-2.36745
-2.36853
-2.36963
-2.37075
-2.37189
-2.37304
-2.3742
-2.37539
-2.37659
-2.37782
-2.37906
-2.38032
-2.3816
-2.3829
-2.38422
-2.38556
-2.38693
-2.38831
-2.38973
-2.39116
-2.39262
-2.3941
-2.39561
-2.39715
-2.39871
-2.4003
-2.40192
-2.40357
-2.40525
-2.40697
-2.40871
-2.41049
-2.4123
-2.41415
-2.41603
-2.41796
-2.41992
-2.42192
-2.42396
-2.42605
-2.42818
-2.43035
-2.43258
-2.43485
-2.43717
-2.43955
-2.44198
-2.44446
-2.44701
-2.44961
-2.45228
-2.45501
-2.45781
-2.46068
-2.46362
-2.46664
-2.46974
-2.47292
-2.47619
-2.47954
-2.48299
-2.48654
-2.49018
-2.49393
-2.49779
-2.50177
-2.50586
-2.51009
-2.51444
-2.51893
-2.52357
-2.52835
-2.5333
-2.53841
-2.5437
-2.54917
-2.55483
-2.5607
-2.56678
-2.57308
-2.57963
-2.58642
-2.59347
-2.60081
-2.60843
-2.61637
-2.62463
-2.63323
-2.6422
-2.65156
-2.66131
-2.6715
-2.68214
-2.69325
-2.70487
-2.71701
-2.7297
-2.74298
-2.75686
-2.77138
-2.78656
-2.80243
-2.81901
-2.83631
-2.85436
-2.87317
-2.89273
-2.91305
-2.93412
-2.9559
-2.97839
-3.00151
-3.02523
-3.04947
-3.07416
-3.09919
-3.12446
3.1333
3.10786
3.0825
3.05733
3.03247
3.00801
2.98403
2.96063
2.93785
2.91576
2.8944
2.87378
2.85393
2.83485
2.81655
2.79901
2.78221
2.76615
2.75079
2.73612
2.72209
2.7087
2.6959
2.68367
2.67198
2.66081
2.65012
2.6399
2.63011
2.62073
2.61174
2.60313
2.59486
2.58693
2.5793
2.57198
2.56493
2.55815
2.55162
2.54533
2.53926
2.53341
2.52776
2.52231
2.51703
2.51194
2.50701
2.50223
2.49761
2.49314
2.4888
2.48459
2.4805
2.47653
2.47268
2.46894
2.4653
2.46176
2.45832
2.45497
2.45171
2.44853
2.44543
2.44241
2.43947
2.4366
2.4338
2.43106
2.42839
2.42578
2.42323
2.42074
2.4183
2.41591
2.41358
2.4113
2.40907
2.40688
2.40474
2.40264
2.40058
2.39856
2.39659
2.39465
2.39275
2.39088
2.38905
2.38726
2.38549
2.38376
2.38206
2.38039
2.37875
2.37713
2.37555
2.37399
2.37245
2.37095
2.36946
2.368
2.36657
2.36516
2.36376
2.3624
2.36105
2.35972
2.35841
2.35712
2.35585
2.3546
2.35337
2.35216
2.35096
2.34978
2.34861
2.34746
2.34633
2.34521
2.34411
2.34302
2.34195
2.34089
2.33984
2.33881
2.33779
2.33679
2.33579
2.33481
2.33384
2.33288
2.33194
2.331
2.33008
2.32917
2.32826
2.32737
2.32649
2.32562
2.32476
2.3239
2.32306
2.32223
2.3214
2.32059
2.31978
2.31898
2.31819
2.31741
2.31664
2.31587
2.31512
2.31437
2.31363
2.31289
2.31216
2.31144
2.31073
2.31002
2.30933
2.30863
2.30795
2.30727
2.30659
2.30593
2.30527
2.30461
2.30396
2.30332
2.30268
2.30205
2.30143
2.30081
2.30019
2.29958
2.29898
2.29838
2.29779
2.2972
2.29661
2.29604
2.29546
2.29489
2.29433
2.29377
