0.223607
0.220769
0.21799
0.215269
0.212604
0.209995
0.207439
0.204937
0.202486
0.200087
0.197737
0.195436
0.193183
0.190978
0.188818
0.186703
0.184632
0.182605
0.18062
0.178677
0.176774
0.174911
0.173088
0.171303
0.169555
0.167844
0.166169
0.16453
0.162925
0.161354
0.159816
0.158311
0.156838
0.155396
0.153984
0.152603
0.151251
0.149928
0.148634
0.147367
0.146127
0.144914
0.143727
0.142565
0.141429
0.140317
0.139229
0.138165
0.137123
0.136105
0.135108
0.134134
0.13318
0.132248
0.131336
0.130444
0.129572
0.128718
0.127884
0.127069
0.126271
0.125491
0.124729
0.123984
0.123255
0.122543
0.121847
0.121166
0.120501
0.119852
0.119217
0.118596
0.11799
0.117398
0.116819
0.116254
0.115702
0.115163
0.114636
0.114122
0.11362
0.11313
0.112651
0.112184
0.111728
0.111283
0.110849
0.110425
0.110012
0.109608
0.109215
0.108831
0.108457
0.108093
0.107737
0.10739
0.107053
0.106723
0.106403
0.10609
0.105786
0.105489
0.105201
0.10492
0.104646
0.10438
0.104121
0.10387
0.103625
0.103387
0.103155
0.10293
0.102711
0.102499
0.102293
0.102093
0.101898
0.10171
0.101527
0.10135
0.101178
0.101011
0.10085
0.100694
0.100543
0.100397
0.100255
0.100119
0.0999867
0.0998593
0.0997364
0.0996178
0.0995035
0.0993934
0.0992874
0.0991855
0.0990876
0.0989935
0.0989033
0.0988167
0.0987339
0.0986546
0.0985789
0.0985066
0.0984377
0.0983721
0.0983097
0.0982506
0.0981946
0.0981416
0.0980917
0.0980447
0.0980006
0.0979593
0.0979208
0.0978851
0.097852
0.0978215
0.0977937
0.0977683
0.0977454
0.097725
0.0977069
0.0976911
0.0976777
0.0976665
0.0976575
0.0976506
0.0976459
0.0976433
0.0976427
0.0976441
0.0976475
0.0976527
0.0976599
0.097669
0.0976798
0.0976925
0.0977068
0.097723
0.0977408
0.0977602
0.0977813
0.097804
0.0978282
0.097854
0.0978812
0.09791
0.0979402
0.0979718
0.0980049
0.0980393
0.098075
0.0981121
0.0981505
0.0981901
0.098231
0.0982732
0.0983165
0.0983611
0.0984068
0.0984536
0.0985016
0.0985507
0.0986008
0.098652
0.0987043
0.0987576
0.0988119
0.0988673
0.0989235
0.0989808
0.099039
0.0990981
0.0991581
0.0992191
0.0992809
0.0993436
0.0994071
0.0994715
0.0995366
0.0996026
0.0996695
0.099737
0.0998054
0.0998745
0.0999444
0.100015
0.100086
0.100158
0.100231
0.100305
0.100379
0.100453
0.100529
0.100605
0.100682
0.100759
0.100837
0.100916
0.100995
0.101075
0.101155
0.101236
0.101317
0.1014
0.101482
0.101565
0.101649
0.101733
0.101818
0.101903
0.101989
0.102076
0.102162
0.10225
0.102338
0.102426
0.102515
0.102604
0.102693
0.102784
0.102874
0.102965
0.103057
0.103149
0.103241
0.103334
0.103427
0.10352
0.103614
0.103709
0.103804
0.103899
0.103995
0.104091
0.104187
0.104284
0.104381
0.104478
0.104576
0.104675
0.104773
0.104872
0.104972
0.105071
0.105172
0.105272
0.105373
0.105474
0.105575
0.105677
0.105779
0.105882
0.105985
0.106088
0.106191
0.106295
0.106399
0.106504
0.106609
0.106714
0.106819
0.106925
0.107031
0.107138
0.107244
0.107351
0.107459
0.107566
0.107674
0.107782
0.107891
0.108
0.108109
0.108218
0.108328
0.108438
0.108548
0.108659
0.10877
0.108881
0.108993
0.109105
0.109217
0.109329
0.109442
0.109555
0.109668
0.109781
0.109895
0.110009
0.110124
0.110238
0.110353
0.110469
0.110584
0.1107
0.110816
0.110932
0.111049
0.111166
0.111283
0.111401
0.111518
0.111637
0.111755
0.111873
0.111992
0.112112
0.112231
0.112351
0.112471
0.112591
0.112712
0.112833
0.112954
0.113075
0.113197
0.113319
0.113441
0.113564
0.113686
0.11381
0.113933
0.114057
0.114181
0.114305
0.114429
0.114554
0.114679
0.114805
0.11493
0.115056
0.115182
0.115309
0.115436
0.115563
0.11569
0.115818
0.115946
0.116074
0.116202
0.116331
0.11646
0.11659
0.116719
0.116849
0.11698
0.11711
0.117241
0.117372
0.117504
0.117635
0.117767
0.1179
0.118032
0.118165
0.118298
0.118432
0.118566
0.1187
0.118834
0.118969
0.119104
0.119239
0.119375
0.119511
0.119647
0.119784
0.119921
0.120058
0.120195
0.120333
0.120471
0.120609
0.120748
0.120887
0.121026
0.121166
0.121306
0.121446
0.121587
0.121728
0.121869
0.122011
0.122153
0.122295
0.122437
0.12258
0.122723
0.122867
0.123011
0.123155
0.123299
0.123444
0.123589
0.123735
0.123881
0.124027
0.124173
0.12432
0.124467
0.124615
0.124763
0.124911
0.12506
0.125208
0.125358
0.125507
0.125657
0.125807
0.125958
0.126109
0.12626
0.126412
0.126564
0.126716
0.126869
0.127022
0.127176
0.12733
0.127484
0.127638
0.127793
0.127949
0.128104
0.12826
0.128417
0.128573
0.12873
0.128888
0.129046
0.129204
0.129363
0.129522
0.129681
0.129841
0.130001
0.130161
0.130322
0.130484
0.130645
0.130807
0.13097
0.131133
0.131296
0.13146
0.131624
0.131788
0.131953
0.132118
0.132284
0.13245
0.132616
0.132783
0.132951
0.133118
0.133286
0.133455
0.133624
0.133793
0.133963
0.134133
0.134304
0.134475
0.134646
0.134818
0.13499
0.135163
0.135336
0.13551
0.135684
0.135858
0.136033
0.136208
0.136384
0.13656
0.136737
0.136914
0.137091
0.137269
0.137448
0.137627
0.137806
0.137986
0.138166
0.138347
0.138528
0.13871
0.138892
0.139074
0.139257
0.139441
0.139625
0.139809
0.139994
0.140179
0.140365
0.140552
0.140738
0.140926
0.141114
0.141302
0.141491
0.14168
0.14187
0.14206
0.142251
0.142442
0.142634
0.142826
0.143019
0.143212
0.143406
0.1436
0.143795
0.14399
0.144186
0.144382
0.144579
0.144776
0.144974
0.145173
0.145372
0.145571
0.145771
0.145972
0.146173
0.146374
0.146577
0.146779
0.146983
0.147186
0.147391
0.147596
0.147801
0.148007
0.148214
0.148421
0.148629
0.148837
0.149046
0.149255
0.149465
0.149676
0.149887
0.150099
0.150311
0.150524
0.150738
0.150952
0.151166
0.151382
0.151598
0.151814
0.152031
0.152249
0.152467
0.152686
0.152906
0.153126
0.153346
0.153568
0.15379
0.154012
0.154236
0.15446
0.154684
0.154909
0.155135
0.155361
0.155589
0.155816
0.156045
0.156274
0.156503
0.156734
0.156965
0.157196
0.157429
0.157662
0.157895
0.15813
0.158365
0.1586
0.158837
0.159074
0.159312
0.15955
0.159789
0.160029
0.16027
0.160511
0.160753
0.160996
0.161239
0.161483
0.161728
0.161974
0.16222
0.162467
0.162715
0.162963
0.163212
0.163462
0.163713
0.163965
0.164217
0.16447
0.164723
0.164978
0.165233
0.165489
0.165746
0.166004
0.166262
0.166521
0.166781
0.167042
0.167303
0.167566
0.167829
0.168093
0.168358
0.168623
0.168889
0.169157
0.169425
0.169693
0.169963
0.170234
0.170505
0.170777
0.17105
0.171324
0.171599
0.171875
0.172151
0.172428
0.172707
0.172986
0.173266
0.173546
0.173828
0.174111
0.174394
0.174679
0.174964
0.17525
0.175537
0.175825
0.176114
0.176404
0.176695
0.176987
0.17728
0.177573
0.177868
0.178163
0.17846
0.178757
0.179056
0.179355
0.179656
0.179957
0.180259
0.180563
0.180867
0.181172
0.181479
0.181786
0.182094
0.182404
0.182714
0.183025
0.183338
0.183651
0.183966
0.184281
0.184598
0.184916
0.185235
0.185554
0.185875
0.186197
0.18652
0.186845
0.18717
0.187496
0.187824
0.188152
0.188482
0.188813
0.189145
0.189478
0.189812
0.190147
0.190484
0.190822
0.19116
0.1915
0.191842
0.192184
0.192528
0.192872
0.193218
0.193566
0.193914
0.194264
0.194614
0.194967
0.19532
0.195674
0.19603
0.196387
0.196746
0.197105
0.197466
0.197828
0.198192
0.198556
0.198923
0.19929
0.199659
0.200029
0.2004
0.200773
0.201147
0.201522
0.201899
0.202277
0.202657
0.203037
0.20342
0.203803
0.204188
0.204575
0.204963
0.205352
0.205743
0.206135
0.206529
0.206924
0.207321
0.207719
0.208118
0.208519
0.208922
0.209326
0.209732
0.210139
0.210548
0.210958
0.211369
0.211783
0.212198
0.212614
0.213032
0.213452
0.213873
0.214296
0.21472
0.215147
0.215574
0.216004
0.216435
0.216868
0.217302
0.217738
0.218176
0.218616
0.219057
0.218122
0.217198
0.216286
0.215384
0.214493
0.213612
0.212742
0.211882
0.211032
0.210192
0.209362
0.208541
0.207729
0.206927
0.206134
0.20535
0.204575
0.203808
0.20305
0.202301
0.20156
0.200827
0.200102
0.199385
0.198675
0.197974
0.19728
0.196593
0.195914
0.195242
0.194577
0.193919
0.193268
0.192624
0.191987
0.191356
0.190732
0.190114
0.189502
0.188897
0.188297
0.187704
0.187117
0.186535
0.185959
0.185389
0.184824
0.184265
0.183712
0.183163
0.18262
0.182083
0.18155
0.181022
0.180499
0.179981
0.179468
0.17896
0.178456
0.177957
0.177463
0.176973
0.176487
0.176006
0.175529
0.175056
0.174587
0.174122
0.173662
0.173205
0.172753
0.172304
0.171859
0.171418
0.17098
0.170547
0.170116
0.16969
0.169267
0.168847
0.168431
0.168018
0.167608
0.167202
0.166799
0.166399
0.166002
0.165608
0.165217
0.16483
0.164445
0.164063
0.163684
0.163308
0.162935
0.162564
0.162197
0.161832
0.161469
0.16111
0.160752
0.160398
0.160046
0.159696
0.159349
0.159004
0.158662
0.158322
0.157985
0.157649
0.157316
0.156986
0.156657
0.156331
0.156007
0.155685
0.155365
0.155047
0.154731
0.154417
0.154105
0.153796
0.153488
0.153182
0.152878
0.152576
0.152276
0.151977
0.151681
0.151386
0.151093
0.150802
0.150512
0.150224
0.149938
0.149654
0.149371
0.14909
0.14881
0.148532
0.148256
0.147981
0.147708
0.147436
0.147166
0.146898
0.14663
0.146365
0.1461
0.145837
0.145576
0.145316
0.145057
0.1448
0.144544
0.144289
0.144036
0.143784
0.143533
0.143283
0.143035
0.142788
0.142543
0.142298
0.142055
0.141813
0.141572
0.141332
0.141094
0.140856
0.14062
0.140385
0.140151
0.139918
0.139686
0.139456
0.139226
0.138998
0.13877
0.138544
0.138318
0.138094
0.137871
0.137648
0.137427
0.137207
0.136987
0.136769
0.136552
0.136335
0.13612
0.135905
0.135691
0.135478
0.135267
0.135056
0.134846
0.134637
0.134428
0.134221
0.134014
0.133809
0.133604
0.1334
0.133197
0.132994
0.132793
0.132592
0.132392
0.132193
0.131995
0.131797
0.131601
0.131405
0.13121
0.131015
0.130822
0.130629
0.130437
0.130245
0.130055
0.129865
0.129675
0.129487
0.129299
0.129112
0.128926
0.12874
0.128555
0.128371
0.128187
0.128004
0.127822
0.127641
0.12746
0.127279
0.1271
0.126921
0.126743
0.126565
0.126388
0.126211
0.126036
0.125861
0.125686
0.125512
0.125339
0.125166
0.124994
0.124823
0.124652
0.124481
0.124312
0.124143
0.123974
0.123806
0.123639
0.123472
0.123306
0.12314
0.122975
0.12281
0.122646
0.122483
0.12232
0.122158
0.121996
0.121835
0.121674
0.121514
0.121354
0.121195
0.121036
0.120878
0.120721
0.120564
0.120407
0.120251
0.120096
0.119941
0.119786
0.119632
0.119478
0.119325
0.119173
0.119021
0.118869
0.118718
0.118568
0.118418
0.118268
0.118119
0.11797
0.117822
0.117674
0.117527
0.11738
0.117234
0.117088
0.116943
0.116798
0.116653
0.116509
0.116366
0.116222
0.11608
0.115937
0.115796
0.115654
0.115513
0.115373
0.115233
0.115093
0.114954
0.114815
0.114677
0.114539
0.114402
0.114265
0.114128
0.113992
0.113856
0.113721
0.113586
0.113451
0.113317
0.113184
0.11305
0.112917
0.112785
0.112653
0.112521
0.11239
0.112259
0.112129
0.111999
0.111869
0.11174
0.111611
0.111483
0.111355
0.111227
0.1111
0.110973
0.110847
0.110721
0.110595
0.11047
0.110345
0.11022
0.110096
0.109972
0.109849
0.109726
0.109604
0.109481
0.10936
0.109238
0.109117
0.108996
0.108876
0.108756
0.108636
0.108517
0.108398
0.10828
0.108162
0.108044
0.107927
0.10781
0.107693
0.107577
0.107461
0.107346
0.107231
0.107116
0.107002
0.106888
0.106774
0.106661
0.106548
0.106435
0.106323
0.106211
0.1061
0.105988
0.105878
0.105767
0.105657
0.105548
0.105438
0.105329
0.105221
0.105112
0.105005
0.104897
0.10479
0.104683
0.104577
0.10447
0.104365
0.104259
0.104154
0.10405
0.103945
0.103841
0.103738
0.103635
0.103532
0.103429
0.103327
0.103225
0.103124
0.103022
0.102922
0.102821
0.102721
0.102622
0.102522
0.102423
0.102325
0.102226
0.102128
0.102031
0.101934
0.101837
0.10174
0.101644
0.101548
0.101453
0.101358
0.101263
0.101169
0.101075
0.100981
0.100888
0.100795
0.100702
0.10061
0.100518
0.100427
0.100335
0.100245
0.100154
0.100064
0.0999745
0.0998852
0.0997962
0.0997076
0.0996193
0.0995315
0.0994439
0.0993568
0.09927
0.0991836
0.0990975
0.0990118
0.0989265
0.0988415
0.0987569
0.0986727
0.0985889
0.0985054
0.0984223
0.0983396
0.0982572
0.0981752
0.0980936
0.0980124
0.0979315
0.097851
0.0977709
0.0976912
0.0976118
0.0975329
0.0974543
0.097376
0.0972982
0.0972208
0.0971437
0.097067
0.0969907
0.0969148
0.0968393
0.0967642
0.0966894
0.0966151
0.0965411
0.0964676
0.0963944
0.0963216
0.0962492
0.0961773
0.0961057
0.0960345
0.0959637
0.0958933
0.0958233
0.0957537
0.0956846
0.0956158
0.0955474
0.0954795
0.0954119
0.0953448
0.0952781
0.0952118
0.0951459
0.0950804
0.0950153
0.0949507
0.0948865
0.0948227
0.0947593
0.0946963
0.0946338
0.0945717
0.09451
0.0944487
0.0943879
0.0943275
0.0942676
0.0942081
0.094149
0.0940903
0.0940321
0.0939743
0.093917
0.0938601
0.0938037
0.0937477
0.0936922
0.0936371
0.0935824
0.0935282
0.0934745
0.0934212
0.0933684
0.093316
0.0932641
0.0932127
0.0931617
0.0931112
0.0930611
0.0930116
0.0929624
0.0929138
0.0928656
0.092818
0.0927707
0.092724
0.0926777
0.092632
0.0925867
0.0925419
0.0924976
0.0924537
0.0924104
0.0923675
0.0923252
0.0922833
0.092242
0.0922011
0.0921607
0.0921209
0.0920815
0.0920426
0.0920043
0.0919664
0.0919291
0.0918923
0.091856
0.0918202
0.0917849
0.0917502
0.0917159
0.0916822
0.091649
0.0916163
0.0915842
0.0915526
0.0915215
0.091491
0.091461
0.0914315
0.0914025
0.0913741
0.0913463
0.0913189
0.0912922
0.0912659
0.0912402
0.0912151
0.0911905
0.0911664
0.091143
0.09112
0.0910976
0.0910758
0.0910546
0.0910339
0.0910137
0.0909941
0.0909751
0.0909567
0.0909388
0.0909215
0.0909047
0.0908886
0.090873
0.090858
0.0908435
0.0908296
0.0908163
0.0908036
0.0907915
0.0907799
0.090769
0.0907586
0.0907488
0.0907396
0.090731
0.0907229
0.0907155
0.0907086
0.0907024
0.0906967
0.0906916
0.0906872
0.0906833
0.09068
0.0906773
0.0906752
0.0906737
0.0906728
0.0906726
0.0906729
0.0906738
0.0906753
0.0906774
0.0906802
0.0906835
0.0906874
0.090692
0.0906971
0.0907029
0.0907093
0.0907163
0.0907238
0.090732
0.0907409
0.0907503
0.0907603
0.0907709
0.0907822
0.0907941
0.0908065
0.0908196
0.0908333
0.0908476
0.0908625
0.0908781
0.0908942
0.090911
0.0909283
0.0909463
0.0909649
0.0909841
0.0910039
0.0910243
0.0910453
0.091067
0.0910892
0.0911121
0.0911356
0.0911596
0.0911843
0.0912096
0.0912355
0.091262
0.0912891
0.0913168
0.0913451
0.0913741
0.0914036
0.0914337
0.0914644
0.0914958
0.0915277
0.0915602
0.0915933
0.091627
0.0916613
0.0916962
0.0917317
0.0917678
0.0918045
0.0918418
0.0918796
0.0919181
0.0919571
0.0919967
0.0920369
0.0920777
0.092119
0.0921609
0.0922035
0.0922465
0.0922902
0.0923344
0.0923792
0.0924246
0.0924705
0.092517
0.0925641
0.0926117
0.0926599
0.0927087
0.092758
0.0928078
0.0928582
0.0929092
0.0929607
0.0930128
0.0930654
0.0931185
0.0931722
0.0932265
0.0932812
0.0933365
0.0933924
0.0934487
0.0935056
0.0935631
0.093621
0.0936795
0.0937385
0.093798
0.093858
0.0939185
0.0939796
0.0940412
0.0941032
0.0941658
0.0942289
0.0942924
0.0943565
0.0944211
0.0944861
0.0945517
0.0946177
0.0946842
0.0947513
0.0948187
0.0948867
0.0949551
0.0950241
0.0950935
0.0951633
0.0952336
0.0953044
0.0953757
0.0954474
0.0955195
0.0955922
0.0956652
0.0957388
0.0958127
0.0958871
0.095962
0.0960373
0.096113
0.0961892
0.0962658
0.0963428
0.0964203
0.0964981
0.0965765
0.0966552
0.0967343
0.0968139
0.0968938
0.0969742
0.097055
0.0971362
0.0972178
0.0972998
0.0973822
0.097465
0.0975482
0.0976318
0.0977158
0.0978001
0.0978849
0.09797
0.0980555
0.0981414
0.0982276
0.0983143
0.0984013
0.0984886
0.0985764
0.0986645
0.098753
0.0988418
0.098931
0.0990205
0.0991104
0.0992007
0.0992913
0.0993822
0.0994735
0.0995652
0.0996571
0.0997495
0.0998421
0.0999351
0.100028
0.100122
0.100216
0.10031
0.100405
0.1005
0.100595
0.100691
0.100787
0.100883
0.10098
0.101077
0.101174
0.101271
0.101369
0.101467
0.101566
0.101664
0.101764
0.101863
0.101962
0.102062
0.102163
0.102263
0.102364
0.102465
0.102567
0.102668
0.10277
0.102873
0.102975
0.103078
0.103181
0.103285
0.103388
0.103492
0.103596
0.103701
0.103806
0.103911
0.104016
0.104122
0.104228
0.104334
0.10444
0.104547
0.104654
0.104761
0.104869
0.104977
0.105085
0.105193
0.105302
0.10541
0.105519
0.105629
0.105738
0.105848
0.105958
0.106069
0.106179
0.10629
0.106402
0.106513
0.106625
0.106737
0.106849
0.106961
0.107074
0.107187
0.1073
0.107413
0.107527
0.107641
0.107755
0.10787
0.107984
0.108099
0.108214
0.10833
0.108446
0.108561
0.108678
0.108794
0.108911
0.109028
0.109145
0.109262
0.10938
0.109498
0.109616
0.109734
0.109853
0.109972
0.110091
0.11021
0.11033
0.11045
0.11057
0.11069
0.110811
0.110932
0.111053
0.111174
0.111296
0.111418
0.11154
0.111662
0.111785
0.111908
0.112031
0.112154
0.112278
0.112401
0.112525
0.11265
0.112774
0.112899
0.113024
0.11315
0.113275
0.113401
0.113527
0.113653
0.11378
0.113907
0.114034
0.114161
0.114289
0.114417
0.114545
0.114673
0.114802
0.114931
0.11506
0.115189
0.115319
0.115449
0.115579
0.11571
0.11584
0.115971
0.116102
0.116234
0.116366
0.116498
0.11663
0.116763
0.116895
0.117028
0.117162
0.117295
0.117429
0.117564
0.117698
0.117833
0.117968
0.118103
0.118238
0.118374
0.11851
0.118647
0.118783
0.11892
0.119057
0.119195
0.119333
0.119471
0.119609
0.119748
0.119887
0.120026
0.120165
0.120305
0.120445
0.120585
0.120726
0.120867
0.121008
0.12115
0.121291
0.121433
0.121576
0.121719
0.121862
0.122005
0.122148
0.122292
0.122437
0.122581
0.122726
0.122871
0.123016
0.123162
0.123308
0.123454
0.123601
0.123748
0.123895
0.124043
0.124191
0.124339
0.124488
0.124637
0.124786
0.124935
0.125085
0.125235
0.125386
0.125537
0.125688
0.125839
0.125991
0.126143
0.126296
0.126449
0.126602
0.126755
0.126909
0.127064
0.127218
0.127373
0.127528
0.127684
0.12784
0.127996
0.128153
0.128309
0.128467
0.128624
0.128783
0.128941
0.1291
0.129259
0.129418
0.129578
0.129738
0.129899
0.13006
0.130221
0.130383
0.130545
0.130707
0.13087
0.131033
0.131197
0.131361
0.131525
0.13169
0.131855
0.13202
0.132186
0.132352
0.132519
0.132686
0.132853
0.133021
0.133189
0.133358
0.133527
0.133696
0.133866
0.134036
0.134207
0.134378
0.134549
0.134721
0.134893
0.135066
0.135239
0.135413
0.135587
0.135761
0.135936
0.136111
0.136287
0.136463
0.136639
0.136816
0.136993
0.137171
0.137349
0.137528
0.137707
0.137887
0.138067
0.138247
0.138428
0.138609
0.138791
0.138973
0.139156
0.139339
0.139523
0.139707
0.139891
0.140076
0.140262
0.140448
0.140634
0.140821
0.141008
0.141196
0.141384
0.141573
0.141763
0.141952
0.142143
0.142333
0.142524
0.142716
0.142908
0.143101
0.143294
0.143488
0.143682
0.143877
0.144072
0.144268
0.144464
0.144661
0.144858
0.145056
0.145254
0.145453
0.145652
0.145852
0.146053
0.146253
0.146455
0.146657
0.146859
0.147063
0.147266
0.14747
0.147675
0.14788
0.148086
0.148292
0.148499
0.148707
0.148915
0.149123
0.149333
0.149542
0.149753
0.149964
0.150175
0.150387
0.1506
0.150813
0.151027
0.151241
0.151456
0.151671
0.151888
0.152104
0.152322
0.15254
0.152758
0.152977
0.153197
0.153417
0.153638
0.15386
0.154082
0.154305
0.154529
0.154753
0.154978
0.155203
0.155429
0.155656
0.155883
0.156111
0.156339
0.156569
0.156799
0.157029
0.15726
0.157492
0.157725
0.157958
0.158192
0.158426
0.158662
0.158897
0.159134
0.159371
0.159609
0.159848
0.160087
0.160327
0.160568
0.16081
0.161052
0.161295
0.161538
0.161783
0.162028
0.162273
0.16252
0.162767
0.163015
0.163264
0.163513
0.163763
0.164014
0.164266
0.164518
0.164771
0.165025
0.16528
0.165536
0.165792
0.166049
0.166307
0.166565
0.166824
0.167085
0.167346
0.167607
0.16787
0.168133
0.168397
0.168662
0.168928
0.169195
0.169462
0.16973
0.169999
0.170269
0.17054
0.170811
0.171084
0.171357
0.171631
0.171906
0.172182
0.172459
0.172736
0.173015
0.173294
0.173574
0.173855
0.174137
0.17442
0.174704
0.174988
0.175274
0.17556
0.175848
0.176136
0.176425
0.176715
0.177006
0.177299
0.177591
0.177885
0.17818
0.178476
0.178773
0.179071
0.179369
0.179669
0.17997
0.180271
0.180574
0.180877
0.181182
0.181488
0.181794
0.182102
0.182411
0.18272
0.183031
0.183343
0.183655
0.183969
0.184284
0.1846
0.184917
0.185235
0.185554
0.185874
0.186195
0.186518
0.186841
0.187166
0.187491
0.187818
0.188146
0.188475
0.188805
0.189136
0.189468
0.189802
0.190136
0.190472
0.190809
0.191147
0.191486
0.191827
0.192168
0.192511
0.192855
0.1932
0.193547
0.193894
0.194243
0.194593
0.194945
0.195297
0.195651
0.196006
0.196362
0.19672
0.197078
0.197439
0.1978
0.198163
0.198526
0.198892
0.199258
0.199626
0.199995
0.200366
0.200738
0.201111
0.201485
0.201861
0.202239
0.202617
0.202997
0.203379
0.203762
0.204146
0.204532
0.204919
0.205307
0.205697
0.206088
0.206481
0.206876
0.207271
0.207668
0.208067
0.208467
0.208869
0.209272
0.209677
0.210083
0.210491
0.2109
0.211311
0.211724
0.212138
0.212553
0.21297
0.213389
0.213809
0.214231
0.214655
0.21508
0.215507
0.215936
0.216366
0.216798
0.217231
0.217666
0.218103
0.218542
0.218982
0.218051
0.217131
0.216223
0.215325
0.214437
0.21356
0.212694
0.211838
0.210991
0.210155
0.209328
0.208511
0.207703
0.206904
0.206114
0.205334
0.204562
0.203799
0.203044
0.202298
0.20156
0.20083
0.200109
0.199395
0.198689
0.197991
0.1973
0.196616
0.19594
0.195272
0.19461
0.193955
0.193307
0.192666
0.192032
0.191404
0.190783
0.190168
0.189559
0.188957
0.188361
0.18777
0.187186
0.186607
0.186034
0.185467
0.184906
0.184349
0.183799
0.183253
0.182713
0.182178
0.181648
0.181124
0.180604
0.180089
0.179579
0.179073
0.178572
0.178076
0.177584
0.177097
0.176615
0.176136
0.175662
0.175192
0.174726
0.174265
0.173807
0.173353
0.172904
0.172458
0.172016
0.171577
0.171143
0.170712
0.170285
0.169861
0.169441
0.169024
0.16861
0.1682
0.167794
0.16739
0.16699
0.166593
0.166199
0.165809
0.165421
0.165036
0.164655
0.164276
0.1639
0.163527
0.163157
0.162789
0.162425
0.162063
0.161704
0.161347
0.160993
0.160642
0.160293
0.159946
0.159602
0.159261
0.158922
0.158585
0.158251
0.157919
0.157589
0.157262
0.156937
0.156614
0.156293
0.155974
0.155658
0.155343
0.155031
0.154721
0.154412
0.154106
0.153802
0.1535
0.153199
0.152901
0.152604
0.152309
0.152016
0.151725
0.151436
0.151149
0.150863
0.150579
0.150297
0.150016
0.149737
0.14946
0.149184
0.148911
0.148638
0.148367
0.148098
0.147831
0.147565
0.1473
0.147037
0.146775
0.146515
0.146257
0.146
0.145744
0.145489
0.145237
0.144985
0.144735
0.144486
0.144239
0.143992
0.143748
0.143504
0.143262
0.143021
0.142781
0.142543
0.142306
0.14207
0.141835
0.141601
0.141369
0.141138
0.140908
0.140679
0.140451
0.140225
0.14
0.139775
0.139552
0.13933
0.139109
0.138889
0.13867
0.138453
0.138236
0.13802
0.137806
0.137592
0.13738
0.137168
0.136958
0.136748
0.13654
0.136332
0.136126
0.13592
0.135715
0.135512
0.135309
0.135107
0.134906
0.134706
0.134507
0.134309
0.134112
0.133916
0.13372
0.133526
0.133332
0.133139
0.132947
0.132756
0.132566
0.132376
0.132188
0.132
0.131813
0.131627
0.131442
0.131258
0.131074
0.130891
0.130709
0.130528
0.130348
0.130168
0.129989
0.129811
0.129634
0.129458
0.129282
0.129107
0.128933
0.128759
0.128586
0.128414
0.128243
0.128073
0.127903
0.127734
0.127566
0.127398
0.127231
0.127065
0.1269
0.126735
0.126571
0.126408
0.126245
0.126083
0.125922
0.125762
0.125602
0.125443
0.125284
0.125127
0.124969
0.124813
0.124657
0.124502
0.124348
0.124194
0.124041
0.123889
0.123737
0.123586
0.123435
0.123286
0.123137
0.122988
0.12284
0.122693
0.122547
0.122401
0.122255
0.122111
0.121967
0.121823
0.121681
0.121539
0.121397
0.121256
0.121116
0.120977
0.120838
0.120699
0.120562
0.120425
0.120288
0.120152
0.120017
0.119882
0.119748
0.119615
0.119482
0.11935
0.119219
0.119088
0.118957
0.118828
0.118699
0.11857
0.118442
0.118315
0.118188
0.118062
0.117937
0.117812
0.117688
0.117564
0.117441
0.117318
0.117197
0.117075
0.116955
0.116835
0.116715
0.116596
0.116478
0.116361
0.116244
0.116127
0.116011
0.115896
0.115781
0.115667
0.115554
0.115441
0.115329
0.115217
0.115106
0.114996
0.114886
0.114777
0.114668
0.11456
0.114453
0.114346
0.11424
0.114134
0.114029
0.113925
0.113821
0.113718
0.113615
0.113513
0.113412
0.113311
0.113211
0.113111
0.113012
0.112914
0.112816
0.112719
0.112623
0.112527
0.112431
0.112337
0.112243
0.112149
0.112057
0.111964
0.111873
0.111782
0.111692
0.111602
0.111513
0.111424
0.111337
0.111249
0.111163
0.111077
0.110991
0.110907
0.110823
0.110739
0.110657
0.110574
0.110493
0.110412
0.110332
0.110252
0.110173
0.110095
0.110017
0.10994
0.109864
0.109788
0.109713
0.109639
0.109565
0.109492
0.109419
0.109347
0.109276
0.109206
0.109136
0.109067
0.108998
0.108931
0.108863
0.108797
0.108731
0.108666
0.108601
0.108538
0.108474
0.108412
0.10835
0.108289
0.108229
0.108169
0.10811
0.108051
0.107994
0.107937
0.10788
0.107825
0.10777
0.107716
0.107662
0.107609
0.107557
0.107506
0.107455
0.107405
0.107356
0.107307
0.107259
0.107212
0.107165
0.10712
0.107075
0.10703
0.106987
0.106944
0.106902
0.10686
0.106819
0.106779
0.10674
0.106702
0.106664
0.106627
0.10659
0.106555
0.10652
0.106486
0.106452
0.10642
0.106388
0.106357
0.106326
0.106296
0.106267
0.106239
0.106212
0.106185
0.106159
0.106134
0.10611
0.106086
0.106063
0.106041
0.106019
0.105999
0.105979
0.10596
0.105941
0.105924
0.105907
0.105891
0.105875
0.105861
0.105847
0.105834
0.105822
0.10581
0.1058
0.10579
0.10578
0.105772
0.105764
0.105758
0.105751
0.105746
0.105742
0.105738
0.105735
0.105733
0.105731
0.105731
0.105731
0.105732
0.105733
0.105736
0.105739
0.105743
0.105748
0.105754
0.10576
0.105767
0.105775
0.105784
0.105793
0.105804
0.105815
0.105826
0.105839
0.105852
0.105867
0.105882
0.105897
0.105914
0.105931
0.105949
0.105968
0.105987
0.106008
0.106029
0.106051
0.106074
0.106097
0.106121
0.106146
0.106172
0.106199
0.106226
0.106254
0.106283
0.106313
0.106343
0.106374
0.106406
0.106439
0.106472
0.106506
0.106541
0.106577
0.106613
0.106651
0.106689
0.106727
0.106767
0.106807
0.106848
0.10689
0.106932
0.106975
0.107019
0.107064
0.107109
0.107155
0.107202
0.10725
0.107298
0.107347
0.107397
0.107447
0.107499
0.107551
0.107603
0.107657
0.107711
0.107766
0.107821
0.107877
0.107934
0.107992
0.10805
0.108109
0.108169
0.108229
0.10829
0.108352
0.108415
0.108478
0.108542
0.108606
0.108671
0.108737
0.108804
0.108871
0.108939
0.109008
0.109077
0.109147
0.109217
0.109289
0.10936
0.109433
0.109506
0.10958
0.109654
0.10973
0.109805
0.109882
0.109959
0.110036
0.110115
0.110193
0.110273
0.110353
0.110434
0.110515
0.110597
0.11068
0.110763
0.110847
0.110931
0.111016
0.111102
0.111188
0.111275
0.111362
0.11145
0.111539
0.111628
0.111718
0.111808
0.111899
0.11199
0.112082
0.112175
0.112268
0.112362
0.112456
0.112551
0.112646
0.112742
0.112838
0.112935
0.113033
0.113131
0.11323
0.113329
0.113429
0.113529
0.11363
0.113731
0.113833
0.113935
0.114038
0.114141
0.114245
0.11435
0.114455
0.11456
0.114666
0.114772
0.114879
0.114987
0.115095
0.115203
0.115312
0.115422
0.115531
0.115642
0.115753
0.115864
0.115976
0.116088
0.116201
0.116314
0.116428
0.116542
0.116657
0.116772
0.116888
0.117004
0.117121
0.117238
0.117355
0.117473
0.117591
0.11771
0.11783
0.117949
0.11807
0.11819
0.118311
0.118433
0.118555
0.118677
0.1188
0.118923
0.119047
0.119171
0.119296
0.119421
0.119547
0.119673
0.119799
0.119926
0.120053
0.120181
0.120309
0.120437
0.120566
0.120695
0.120825
0.120955
0.121086
0.121217
0.121348
0.12148
0.121613
0.121745
0.121878
0.122012
0.122146
0.12228
0.122415
0.12255
0.122686
0.122822
0.122958
0.123095
0.123232
0.12337
0.123508
0.123646
0.123785
0.123924
0.124064
0.124204
0.124345
0.124486
0.124627
0.124769
0.124911
0.125053
0.125196
0.125339
0.125483
0.125627
0.125772
0.125917
0.126062
0.126208
0.126354
0.1265
0.126647
0.126795
0.126942
0.127091
0.127239
0.127388
0.127537
0.127687
0.127837
0.127988
0.128139
0.12829
0.128442
0.128594
0.128747
0.1289
0.129053
0.129207
0.129361
0.129516
0.129671
0.129827
0.129982
0.130139
0.130295
0.130452
0.13061
0.130768
0.130926
0.131085
0.131244
0.131404
0.131564
0.131724
0.131885
0.132046
0.132208
0.13237
0.132532
0.132695
0.132859
0.133022
0.133187
0.133351
0.133516
0.133682
0.133848
0.134014
0.134181
0.134348
0.134516
0.134684
0.134852
0.135021
0.13519
0.13536
0.13553
0.135701
0.135872
0.136044
0.136216
0.136388
0.136561
0.136734
0.136908
0.137082
0.137257
0.137432
0.137608
0.137784
0.13796
0.138137
0.138315
0.138493
0.138671
0.13885
0.139029
0.139209
0.139389
0.139569
0.139751
0.139932
0.140114
0.140297
0.14048
0.140663
0.140847
0.141032
0.141217
0.141402
0.141588
0.141775
0.141961
0.142149
0.142337
0.142525
0.142714
0.142903
0.143093
0.143284
0.143474
0.143666
0.143858
0.14405
0.144243
0.144436
0.14463
0.144825
0.14502
0.145215
0.145411
0.145608
0.145805
0.146003
0.146201
0.146399
0.146599
0.146798
0.146999
0.147199
0.147401
0.147603
0.147805
0.148008
0.148212
0.148416
0.148621
0.148826
0.149032
0.149238
0.149445
0.149652
0.14986
0.150069
0.150278
0.150488
0.150698
0.150909
0.151121
0.151333
0.151546
0.151759
0.151973
0.152187
0.152402
0.152618
0.152834
0.153051
0.153269
0.153487
0.153705
0.153925
0.154145
0.154365
0.154586
0.154808
0.155031
0.155254
0.155478
0.155702
0.155927
0.156153
0.156379
0.156606
0.156833
0.157062
0.15729
0.15752
0.15775
0.157981
0.158213
0.158445
0.158678
0.158911
0.159145
0.15938
0.159616
0.159852
0.160089
0.160327
0.160565
0.160804
0.161044
0.161285
0.161526
0.161768
0.16201
0.162254
0.162498
0.162743
0.162988
0.163234
0.163481
0.163729
0.163978
0.164227
0.164477
0.164728
0.164979
0.165231
0.165484
0.165738
0.165993
0.166248
0.166504
0.166761
0.167018
0.167277
0.167536
0.167796
0.168057
0.168318
0.168581
0.168844
0.169108
0.169373
0.169639
0.169905
0.170172
0.170441
0.17071
0.170979
0.17125
0.171522
0.171794
0.172067
0.172341
0.172616
0.172892
0.173169
0.173446
0.173725
0.174004
0.174284
0.174565
0.174847
0.17513
0.175414
0.175699
0.175984
0.176271
0.176558
0.176846
0.177136
0.177426
0.177717
0.178009
0.178302
0.178596
0.178891
0.179187
0.179484
0.179782
0.180081
0.180381
0.180682
0.180983
0.181286
0.18159
0.181895
0.182201
0.182507
0.182815
0.183124
0.183434
0.183745
0.184057
0.18437
0.184684
0.184999
0.185315
0.185633
0.185951
0.18627
0.186591
0.186912
0.187235
0.187559
0.187884
0.18821
0.188537
0.188865
0.189194
0.189525
0.189856
0.190189
0.190523
0.190858
0.191194
0.191531
0.19187
0.19221
0.192551
0.192893
0.193236
0.19358
0.193926
0.194273
0.194621
0.194971
0.195321
0.195673
0.196026
0.19638
0.196736
0.197093
0.197451
0.19781
0.198171
0.198533
0.198896
0.199261
0.199627
0.199994
0.200363
0.200733
0.201104
0.201476
0.20185
0.202226
0.202602
0.202981
0.20336
0.203741
0.204123
0.204507
0.204892
0.205278
0.205666
0.206056
0.206446
0.206839
0.207232
0.207628
0.208024
0.208422
0.208822
0.209223
0.209626
0.21003
0.210436
0.210843
0.211252
0.211662
0.212074
0.212488
0.212903
0.213319
0.213738
0.214158
0.214579
0.215002
0.215427
0.215853
0.216281
0.216711
0.217142
0.217575
0.21801
0.218447
0.218885
0.217961
0.217047
0.216145
0.215254
0.214373
0.213503
0.212643
0.211793
0.210953
0.210123
0.209303
0.208492
0.20769
0.206898
0.206115
0.20534
0.204575
0.203818
0.20307
0.20233
0.201599
0.200875
0.20016
0.199453
0.198753
0.198061
0.197377
0.1967
0.19603
0.195368
0.194712
0.194064
0.193422
0.192788
0.19216
0.191538
0.190923
0.190315
0.189713
0.189117
0.188527
0.187943
0.187365
0.186792
0.186226
0.185665
0.18511
0.184561
0.184016
0.183477
0.182944
0.182415
0.181892
0.181374
0.18086
0.180352
0.179848
0.17935
0.178855
0.178366
0.177881
0.1774
0.176924
0.176453
0.175985
0.175522
0.175063
0.174608
0.174157
0.173711
0.173268
0.172829
0.172394
0.171963
0.171535
0.171111
0.170691
0.170274
0.169861
0.169452
0.169045
0.168643
0.168243
0.167847
0.167454
0.167065
0.166678
0.166295
0.165915
0.165538
0.165163
0.164792
0.164424
0.164059
0.163696
0.163337
0.16298
0.162626
0.162274
0.161926
0.16158
0.161236
0.160896
0.160557
0.160222
0.159888
0.159558
0.159229
0.158903
0.15858
0.158259
0.15794
0.157623
0.157309
0.156997
0.156687
0.156379
0.156074
0.15577
0.155469
0.15517
0.154873
0.154578
0.154285
0.153994
0.153704
0.153417
0.153132
0.152849
0.152567
0.152288
0.15201
0.151734
0.15146
0.151188
0.150918
0.150649
0.150382
0.150117
0.149853
0.149591
0.149331
0.149072
0.148815
0.14856
0.148306
0.148054
0.147804
0.147555
0.147307
0.147062
0.146817
0.146574
0.146333
0.146093
0.145855
0.145618
0.145382
0.145148
0.144915
0.144684
0.144454
0.144225
0.143998
0.143772
0.143548
0.143325
0.143103
0.142882
0.142663
0.142445
0.142228
0.142013
0.141799
0.141586
0.141374
0.141164
0.140955
0.140747
0.14054
0.140335
0.14013
0.139927
0.139725
0.139524
0.139325
0.139126
0.138929
0.138733
0.138537
0.138343
0.138151
0.137959
0.137768
0.137579
0.13739
0.137203
0.137017
0.136831
0.136647
0.136464
0.136282
0.136101
0.135921
0.135742
0.135565
0.135388
0.135212
0.135037
0.134863
0.134691
0.134519
0.134348
0.134179
0.13401
0.133842
0.133675
0.13351
0.133345
0.133181
0.133018
0.132856
0.132695
0.132535
0.132376
0.132218
0.132061
0.131905
0.13175
0.131596
0.131442
0.13129
0.131139
0.130988
0.130838
0.13069
0.130542
0.130395
0.130249
0.130104
0.12996
0.129817
0.129675
0.129534
0.129393
0.129254
0.129115
0.128978
0.128841
0.128705
0.12857
0.128436
0.128303
0.12817
0.128039
0.127908
0.127779
0.12765
0.127522
0.127395
0.127269
0.127144
0.12702
0.126896
0.126774
0.126652
0.126531
0.126412
0.126293
0.126174
0.126057
0.125941
0.125825
0.125711
0.125597
0.125484
0.125372
0.125261
0.125151
0.125042
0.124933
0.124826
0.124719
0.124613
0.124508
0.124404
0.124301
0.124199
0.124097
0.123997
0.123897
0.123798
0.123701
0.123604
0.123507
0.123412
0.123318
0.123224
0.123132
0.12304
0.122949
0.122859
0.12277
0.122682
0.122595
0.122508
0.122423
0.122338
0.122255
0.122172
0.12209
0.122009
0.121929
0.121849
0.121771
0.121693
0.121617
0.121541
0.121466
0.121392
0.121319
0.121247
0.121176
0.121106
0.121036
0.120968
0.1209
0.120834
0.120768
0.120703
0.120639
0.120576
0.120514
0.120453
0.120392
0.120333
0.120274
0.120217
0.12016
0.120104
0.12005
0.119996
0.119943
0.119891
0.119839
0.119789
0.11974
0.119692
0.119644
0.119598
0.119552
0.119507
0.119464
0.119421
0.119379
0.119338
0.119298
0.119259
0.119221
0.119183
0.119147
0.119112
0.119077
0.119044
0.119011
0.11898
0.118949
0.118919
0.11889
0.118863
0.118836
0.11881
0.118785
0.118761
0.118737
0.118715
0.118694
0.118674
0.118654
0.118636
0.118618
0.118602
0.118586
0.118572
0.118558
0.118545
0.118533
0.118522
0.118513
0.118504
0.118496
0.118489
0.118482
0.118477
0.118473
0.11847
0.118467
0.118466
0.118466
0.118466
0.118468
0.11847
0.118473
0.118478
0.118483
0.118489
0.118496
0.118504
0.118513
0.118523
0.118534
0.118546
0.118559
0.118572
0.118587
0.118603
0.118619
0.118637
0.118655
0.118674
0.118695
0.118716
0.118738
0.118761
0.118785
0.11881
0.118836
0.118862
0.11889
0.118919
0.118948
0.118979
0.11901
0.119042
0.119076
0.11911
0.119145
0.119181
0.119218
0.119255
0.119294
0.119334
0.119374
0.119415
0.119458
0.119501
0.119545
0.11959
0.119636
0.119683
0.11973
0.119779
0.119828
0.119878
0.11993
0.119982
0.120035
0.120088
0.120143
0.120199
0.120255
0.120312
0.120371
0.12043
0.120489
0.12055
0.120612
0.120674
0.120737
0.120802
0.120867
0.120932
0.120999
0.121067
0.121135
0.121204
0.121274
0.121345
0.121417
0.121489
0.121562
0.121636
0.121711
0.121787
0.121864
0.121941
0.122019
0.122098
0.122178
0.122258
0.12234
0.122422
0.122505
0.122588
0.122673
0.122758
0.122844
0.122931
0.123019
0.123107
0.123196
0.123286
0.123377
0.123468
0.12356
0.123653
0.123747
0.123841
0.123936
0.124032
0.124129
0.124226
0.124324
0.124423
0.124523
0.124623
0.124724
0.124826
0.124928
0.125031
0.125135
0.12524
0.125345
0.125451
0.125558
0.125665
0.125773
0.125882
0.125992
0.126102
0.126213
0.126324
0.126436
0.126549
0.126663
0.126777
0.126892
0.127008
0.127124
0.127241
0.127359
0.127477
0.127596
0.127715
0.127836
0.127956
0.128078
0.1282
0.128323
0.128446
0.12857
0.128695
0.128821
0.128947
0.129073
0.129201
0.129328
0.129457
0.129586
0.129716
0.129846
0.129977
0.130109
0.130241
0.130374
0.130507
0.130642
0.130776
0.130912
0.131047
0.131184
0.131321
0.131459
0.131597
0.131736
0.131876
0.132016
0.132156
0.132298
0.132439
0.132582
0.132725
0.132869
0.133013
0.133158
0.133303
0.133449
0.133596
0.133743
0.13389
0.134039
0.134188
0.134337
0.134487
0.134638
0.134789
0.134941
0.135093
0.135246
0.135399
0.135553
0.135708
0.135863
0.136019
0.136175
0.136332
0.136489
0.136647
0.136806
0.136965
0.137125
0.137285
0.137446
0.137607
0.137769
0.137932
0.138095
0.138258
0.138423
0.138587
0.138753
0.138918
0.139085
0.139252
0.139419
0.139588
0.139756
0.139926
0.140095
0.140266
0.140437
0.140608
0.14078
0.140953
0.141126
0.1413
0.141474
0.141649
0.141824
0.142
0.142177
0.142354
0.142532
0.14271
0.142889
0.143068
0.143248
0.143429
0.14361
0.143791
0.143974
0.144156
0.14434
0.144524
0.144708
0.144894
0.145079
0.145265
0.145452
0.14564
0.145828
0.146016
0.146205
0.146395
0.146586
0.146776
0.146968
0.14716
0.147353
0.147546
0.14774
0.147934
0.148129
0.148325
0.148521
0.148718
0.148916
0.149114
0.149312
0.149511
0.149711
0.149912
0.150113
0.150315
0.150517
0.15072
0.150923
0.151127
0.151332
0.151537
0.151743
0.15195
0.152157
0.152365
0.152574
0.152783
0.152993
0.153203
0.153414
0.153626
0.153838
0.154051
0.154264
0.154479
0.154694
0.154909
0.155125
0.155342
0.15556
0.155778
0.155997
0.156216
0.156436
0.156657
0.156878
0.157101
0.157323
0.157547
0.157771
0.157996
0.158222
0.158448
0.158675
0.158902
0.159131
0.15936
0.159589
0.15982
0.160051
0.160283
0.160515
0.160748
0.160982
0.161217
0.161452
0.161689
0.161925
0.162163
0.162401
0.16264
0.16288
0.163121
0.163362
0.163604
0.163847
0.16409
0.164334
0.164579
0.164825
0.165072
0.165319
0.165567
0.165816
0.166066
0.166316
0.166567
0.166819
0.167072
0.167325
0.16758
0.167835
0.168091
0.168348
0.168605
0.168864
0.169123
0.169383
0.169644
0.169905
0.170168
0.170431
0.170696
0.170961
0.171226
0.171493
0.171761
0.172029
0.172298
0.172569
0.17284
0.173111
0.173384
0.173658
0.173932
0.174208
0.174484
0.174761
0.175039
0.175318
0.175598
0.175879
0.176161
0.176444
0.176727
0.177012
0.177297
0.177584
0.177871
0.178159
0.178448
0.178739
0.17903
0.179322
0.179615
0.179909
0.180204
0.1805
0.180797
0.181095
0.181394
0.181694
0.181995
0.182297
0.1826
0.182904
0.183209
0.183515
0.183822
0.18413
0.18444
0.18475
0.185061
0.185374
0.185687
0.186002
0.186317
0.186634
0.186952
0.18727
0.18759
0.187911
0.188234
0.188557
0.188881
0.189207
0.189533
0.189861
0.19019
0.19052
0.190851
0.191184
0.191517
0.191852
0.192188
0.192525
0.192863
0.193202
0.193543
0.193885
0.194228
0.194572
0.194918
0.195264
0.195612
0.195962
0.196312
0.196664
0.197017
0.197371
0.197727
0.198083
0.198441
0.198801
0.199162
0.199524
0.199887
0.200251
0.200617
0.200985
0.201353
0.201723
0.202095
0.202467
0.202842
0.203217
0.203594
0.203972
0.204352
0.204733
0.205115
0.205499
0.205885
0.206271
0.20666
0.207049
0.207441
0.207833
0.208227
0.208623
0.20902
0.209419
0.209819
0.21022
0.210623
0.211028
0.211434
0.211842
0.212251
0.212662
0.213075
0.213489
0.213905
0.214322
0.214741
0.215161
0.215584
0.216007
0.216433
0.21686
0.217289
0.217719
0.218152
0.218585
0.217678
0.216781
0.215894
0.215019
0.214154
0.2133
0.212455
0.211621
0.210796
0.209981
0.209176
0.20838
0.207594
0.206817
0.206048
0.205289
0.204538
0.203796
0.203062
0.202336
0.201619
0.20091
0.200209
0.199515
0.19883
0.198152
0.197481
0.196818
0.196162
0.195513
0.194871
0.194236
0.193608
0.192987
0.192373
0.191765
0.191163
0.190568
0.189979
0.189396
0.188819
0.188248
0.187683
0.187124
0.186571
0.186023
0.185481
0.184944
0.184413
0.183887
0.183366
0.18285
0.18234
0.181834
0.181334
0.180838
0.180348
0.179861
0.17938
0.178903
0.178431
0.177964
0.1775
0.177041
0.176587
0.176136
0.17569
0.175248
0.17481
0.174376
0.173947
0.17352
0.173098
0.17268
0.172265
0.171855
0.171447
0.171044
0.170644
0.170247
0.169854
0.169465
0.169078
0.168695
0.168316
0.16794
0.167566
0.167197
0.16683
0.166466
0.166106
0.165748
0.165393
0.165042
0.164693
0.164347
0.164004
0.163664
0.163327
0.162992
0.16266
0.162331
0.162004
0.16168
0.161359
0.16104
0.160723
0.16041
0.160098
0.159789
0.159483
0.159179
0.158877
0.158578
0.158281
0.157986
0.157693
0.157403
0.157115
0.156829
0.156546
0.156264
0.155985
0.155707
0.155432
0.155159
0.154888
0.154619
0.154352
0.154087
0.153824
0.153563
0.153304
0.153046
0.152791
0.152537
0.152286
0.152036
0.151788
0.151542
0.151298
0.151055
0.150814
0.150575
0.150338
0.150102
0.149868
0.149636
0.149406
0.149177
0.14895
0.148724
0.1485
0.148278
0.148057
0.147838
0.147621
0.147405
0.147191
0.146978
0.146767
0.146557
0.146349
0.146142
0.145937
0.145733
0.145531
0.14533
0.145131
0.144933
0.144736
0.144541
0.144348
0.144156
0.143965
0.143776
0.143588
0.143401
0.143216
0.143032
0.14285
0.142669
0.142489
0.142311
0.142134
0.141958
0.141784
0.141611
0.141439
0.141268
0.141099
0.140931
0.140765
0.1406
0.140436
0.140273
0.140112
0.139951
0.139792
0.139635
0.139478
0.139323
0.139169
0.139017
0.138865
0.138715
0.138566
0.138418
0.138272
0.138127
0.137982
0.13784
0.137698
0.137557
0.137418
0.13728
0.137143
0.137008
0.136873
0.13674
0.136608
0.136477
0.136347
0.136218
0.136091
0.135965
0.13584
0.135716
0.135593
0.135471
0.135351
0.135232
0.135114
0.134997
0.134881
0.134766
0.134653
0.13454
0.134429
0.134319
0.13421
0.134103
0.133996
0.133891
0.133786
0.133683
0.133581
0.13348
0.133381
0.133282
0.133184
0.133088
0.132993
0.132899
0.132806
0.132714
0.132624
0.132534
0.132446
0.132358
0.132272
0.132187
0.132103
0.132021
0.131939
0.131858
0.131779
0.131701
0.131624
0.131548
0.131473
0.131399
0.131327
0.131255
0.131185
0.131116
0.131048
0.130981
0.130915
0.13085
0.130786
0.130724
0.130663
0.130602
0.130543
0.130485
0.130428
0.130373
0.130318
0.130265
0.130212
0.130161
0.130111
0.130062
0.130014
0.129967
0.129922
0.129877
0.129834
0.129792
0.129751
0.129711
0.129672
0.129634
0.129597
0.129562
0.129527
0.129494
0.129462
0.129431
0.129401
0.129372
0.129344
0.129318
0.129293
0.129268
0.129245
0.129223
0.129202
0.129182
0.129163
0.129146
0.129129
0.129114
0.1291
0.129086
0.129074
0.129063
0.129054
0.129045
0.129037
0.129031
0.129025
0.129021
0.129018
0.129016
0.129015
0.129015
0.129016
0.129019
0.129022
0.129027
0.129032
0.129039
0.129047
0.129056
0.129066
0.129077
0.129089
0.129102
0.129117
0.129132
0.129149
0.129167
0.129185
0.129205
0.129226
0.129248
0.129271
0.129295
0.129321
0.129347
0.129374
0.129403
0.129432
0.129463
0.129494
0.129527
0.129561
0.129596
0.129631
0.129668
0.129706
0.129745
0.129786
0.129827
0.129869
0.129912
0.129956
0.130002
0.130048
0.130095
0.130144
0.130193
0.130244
0.130295
0.130348
0.130401
0.130456
0.130511
0.130568
0.130625
0.130684
0.130744
0.130804
0.130866
0.130929
0.130992
0.131057
0.131122
0.131189
0.131257
0.131325
0.131395
0.131465
0.131537
0.131609
0.131682
0.131757
0.131832
0.131909
0.131986
0.132064
0.132143
0.132223
0.132305
0.132387
0.13247
0.132553
0.132638
0.132724
0.132811
0.132899
0.132987
0.133077
0.133167
0.133258
0.133351
0.133444
0.133538
0.133633
0.133729
0.133825
0.133923
0.134022
0.134121
0.134222
0.134323
0.134425
0.134528
0.134632
0.134736
0.134842
0.134949
0.135056
0.135164
0.135273
0.135383
0.135494
0.135606
0.135718
0.135831
0.135946
0.136061
0.136177
0.136293
0.136411
0.136529
0.136648
0.136768
0.136889
0.137011
0.137133
0.137257
0.137381
0.137506
0.137632
0.137758
0.137885
0.138014
0.138143
0.138272
0.138403
0.138534
0.138666
0.138799
0.138933
0.139067
0.139203
0.139339
0.139476
0.139613
0.139752
0.139891
0.140031
0.140171
0.140313
0.140455
0.140598
0.140742
0.140886
0.141031
0.141177
0.141324
0.141472
0.14162
0.141769
0.141919
0.142069
0.14222
0.142372
0.142525
0.142679
0.142833
0.142988
0.143143
0.1433
0.143457
0.143615
0.143773
0.143933
0.144093
0.144254
0.144415
0.144577
0.14474
0.144904
0.145068
0.145233
0.145399
0.145566
0.145733
0.145901
0.14607
0.146239
0.146409
0.14658
0.146752
0.146924
0.147097
0.147271
0.147445
0.14762
0.147796
0.147973
0.14815
0.148328
0.148506
0.148686
0.148866
0.149047
0.149228
0.149411
0.149593
0.149777
0.149961
0.150146
0.150332
0.150519
0.150706
0.150894
0.151082
0.151272
0.151462
0.151652
0.151844
0.152036
0.152229
0.152423
0.152617
0.152812
0.153008
0.153204
0.153401
0.153599
0.153798
0.153997
0.154197
0.154398
0.154599
0.154801
0.155004
0.155208
0.155412
0.155617
0.155823
0.15603
0.156237
0.156445
0.156653
0.156863
0.157073
0.157284
0.157496
0.157708
0.157921
0.158135
0.15835
0.158565
0.158781
0.158998
0.159215
0.159434
0.159653
0.159873
0.160093
0.160315
0.160537
0.16076
0.160983
0.161208
0.161433
0.161659
0.161885
0.162113
0.162341
0.16257
0.1628
0.16303
0.163262
0.163494
0.163726
0.16396
0.164195
0.16443
0.164666
0.164903
0.16514
0.165379
0.165618
0.165858
0.166099
0.166341
0.166583
0.166827
0.167071
0.167316
0.167561
0.167808
0.168055
0.168304
0.168553
0.168803
0.169054
0.169305
0.169558
0.169811
0.170065
0.17032
0.170576
0.170833
0.17109
0.171349
0.171608
0.171868
0.17213
0.172392
0.172654
0.172918
0.173183
0.173448
0.173715
0.173982
0.17425
0.17452
0.17479
0.175061
0.175332
0.175605
0.175879
0.176154
0.176429
0.176706
0.176983
0.177262
0.177541
0.177822
0.178103
0.178385
0.178668
0.178953
0.179238
0.179524
0.179811
0.180099
0.180388
0.180678
0.18097
0.181262
0.181555
0.181849
0.182144
0.18244
0.182737
0.183036
0.183335
0.183635
0.183937
0.184239
0.184542
0.184847
0.185153
0.185459
0.185767
0.186076
0.186386
0.186696
0.187009
0.187322
0.187636
0.187951
0.188268
0.188585
0.188904
0.189224
0.189545
0.189867
0.19019
0.190515
0.19084
0.191167
0.191495
0.191824
0.192154
0.192486
0.192818
0.193152
0.193487
0.193823
0.194161
0.194499
0.194839
0.19518
0.195523
0.195866
0.196211
0.196557
0.196905
0.197253
0.197603
0.197954
0.198307
0.19866
0.199016
0.199372
0.19973
0.200089
0.200449
0.200811
0.201174
0.201538
0.201904
0.202271
0.202639
0.203009
0.20338
0.203753
0.204127
0.204502
0.204879
0.205257
0.205637
0.206018
0.2064
0.206784
0.20717
0.207557
0.207945
0.208335
0.208726
0.209119
0.209513
0.209909
0.210306
0.210705
0.211106
0.211508
0.211911
0.212316
0.212723
0.213131
0.213541
0.213953
0.214366
0.21478
0.215197
0.215614
0.216034
0.216455
0.216878
0.217303
0.217729
0.218157
0.217272
0.216398
0.215534
0.214681
0.213839
0.213006
0.212184
0.211371
0.210568
0.209775
0.208991
0.208216
0.207451
0.206694
0.205946
0.205207
0.204477
0.203755
0.203041
0.202336
0.201639
0.200949
0.200268
0.199594
0.198927
0.198269
0.197617
0.196973
0.196336
0.195706
0.195083
0.194467
0.193858
0.193255
0.192659
0.192069
0.191486
0.190909
0.190338
0.189774
0.189215
0.188662
0.188115
0.187574
0.187038
0.186508
0.185984
0.185465
0.184951
0.184443
0.18394
0.183442
0.182949
0.182461
0.181978
0.1815
0.181026
0.180558
0.180094
0.179635
0.17918
0.178729
0.178284
0.177842
0.177405
0.176972
0.176543
0.176118
0.175698
0.175281
0.174869
0.17446
0.174055
0.173654
0.173257
0.172864
0.172474
0.172088
0.171706
0.171327
0.170951
0.170579
0.170211
0.169846
0.169484
0.169125
0.16877
0.168418
0.168069
0.167723
0.167381
0.167041
0.166705
0.166371
0.166041
0.165713
0.165389
0.165067
0.164748
0.164432
0.164118
0.163808
0.1635
0.163195
0.162892
0.162592
0.162295
0.162
0.161708
0.161418
0.161131
0.160847
0.160564
0.160285
0.160007
0.159732
0.15946
0.159189
0.158921
0.158656
0.158392
0.158131
0.157872
0.157615
0.157361
0.157109
0.156858
0.15661
0.156364
0.15612
0.155879
0.155639
0.155401
0.155166
0.154932
0.1547
0.154471
0.154243
0.154017
0.153794
0.153572
0.153352
0.153134
0.152918
0.152703
0.152491
0.15228
0.152071
0.151865
0.151659
0.151456
0.151254
0.151055
0.150857
0.15066
0.150466
0.150273
0.150082
0.149892
0.149705
0.149519
0.149334
0.149152
0.148971
0.148791
0.148614
0.148438
0.148263
0.14809
0.147919
0.147749
0.147581
0.147415
0.14725
0.147087
0.146925
0.146765
0.146606
0.146449
0.146294
0.14614
0.145987
0.145836
0.145687
0.145539
0.145392
0.145248
0.145104
0.144962
0.144822
0.144683
0.144545
0.144409
0.144275
0.144142
0.14401
0.14388
0.143751
0.143624
0.143498
0.143373
0.14325
0.143129
0.143009
0.14289
0.142772
0.142657
0.142542
0.142429
0.142317
0.142207
0.142098
0.14199
0.141884
0.14178
0.141676
0.141574
0.141474
0.141374
0.141277
0.14118
0.141085
0.140991
0.140899
0.140808
0.140718
0.14063
0.140543
0.140458
0.140373
0.140291
0.140209
0.140129
0.14005
0.139973
0.139896
0.139822
0.139748
0.139676
0.139605
0.139536
0.139468
0.139401
0.139335
0.139271
0.139208
0.139147
0.139087
0.139028
0.13897
0.138914
0.138859
0.138805
0.138753
0.138702
0.138653
0.138604
0.138557
0.138511
0.138467
0.138424
0.138382
0.138341
0.138302
0.138264
0.138228
0.138192
0.138158
0.138125
0.138094
0.138064
0.138035
0.138007
0.137981
0.137956
0.137932
0.13791
0.137888
0.137869
0.13785
0.137832
0.137816
0.137802
0.137788
0.137776
0.137765
0.137755
0.137746
0.137739
0.137733
0.137728
0.137725
0.137723
0.137722
0.137722
0.137724
0.137727
0.137731
0.137736
0.137742
0.13775
0.137759
0.137769
0.137781
0.137794
0.137808
0.137823
0.137839
0.137857
0.137876
0.137896
0.137917
0.13794
0.137963
0.137988
0.138014
0.138042
0.13807
0.1381
0.138131
0.138163
0.138197
0.138231
0.138267
0.138304
0.138342
0.138381
0.138422
0.138464
0.138506
0.13855
0.138596
0.138642
0.13869
0.138738
0.138788
0.138839
0.138891
0.138945
0.138999
0.139055
0.139112
0.13917
0.139229
0.139289
0.13935
0.139413
0.139476
0.139541
0.139607
0.139674
0.139742
0.139811
0.139882
0.139953
0.140026
0.140099
0.140174
0.14025
0.140327
0.140405
0.140484
0.140564
0.140645
0.140728
0.140811
0.140896
0.140981
0.141068
0.141156
0.141244
0.141334
0.141425
0.141517
0.14161
0.141704
0.141799
0.141895
0.141993
0.142091
0.14219
0.14229
0.142392
0.142494
0.142597
0.142702
0.142807
0.142913
0.143021
0.143129
0.143239
0.143349
0.14346
0.143573
0.143686
0.143801
0.143916
0.144032
0.14415
0.144268
0.144387
0.144507
0.144629
0.144751
0.144874
0.144998
0.145123
0.145249
0.145376
0.145504
0.145633
0.145763
0.145893
0.146025
0.146158
0.146291
0.146426
0.146561
0.146698
0.146835
0.146973
0.147112
0.147252
0.147393
0.147535
0.147678
0.147822
0.147966
0.148112
0.148258
0.148405
0.148554
0.148703
0.148853
0.149004
0.149155
0.149308
0.149462
0.149616
0.149771
0.149928
0.150085
0.150243
0.150402
0.150561
0.150722
0.150883
0.151046
0.151209
0.151373
0.151538
0.151704
0.15187
0.152038
0.152206
0.152376
0.152546
0.152717
0.152889
0.153061
0.153235
0.153409
0.153584
0.153761
0.153938
0.154115
0.154294
0.154474
0.154654
0.154835
0.155017
0.1552
0.155384
0.155568
0.155754
0.15594
0.156127
0.156315
0.156504
0.156693
0.156884
0.157075
0.157267
0.15746
0.157654
0.157849
0.158045
0.158241
0.158438
0.158636
0.158835
0.159035
0.159235
0.159437
0.159639
0.159842
0.160046
0.160251
0.160457
0.160663
0.16087
0.161079
0.161288
0.161497
0.161708
0.16192
0.162132
0.162345
0.162559
0.162774
0.16299
0.163207
0.163424
0.163643
0.163862
0.164082
0.164303
0.164525
0.164748
0.164971
0.165195
0.165421
0.165647
0.165874
0.166102
0.16633
0.16656
0.166791
0.167022
0.167254
0.167487
0.167721
0.167956
0.168192
0.168429
0.168666
0.168905
0.169144
0.169384
0.169625
0.169867
0.17011
0.170354
0.170599
0.170844
0.171091
0.171338
0.171587
0.171836
0.172086
0.172337
0.172589
0.172842
0.173096
0.173351
0.173607
0.173864
0.174121
0.17438
0.174639
0.1749
0.175161
0.175424
0.175687
0.175951
0.176217
0.176483
0.17675
0.177018
0.177287
0.177558
0.177829
0.178101
0.178374
0.178648
0.178923
0.179199
0.179476
0.179754
0.180034
0.180314
0.180595
0.180877
0.18116
0.181444
0.18173
0.182016
0.182303
0.182592
0.182881
0.183171
0.183463
0.183756
0.184049
0.184344
0.18464
0.184937
0.185235
0.185534
0.185834
0.186135
0.186437
0.186741
0.187045
0.187351
0.187658
0.187966
0.188275
0.188585
0.188896
0.189208
0.189522
0.189837
0.190153
0.19047
0.190788
0.191107
0.191428
0.19175
0.192072
0.192397
0.192722
0.193048
0.193376
0.193705
0.194035
0.194367
0.194699
0.195033
0.195368
0.195705
0.196042
0.196381
0.196721
0.197063
0.197405
0.197749
0.198095
0.198441
0.198789
0.199138
0.199489
0.199841
0.200194
0.200548
0.200904
0.201261
0.20162
0.201979
0.202341
0.202703
0.203067
0.203433
0.2038
0.204168
0.204537
0.204908
0.205281
0.205655
0.20603
0.206407
0.206785
0.207164
0.207546
0.207928
0.208312
0.208698
0.209085
0.209473
0.209864
0.210255
0.210648
0.211043
0.211439
0.211837
0.212236
0.212637
0.21304
0.213444
0.213849
0.214257
0.214665
0.215076
0.215488
0.215902
0.216317
0.216734
0.217153
0.217573
0.217996
0.217125
0.216265
0.215416
0.214577
0.213749
0.212931
0.212122
0.211324
0.210536
0.209757
0.208987
0.208227
0.207476
0.206733
0.206
0.205276
0.20456
0.203852
0.203153
0.202462
0.201779
0.201105
0.200438
0.199778
0.199127
0.198483
0.197846
0.197217
0.196595
0.19598
0.195372
0.19477
0.194176
0.193588
0.193007
0.192433
0.191864
0.191302
0.190747
0.190197
0.189654
0.189116
0.188585
0.188059
0.187539
0.187024
0.186515
0.186012
0.185514
0.185021
0.184534
0.184051
0.183574
0.183102
0.182635
0.182173
0.181716
0.181263
0.180815
0.180372
0.179934
0.1795
0.17907
0.178645
0.178224
0.177808
0.177396
0.176988
0.176584
0.176184
0.175788
0.175397
0.175009
0.174625
0.174245
0.173869
0.173497
0.173128
0.172763
0.172402
0.172044
0.171689
0.171339
0.170991
0.170647
0.170307
0.16997
0.169636
0.169305
0.168978
0.168654
0.168333
0.168015
0.1677
0.167388
0.16708
0.166774
0.166471
0.166171
0.165875
0.165581
0.165289
0.165001
0.164715
0.164433
0.164153
0.163875
0.1636
0.163328
0.163059
0.162792
0.162528
0.162266
0.162007
0.161751
0.161496
0.161245
0.160996
0.160749
0.160504
0.160262
0.160023
0.159786
0.159551
0.159318
0.159088
0.158859
0.158634
0.15841
0.158189
0.157969
0.157752
0.157538
0.157325
0.157114
0.156906
0.1567
0.156495
0.156293
0.156093
0.155895
0.155699
0.155505
0.155313
0.155123
0.154935
0.154749
0.154565
0.154383
0.154203
0.154024
0.153848
0.153674
0.153501
0.15333
0.153162
0.152995
0.15283
0.152666
0.152505
0.152345
0.152188
0.152032
0.151877
0.151725
0.151575
0.151426
0.151279
0.151133
0.15099
0.150848
0.150708
0.15057
0.150433
0.150298
0.150165
0.150033
0.149904
0.149775
0.149649
0.149524
0.149401
0.14928
0.14916
0.149042
0.148925
0.148811
0.148697
0.148586
0.148476
0.148367
0.148261
0.148156
0.148052
0.14795
0.14785
0.147751
0.147654
0.147558
0.147464
0.147372
0.147281
0.147192
0.147104
0.147018
0.146934
0.14685
0.146769
0.146689
0.146611
0.146534
0.146458
0.146385
0.146312
0.146241
0.146172
0.146104
0.146038
0.145973
0.14591
0.145848
0.145788
0.14573
0.145672
0.145617
0.145562
0.14551
0.145458
0.145408
0.14536
0.145313
0.145268
0.145224
0.145181
0.14514
0.145101
0.145063
0.145026
0.144991
0.144957
0.144925
0.144894
0.144865
0.144837
0.14481
0.144785
0.144761
0.144739
0.144718
0.144699
0.144681
0.144664
0.144649
0.144635
0.144623
0.144612
0.144603
0.144594
0.144588
0.144582
0.144578
0.144576
0.144575
0.144575
0.144576
0.144579
0.144584
0.14459
0.144597
0.144605
0.144615
0.144626
0.144639
0.144653
0.144668
0.144685
0.144703
0.144722
0.144743
0.144765
0.144788
0.144813
0.144839
0.144866
0.144895
0.144925
0.144956
0.144989
0.145023
0.145058
0.145094
0.145132
0.145171
0.145212
0.145254
0.145297
0.145341
0.145387
0.145434
0.145482
0.145532
0.145582
0.145634
0.145688
0.145742
0.145798
0.145855
0.145914
0.145973
0.146034
0.146096
0.14616
0.146224
0.14629
0.146357
0.146426
0.146495
0.146566
0.146638
0.146711
0.146786
0.146861
0.146938
0.147016
0.147095
0.147176
0.147258
0.14734
0.147425
0.14751
0.147596
0.147684
0.147773
0.147863
0.147954
0.148046
0.148139
0.148234
0.14833
0.148427
0.148525
0.148624
0.148724
0.148826
0.148929
0.149032
0.149137
0.149243
0.149351
0.149459
0.149568
0.149679
0.149791
0.149903
0.150017
0.150132
0.150248
0.150366
0.150484
0.150603
0.150724
0.150845
0.150968
0.151092
0.151216
0.151342
0.151469
0.151597
0.151726
0.151857
0.151988
0.15212
0.152253
0.152388
0.152523
0.15266
0.152797
0.152936
0.153075
0.153216
0.153358
0.1535
0.153644
0.153789
0.153935
0.154082
0.154229
0.154378
0.154528
0.154679
0.154831
0.154984
0.155138
0.155293
0.155449
0.155606
0.155764
0.155923
0.156083
0.156244
0.156405
0.156568
0.156732
0.156897
0.157063
0.15723
0.157398
0.157567
0.157736
0.157907
0.158079
0.158252
0.158426
0.1586
0.158776
0.158953
0.15913
0.159309
0.159488
0.159669
0.15985
0.160033
0.160216
0.1604
0.160586
0.160772
0.160959
0.161147
0.161337
0.161527
0.161718
0.16191
0.162103
0.162297
0.162492
0.162687
0.162884
0.163082
0.163281
0.16348
0.163681
0.163882
0.164085
0.164288
0.164493
0.164698
0.164904
0.165112
0.16532
0.165529
0.165739
0.16595
0.166162
0.166375
0.166589
0.166804
0.16702
0.167237
0.167455
0.167673
0.167893
0.168114
0.168335
0.168558
0.168781
0.169006
0.169231
0.169458
0.169685
0.169913
0.170143
0.170373
0.170604
0.170836
0.171069
0.171304
0.171539
0.171775
0.172012
0.17225
0.172489
0.172729
0.17297
0.173212
0.173455
0.173699
0.173944
0.17419
0.174437
0.174685
0.174933
0.175183
0.175434
0.175686
0.175939
0.176193
0.176448
0.176704
0.176961
0.177219
0.177478
0.177738
0.177999
0.178261
0.178525
0.178789
0.179054
0.17932
0.179587
0.179856
0.180125
0.180396
0.180667
0.18094
0.181213
0.181488
0.181764
0.18204
0.182318
0.182597
0.182877
0.183158
0.183441
0.183724
0.184008
0.184294
0.18458
0.184868
0.185157
0.185447
0.185738
0.18603
0.186323
0.186618
0.186913
0.18721
0.187508
0.187807
0.188107
0.188408
0.18871
0.189014
0.189319
0.189624
0.189932
0.19024
0.190549
0.19086
0.191172
0.191485
0.191799
0.192114
0.192431
0.192749
0.193068
0.193388
0.19371
0.194032
0.194356
0.194682
0.195008
0.195336
0.195665
0.195995
0.196327
0.196659
0.196994
0.197329
0.197666
0.198004
0.198343
0.198684
0.199025
0.199369
0.199713
0.200059
0.200407
0.200755
0.201105
0.201456
0.201809
0.202163
0.202519
0.202875
0.203234
0.203593
0.203954
0.204317
0.204681
0.205046
0.205413
0.205781
0.20615
0.206522
0.206894
0.207268
0.207643
0.20802
0.208399
0.208779
0.20916
0.209543
0.209928
0.210314
0.210701
0.21109
0.211481
0.211873
0.212267
0.212662
0.213059
0.213458
0.213858
0.214259
0.214663
0.215068
0.215474
0.215882
0.216292
0.216704
0.217117
0.217532
0.216687
0.215853
0.215029
0.214215
0.213412
0.212619
0.211835
0.211061
0.210297
0.209542
0.208796
0.20806
0.207332
0.206613
0.205903
0.205202
0.204509
0.203824
0.203147
0.202479
0.201819
0.201166
0.200521
0.199884
0.199254
0.198632
0.198017
0.197409
0.196808
0.196215
0.195628
0.195048
0.194474
0.193908
0.193347
0.192794
0.192246
0.191705
0.19117
0.190641
0.190117
0.1896
0.189089
0.188583
0.188083
0.187589
0.1871
0.186617
0.186138
0.185666
0.185198
0.184736
0.184278
0.183826
0.183379
0.182936
0.182499
0.182066
0.181637
0.181214
0.180795
0.18038
0.179971
0.179565
0.179164
0.178767
0.178374
0.177986
0.177601
0.177221
0.176845
0.176473
0.176105
0.17574
0.17538
0.175023
0.174671
0.174321
0.173976
0.173634
0.173296
0.172961
0.17263
0.172303
0.171979
0.171658
0.171341
0.171027
0.170716
0.170408
0.170104
0.169803
0.169505
0.169211
0.168919
0.16863
0.168345
0.168062
0.167783
0.167506
0.167233
0.166962
0.166694
0.166429
0.166167
0.165908
0.165651
0.165397
0.165146
0.164897
0.164652
0.164408
0.164168
0.16393
0.163695
0.163462
0.163231
0.163004
0.162778
0.162556
0.162335
0.162118
0.161902
0.161689
0.161478
0.16127
0.161064
0.16086
0.160659
0.16046
0.160263
0.160069
0.159877
0.159687
0.159499
0.159314
0.15913
0.158949
0.15877
0.158593
0.158419
0.158246
0.158075
0.157907
0.157741
0.157577
0.157415
0.157254
0.157096
0.15694
0.156786
0.156634
0.156484
0.156336
0.15619
0.156046
0.155904
0.155764
0.155626
0.15549
0.155355
0.155223
0.155092
0.154964
0.154837
0.154712
0.154589
0.154468
0.154349
0.154231
0.154116
0.154002
0.15389
0.15378
0.153672
0.153565
0.153461
0.153358
0.153257
0.153157
0.15306
0.152964
0.15287
0.152778
0.152687
0.152598
0.152511
0.152426
0.152342
0.15226
0.15218
0.152102
0.152025
0.15195
0.151877
0.151805
0.151735
0.151667
0.1516
0.151535
0.151472
0.15141
0.15135
0.151292
0.151235
0.15118
0.151126
0.151075
0.151024
0.150976
0.150929
0.150884
0.15084
0.150798
0.150757
0.150719
0.150681
0.150646
0.150612
0.150579
0.150548
0.150519
0.150491
0.150465
0.15044
0.150417
0.150395
0.150375
0.150357
0.15034
0.150325
0.150311
0.150299
0.150288
0.150279
0.150271
0.150265
0.15026
0.150257
0.150255
0.150255
0.150257
0.15026
0.150264
0.15027
0.150277
0.150286
0.150296
0.150308
0.150321
0.150336
0.150352
0.15037
0.150389
0.15041
0.150432
0.150455
0.15048
0.150507
0.150534
0.150564
0.150594
0.150626
0.15066
0.150695
0.150731
0.150769
0.150808
0.150849
0.150891
0.150934
0.150979
0.151025
0.151073
0.151122
0.151172
0.151224
0.151277
0.151332
0.151388
0.151445
0.151503
0.151563
0.151625
0.151687
0.151751
0.151817
0.151883
0.151951
0.152021
0.152091
0.152163
0.152236
0.152311
0.152387
0.152464
0.152543
0.152623
0.152704
0.152786
0.15287
0.152955
0.153041
0.153129
0.153218
0.153308
0.1534
0.153492
0.153586
0.153681
0.153778
0.153876
0.153975
0.154075
0.154176
0.154279
0.154383
0.154488
0.154595
0.154702
0.154811
0.154921
0.155033
0.155145
0.155259
0.155374
0.15549
0.155608
0.155726
0.155846
0.155967
0.156089
0.156212
0.156337
0.156462
0.156589
0.156717
0.156847
0.156977
0.157108
0.157241
0.157375
0.15751
0.157646
0.157783
0.157922
0.158062
0.158202
0.158344
0.158487
0.158631
0.158777
0.158923
0.159071
0.159219
0.159369
0.15952
0.159672
0.159825
0.15998
0.160135
0.160291
0.160449
0.160608
0.160767
0.160928
0.16109
0.161253
0.161418
0.161583
0.161749
0.161917
0.162085
0.162255
0.162426
0.162597
0.16277
0.162944
0.163119
0.163295
0.163472
0.163651
0.16383
0.16401
0.164192
0.164374
0.164558
0.164742
0.164928
0.165115
0.165303
0.165491
0.165681
0.165872
0.166064
0.166257
0.166452
0.166647
0.166843
0.16704
0.167239
0.167438
0.167639
0.16784
0.168043
0.168246
0.168451
0.168657
0.168863
0.169071
0.16928
0.16949
0.169701
0.169913
0.170126
0.17034
0.170555
0.170771
0.170989
0.171207
0.171426
0.171646
0.171868
0.17209
0.172314
0.172539
0.172764
0.172991
0.173219
0.173447
0.173677
0.173908
0.17414
0.174373
0.174607
0.174842
0.175079
0.175316
0.175554
0.175793
0.176034
0.176275
0.176518
0.176762
0.177006
0.177252
0.177499
0.177747
0.177996
0.178246
0.178497
0.17875
0.179003
0.179258
0.179513
0.17977
0.180027
0.180286
0.180546
0.180807
0.181069
0.181333
0.181597
0.181862
0.182129
0.182397
0.182665
0.182935
0.183206
0.183478
0.183752
0.184026
0.184302
0.184578
0.184856
0.185135
0.185415
0.185696
0.185979
0.186262
0.186547
0.186833
0.18712
0.187408
0.187698
0.187988
0.18828
0.188573
0.188867
0.189162
0.189459
0.189757
0.190055
0.190356
0.190657
0.190959
0.191263
0.191568
0.191874
0.192182
0.19249
0.1928
0.193111
0.193424
0.193738
0.194052
0.194369
0.194686
0.195005
0.195325
0.195646
0.195969
0.196292
0.196618
0.196944
0.197272
0.197601
0.197931
0.198263
0.198596
0.19893
0.199266
0.199603
0.199941
0.200281
0.200622
0.200965
0.201308
0.201654
0.202
0.202348
0.202698
0.203048
0.203401
0.203754
0.204109
0.204466
0.204824
0.205183
0.205544
0.205906
0.20627
0.206635
0.207001
0.207369
0.207739
0.20811
0.208483
0.208857
0.209232
0.20961
0.209988
0.210368
0.21075
0.211133
0.211518
0.211905
0.212293
0.212682
0.213073
0.213466
0.213861
0.214256
0.214654
0.215053
0.215454
0.215857
0.216261
0.216667
0.217074
0.216255
0.215446
0.214648
0.213859
0.213081
0.212312
0.211553
0.210803
0.210063
0.209332
0.20861
0.207897
0.207193
0.206498
0.205811
0.205132
0.204462
0.2038
0.203146
0.2025
0.201862
0.201232
0.200609
0.199993
0.199386
0.198785
0.198191
0.197605
0.197026
0.196453
0.195887
0.195328
0.194776
0.19423
0.193691
0.193157
0.19263
0.19211
0.191595
0.191086
0.190584
0.190087
0.189595
0.18911
0.18863
0.188155
0.187686
0.187223
0.186765
0.186312
0.185864
0.185421
0.184983
0.184551
0.184123
0.1837
0.183282
0.182868
0.182459
0.182055
0.181656
0.181261
0.18087
0.180484
0.180102
0.179724
0.179351
0.178982
0.178617
0.178256
0.177899
0.177546
0.177197
0.176852
0.176511
0.176173
0.17584
0.17551
0.175184
0.174862
0.174543
0.174227
0.173916
0.173607
0.173303
0.173001
0.172703
0.172409
0.172118
0.17183
0.171545
0.171264
0.170985
0.17071
0.170438
0.170169
0.169904
0.169641
0.169381
0.169124
0.168871
0.16862
0.168372
0.168127
0.167885
0.167646
0.167409
0.167175
0.166944
0.166716
0.166491
0.166268
0.166048
0.165831
0.165616
0.165403
0.165194
0.164987
0.164782
0.16458
0.164381
0.164184
0.16399
0.163798
0.163608
0.163421
0.163236
0.163054
0.162874
0.162696
0.162521
0.162348
0.162178
0.16201
0.161844
0.16168
0.161518
0.161359
0.161202
0.161047
0.160895
0.160745
0.160596
0.16045
0.160307
0.160165
0.160025
0.159888
0.159753
0.159619
0.159488
0.159359
0.159232
0.159107
0.158985
0.158864
0.158745
0.158628
0.158513
0.158401
0.15829
0.158181
0.158074
0.157969
0.157867
0.157766
0.157667
0.15757
0.157474
0.157381
0.15729
0.157201
0.157113
0.157027
0.156944
0.156862
0.156782
0.156704
0.156627
0.156553
0.15648
0.15641
0.156341
0.156274
0.156208
0.156145
0.156083
0.156023
0.155965
0.155909
0.155854
0.155801
0.15575
0.155701
0.155654
0.155608
0.155564
0.155522
0.155481
0.155442
0.155405
0.15537
0.155336
0.155304
0.155274
0.155245
0.155219
0.155193
0.15517
0.155148
0.155128
0.15511
0.155093
0.155078
0.155064
0.155052
0.155042
0.155034
0.155027
0.155021
0.155018
0.155016
0.155015
0.155016
0.155019
0.155024
0.15503
0.155037
0.155046
0.155057
0.155069
0.155083
0.155099
0.155116
0.155135
0.155155
0.155177
0.1552
0.155225
0.155251
0.155279
0.155308
0.155339
0.155372
0.155406
0.155442
0.155479
0.155517
0.155557
0.155599
0.155642
0.155687
0.155733
0.15578
0.155829
0.15588
0.155932
0.155985
0.15604
0.156096
0.156154
0.156214
0.156274
0.156336
0.1564
0.156465
0.156532
0.1566
0.156669
0.15674
0.156812
0.156885
0.15696
0.157037
0.157115
0.157194
0.157274
0.157356
0.15744
0.157524
0.15761
0.157698
0.157787
0.157877
0.157969
0.158062
0.158156
0.158252
0.158349
0.158447
0.158547
0.158648
0.15875
0.158854
0.158959
0.159065
0.159173
0.159281
0.159392
0.159503
0.159616
0.15973
0.159846
0.159963
0.160081
0.1602
0.160321
0.160442
0.160566
0.16069
0.160816
0.160943
0.161071
0.161201
0.161331
0.161463
0.161597
0.161731
0.161867
0.162004
0.162142
0.162282
0.162422
0.162564
0.162707
0.162852
0.162997
0.163144
0.163292
0.163442
0.163592
0.163744
0.163897
0.164051
0.164206
0.164363
0.16452
0.164679
0.164839
0.165
0.165163
0.165327
0.165491
0.165657
0.165825
0.165993
0.166162
0.166333
0.166505
0.166678
0.166852
0.167028
0.167204
0.167382
0.167561
0.167741
0.167922
0.168104
0.168288
0.168472
0.168658
0.168845
0.169033
0.169222
0.169413
0.169604
0.169797
0.16999
0.170185
0.170382
0.170579
0.170777
0.170977
0.171177
0.171379
0.171582
0.171786
0.171991
0.172197
0.172405
0.172613
0.172823
0.173034
0.173246
0.173459
0.173673
0.173888
0.174105
0.174323
0.174541
0.174761
0.174982
0.175204
0.175428
0.175652
0.175878
0.176104
0.176332
0.176561
0.176791
0.177022
0.177255
0.177488
0.177723
0.177958
0.178195
0.178433
0.178673
0.178913
0.179154
0.179397
0.179641
0.179886
0.180132
0.180379
0.180627
0.180877
0.181127
0.181379
0.181632
0.181886
0.182142
0.182398
0.182656
0.182914
0.183174
0.183435
0.183698
0.183961
0.184226
0.184492
0.184758
0.185027
0.185296
0.185567
0.185838
0.186111
0.186385
0.186661
0.186937
0.187215
0.187494
0.187774
0.188055
0.188338
0.188622
0.188907
0.189193
0.18948
0.189769
0.190059
0.19035
0.190642
0.190936
0.191231
0.191527
0.191824
0.192123
0.192423
0.192724
0.193026
0.19333
0.193635
0.193941
0.194249
0.194558
0.194868
0.195179
0.195492
0.195806
0.196121
0.196438
0.196756
0.197075
0.197396
0.197718
0.198041
0.198366
0.198692
0.199019
0.199348
0.199678
0.20001
0.200342
0.200677
0.201012
0.201349
0.201688
0.202027
0.202369
0.202711
0.203055
0.203401
0.203747
0.204096
0.204445
0.204797
0.205149
0.205503
0.205859
0.206216
0.206574
0.206934
0.207296
0.207659
0.208023
0.208389
0.208757
0.209126
0.209496
0.209868
0.210242
0.210617
0.210994
0.211372
0.211752
0.212134
0.212517
0.212901
0.213288
0.213676
0.214065
0.214456
0.214849
0.215243
0.215639
0.216037
0.216436
0.21565
0.214873
0.214107
0.21335
0.212602
0.211865
0.211136
0.210417
0.209707
0.209005
0.208313
0.207629
0.206954
0.206287
0.205628
0.204978
0.204335
0.203701
0.203074
0.202456
0.201844
0.20124
0.200644
0.200055
0.199473
0.198898
0.19833
0.197769
0.197215
0.196667
0.196127
0.195592
0.195064
0.194543
0.194027
0.193518
0.193015
0.192518
0.192027
0.191541
0.191062
0.190588
0.19012
0.189657
0.1892
0.188748
0.188301
0.18786
0.187424
0.186993
0.186568
0.186147
0.185731
0.18532
0.184914
0.184512
0.184116
0.183724
0.183336
0.182954
0.182575
0.182201
0.181832
0.181466
0.181105
0.180749
0.180396
0.180048
0.179704
0.179363
0.179027
0.178695
0.178366
0.178042
0.177721
0.177404
0.177091
0.176782
0.176476
0.176174
0.175875
0.17558
0.175289
0.175001
0.174716
0.174435
0.174158
0.173883
0.173612
0.173345
0.17308
0.172819
0.172561
0.172306
0.172054
0.171805
0.17156
0.171317
0.171078
0.170841
0.170608
0.170377
0.17015
0.169925
0.169703
0.169484
0.169268
0.169055
0.168844
0.168636
0.168431
0.168229
0.168029
0.167832
0.167638
0.167446
0.167257
0.167071
0.166887
0.166706
0.166527
0.166351
0.166177
0.166006
0.165837
0.165671
0.165507
0.165346
0.165187
0.16503
0.164876
0.164724
0.164575
0.164428
0.164283
0.16414
0.164
0.163862
0.163727
0.163593
0.163462
0.163333
0.163207
0.163082
0.16296
0.16284
0.162723
0.162607
0.162493
0.162382
0.162273
0.162166
0.162061
0.161958
0.161857
0.161759
0.161662
0.161567
0.161475
0.161385
0.161296
0.16121
0.161125
0.161043
0.160963
0.160885
0.160808
0.160734
0.160662
0.160591
0.160523
0.160456
0.160392
0.160329
0.160268
0.16021
0.160153
0.160098
0.160045
0.159994
0.159944
0.159897
0.159851
0.159808
0.159766
0.159726
0.159688
0.159651
0.159617
0.159584
0.159553
0.159524
0.159497
0.159472
0.159448
0.159426
0.159406
0.159388
0.159372
0.159357
0.159344
0.159333
0.159323
0.159316
0.15931
0.159305
0.159303
0.159302
0.159303
0.159306
0.15931
0.159316
0.159324
0.159333
0.159344
0.159357
0.159371
0.159388
0.159405
0.159425
0.159446
0.159469
0.159493
0.159519
0.159547
0.159576
0.159607
0.15964
0.159674
0.159709
0.159747
0.159786
0.159826
0.159868
0.159912
0.159958
0.160004
0.160053
0.160103
0.160154
0.160208
0.160262
0.160319
0.160376
0.160436
0.160497
0.160559
0.160623
0.160688
0.160755
0.160824
0.160894
0.160965
0.161038
0.161113
0.161189
0.161266
0.161345
0.161426
0.161508
0.161591
0.161676
0.161762
0.16185
0.161939
0.16203
0.162122
0.162215
0.16231
0.162407
0.162505
0.162604
0.162705
0.162807
0.16291
0.163015
0.163122
0.163229
0.163339
0.163449
0.163561
0.163674
0.163789
0.163905
0.164023
0.164141
0.164262
0.164383
0.164506
0.16463
0.164756
0.164883
0.165011
0.165141
0.165272
0.165404
0.165538
0.165673
0.165809
0.165947
0.166086
0.166226
0.166368
0.166511
0.166655
0.166801
0.166947
0.167096
0.167245
0.167396
0.167548
0.167701
0.167856
0.168012
0.168169
0.168327
0.168487
0.168648
0.16881
0.168974
0.169139
0.169305
0.169472
0.169641
0.16981
0.169982
0.170154
0.170327
0.170502
0.170678
0.170856
0.171034
0.171214
0.171395
0.171578
0.171761
0.171946
0.172132
0.172319
0.172508
0.172697
0.172888
0.17308
0.173274
0.173468
0.173664
0.173861
0.174059
0.174259
0.17446
0.174661
0.174865
0.175069
0.175274
0.175481
0.175689
0.175898
0.176109
0.17632
0.176533
0.176747
0.176962
0.177179
0.177397
0.177615
0.177836
0.178057
0.178279
0.178503
0.178728
0.178954
0.179181
0.17941
0.17964
0.179871
0.180103
0.180336
0.180571
0.180807
0.181044
0.181282
0.181521
0.181762
0.182004
0.182247
0.182491
0.182737
0.182984
0.183231
0.183481
0.183731
0.183983
0.184236
0.18449
0.184745
0.185002
0.185259
0.185518
0.185779
0.18604
0.186303
0.186567
0.186832
0.187098
0.187366
0.187635
0.187905
0.188177
0.18845
0.188723
0.188999
0.189275
0.189553
0.189832
0.190112
0.190394
0.190677
0.190961
0.191246
0.191533
0.191821
0.19211
0.192401
0.192693
0.192986
0.19328
0.193576
0.193873
0.194172
0.194471
0.194772
0.195075
0.195378
0.195684
0.19599
0.196298
0.196607
0.196917
0.197229
0.197542
0.197856
0.198172
0.198489
0.198808
0.199128
0.199449
0.199772
0.200096
0.200422
0.200749
0.201077
0.201407
0.201738
0.20207
0.202404
0.20274
0.203077
0.203415
0.203755
0.204096
0.204439
0.204783
0.205128
0.205475
0.205824
0.206174
0.206525
0.206878
0.207233
0.207589
0.207947
0.208306
0.208666
0.209028
0.209392
0.209757
0.210124
0.210493
0.210862
0.211234
0.211607
0.211982
0.212358
0.212736
0.213115
0.213496
0.213879
0.214263
0.214649
0.215037
0.215426
0.215817
0.21621
0.21544
0.214681
0.213931
0.213191
0.212461
0.21174
0.211028
0.210325
0.209632
0.208947
0.208271
0.207604
0.206945
0.206294
0.205652
0.205018
0.204392
0.203774
0.203164
0.202561
0.201966
0.201378
0.200798
0.200225
0.199659
0.199101
0.198549
0.198004
0.197466
0.196934
0.19641
0.195891
0.195379
0.194874
0.194374
0.193881
0.193394
0.192913
0.192438
0.191968
0.191505
0.191047
0.190595
0.190148
0.189707
0.189271
0.18884
0.188415
0.187995
0.18758
0.18717
0.186766
0.186366
0.185971
0.185581
0.185196
0.184815
0.184439
0.184068
0.183701
0.183339
0.182981
0.182628
0.182279
0.181934
0.181593
0.181257
0.180925
0.180597
0.180273
0.179953
0.179637
0.179325
0.179017
0.178713
0.178413
0.178116
0.177823
0.177534
0.177248
0.176967
0.176688
0.176413
0.176142
0.175875
0.17561
0.175349
0.175092
0.174838
0.174587
0.174339
0.174095
0.173854
0.173616
0.173382
0.17315
0.172922
0.172697
0.172474
0.172255
0.172039
0.171826
0.171616
0.171409
0.171204
0.171003
0.170804
0.170609
0.170416
0.170226
0.170038
0.169854
0.169672
0.169493
0.169317
0.169143
0.168972
0.168804
0.168638
0.168475
0.168314
0.168156
0.168001
0.167848
0.167698
0.16755
0.167405
0.167262
0.167122
0.166984
0.166848
0.166715
0.166584
0.166456
0.16633
0.166207
0.166085
0.165967
0.16585
0.165736
0.165624
0.165514
0.165407
0.165302
0.165199
0.165098
0.165
0.164903
0.164809
0.164718
0.164628
0.164541
0.164455
0.164372
0.164291
0.164212
0.164135
0.164061
0.163988
0.163918
0.163849
0.163783
0.163719
0.163656
0.163596
0.163538
0.163482
0.163428
0.163376
0.163326
0.163277
0.163231
0.163187
0.163145
0.163105
0.163067
0.16303
0.162996
0.162963
0.162933
0.162904
0.162878
0.162853
0.16283
0.162809
0.16279
0.162773
0.162757
0.162744
0.162732
0.162722
0.162714
0.162708
0.162704
0.162701
0.1627
0.162702
0.162704
0.162709
0.162716
0.162724
0.162734
0.162746
0.162759
0.162775
0.162792
0.162811
0.162831
0.162854
0.162878
0.162904
0.162931
0.16296
0.162991
0.163024
0.163058
0.163094
0.163132
0.163171
0.163212
0.163255
0.1633
0.163346
0.163393
0.163443
0.163494
0.163546
0.163601
0.163657
0.163714
0.163773
0.163834
0.163896
0.16396
0.164026
0.164093
0.164162
0.164232
0.164304
0.164377
0.164453
0.164529
0.164607
0.164687
0.164768
0.164851
0.164936
0.165021
0.165109
0.165198
0.165288
0.16538
0.165474
0.165569
0.165665
0.165763
0.165863
0.165964
0.166067
0.166171
0.166276
0.166383
0.166491
0.166601
0.166713
0.166825
0.16694
0.167055
0.167173
0.167291
0.167411
0.167533
0.167656
0.16778
0.167906
0.168033
0.168161
0.168291
0.168423
0.168556
0.16869
0.168826
0.168963
0.169101
0.169241
0.169382
0.169525
0.169669
0.169814
0.169961
0.170109
0.170258
0.170409
0.170561
0.170715
0.170869
0.171026
0.171183
0.171342
0.171502
0.171664
0.171827
0.171991
0.172157
0.172324
0.172492
0.172662
0.172833
0.173005
0.173178
0.173353
0.17353
0.173707
0.173886
0.174066
0.174247
0.17443
0.174614
0.1748
0.174986
0.175174
0.175363
0.175554
0.175746
0.175939
0.176133
0.176329
0.176526
0.176724
0.176924
0.177125
0.177327
0.17753
0.177735
0.177941
0.178148
0.178356
0.178566
0.178777
0.17899
0.179203
0.179418
0.179634
0.179852
0.18007
0.18029
0.180512
0.180734
0.180958
0.181183
0.181409
0.181637
0.181866
0.182096
0.182328
0.18256
0.182794
0.183029
0.183266
0.183504
0.183743
0.183983
0.184225
0.184468
0.184712
0.184957
0.185204
0.185452
0.185701
0.185952
0.186204
0.186457
0.186711
0.186967
0.187224
0.187482
0.187742
0.188003
0.188265
0.188528
0.188793
0.189059
0.189327
0.189595
0.189865
0.190137
0.190409
0.190683
0.190958
0.191235
0.191513
0.191792
0.192072
0.192354
0.192637
0.192922
0.193208
0.193495
0.193783
0.194073
0.194364
0.194657
0.194951
0.195246
0.195543
0.195841
0.19614
0.196441
0.196743
0.197046
0.197351
0.197657
0.197965
0.198274
0.198584
0.198896
0.199209
0.199524
0.19984
0.200157
0.200476
0.200796
0.201118
0.201441
0.201765
0.202091
0.202419
0.202748
0.203078
0.20341
0.203743
0.204078
0.204414
0.204752
0.205091
0.205432
0.205774
0.206117
0.206463
0.206809
0.207157
0.207507
0.207858
0.208211
0.208566
0.208921
0.209279
0.209638
0.209998
0.21036
0.210724
0.211089
0.211456
0.211825
0.212195
0.212567
0.21294
0.213315
0.213691
0.21407
0.214449
0.214831
0.215214
0.215599
0.21486
0.214132
0.213412
0.212702
0.212002
0.21131
0.210627
0.209954
0.209289
0.208632
0.207984
0.207344
0.206713
0.20609
0.205474
0.204867
0.204267
0.203675
0.203091
0.202513
0.201944
0.201381
0.200826
0.200278
0.199736
0.199202
0.198674
0.198153
0.197639
0.197131
0.196629
0.196134
0.195645
0.195162
0.194685
0.194214
0.19375
0.193291
0.192837
0.19239
0.191948
0.191512
0.191081
0.190655
0.190235
0.18982
0.189411
0.189006
0.188607
0.188213
0.187823
0.187439
0.187059
0.186684
0.186314
0.185949
0.185588
0.185232
0.18488
0.184533
0.184191
0.183852
0.183518
0.183188
0.182863
0.182541
0.182224
0.181911
0.181602
0.181297
0.180996
0.180699
0.180406
0.180116
0.179831
0.179549
0.179271
0.178996
0.178725
0.178458
0.178195
0.177935
0.177678
0.177425
0.177176
0.17693
0.176687
0.176448
0.176212
0.175979
0.175749
0.175523
0.1753
0.17508
0.174864
0.17465
0.17444
0.174232
0.174028
0.173827
0.173629
0.173433
0.173241
0.173052
0.172865
0.172682
0.172501
0.172323
0.172148
0.171976
0.171807
0.17164
0.171476
0.171315
0.171157
0.171001
0.170848
0.170697
0.170549
0.170404
0.170262
0.170122
0.169984
0.169849
0.169717
0.169587
0.16946
0.169335
0.169213
0.169093
0.168975
0.16886
0.168748
0.168637
0.16853
0.168424
0.168321
0.16822
0.168122
0.168026
0.167932
0.167841
0.167751
0.167665
0.16758
0.167497
0.167417
0.167339
0.167264
0.16719
0.167119
0.16705
0.166983
0.166918
0.166856
0.166795
0.166737
0.166681
0.166627
0.166575
0.166525
0.166477
0.166431
0.166388
0.166346
0.166307
0.166269
0.166234
0.1662
0.166169
0.166139
0.166112
0.166087
0.166063
0.166042
0.166022
0.166005
0.165989
0.165976
0.165964
0.165955
0.165947
0.165941
0.165937
0.165935
0.165935
0.165937
0.16594
0.165946
0.165953
0.165962
0.165973
0.165986
0.166001
0.166018
0.166036
0.166056
0.166078
0.166102
0.166128
0.166156
0.166185
0.166216
0.166249
0.166283
0.16632
0.166358
0.166398
0.166439
0.166483
0.166528
0.166575
0.166623
0.166674
0.166726
0.166779
0.166835
0.166892
0.166951
0.167011
0.167073
0.167137
0.167203
0.16727
0.167339
0.167409
0.167482
0.167555
0.167631
0.167708
0.167787
0.167867
0.167949
0.168032
0.168118
0.168204
0.168293
0.168383
0.168474
0.168567
0.168662
0.168758
0.168856
0.168956
0.169057
0.169159
0.169263
0.169369
0.169476
0.169585
0.169695
0.169807
0.16992
0.170035
0.170151
0.170269
0.170389
0.17051
0.170632
0.170756
0.170881
0.171008
0.171136
0.171266
0.171398
0.17153
0.171665
0.1718
0.171938
0.172076
0.172216
0.172358
0.172501
0.172645
0.172791
0.172938
0.173087
0.173237
0.173389
0.173542
0.173697
0.173852
0.17401
0.174168
0.174329
0.17449
0.174653
0.174817
0.174983
0.17515
0.175319
0.175489
0.17566
0.175833
0.176007
0.176182
0.176359
0.176537
0.176717
0.176898
0.17708
0.177264
0.177449
0.177635
0.177823
0.178012
0.178203
0.178395
0.178588
0.178783
0.178979
0.179176
0.179375
0.179575
0.179776
0.179979
0.180183
0.180388
0.180595
0.180803
0.181012
0.181223
0.181435
0.181649
0.181863
0.182079
0.182297
0.182516
0.182736
0.182957
0.18318
0.183404
0.183629
0.183856
0.184084
0.184314
0.184545
0.184777
0.18501
0.185245
0.185481
0.185718
0.185957
0.186197
0.186439
0.186682
0.186926
0.187171
0.187418
0.187666
0.187916
0.188166
0.188419
0.188672
0.188927
0.189183
0.189441
0.189699
0.18996
0.190221
0.190484
0.190748
0.191014
0.191281
0.191549
0.191819
0.19209
0.192363
0.192637
0.192912
0.193188
0.193466
0.193745
0.194026
0.194308
0.194592
0.194876
0.195163
0.19545
0.195739
0.196029
0.196321
0.196614
0.196909
0.197205
0.197502
0.197801
0.198101
0.198403
0.198706
0.199011
0.199316
0.199624
0.199933
0.200243
0.200554
0.200868
0.201182
0.201498
0.201816
0.202135
0.202455
0.202777
0.2031
0.203425
0.203751
0.204079
0.204409
0.204739
0.205072
0.205406
0.205741
0.206078
0.206416
0.206756
0.207098
0.207441
0.207785
0.208131
0.208479
0.208828
0.209179
0.209531
0.209885
0.210241
0.210598
0.210956
0.211317
0.211679
0.212042
0.212407
0.212774
0.213143
0.213513
0.213884
0.214258
0.214633
0.215009
0.215388
0.214665
0.213952
0.213249
0.212555
0.21187
0.211194
0.210527
0.209868
0.209219
0.208578
0.207945
0.207321
0.206705
0.206096
0.205496
0.204904
0.204319
0.203742
0.203173
0.202611
0.202056
0.201509
0.200968
0.200435
0.199909
0.199389
0.198876
0.19837
0.19787
0.197377
0.19689
0.19641
0.195935
0.195467
0.195005
0.194549
0.194099
0.193655
0.193216
0.192783
0.192356
0.191934
0.191518
0.191107
0.190701
0.190301
0.189906
0.189516
0.189131
0.188751
0.188377
0.188007
0.187642
0.187281
0.186926
0.186575
0.186229
0.185887
0.18555
0.185217
0.184889
0.184565
0.184246
0.183931
0.18362
0.183313
0.183011
0.182712
0.182418
0.182127
0.181841
0.181558
0.18128
0.181005
0.180734
0.180467
0.180204
0.179944
0.179688
0.179436
0.179187
0.178942
0.1787
0.178462
0.178227
0.177996
0.177768
0.177544
0.177323
0.177105
0.176891
0.176679
0.176471
0.176267
0.176065
0.175867
0.175671
0.175479
0.17529
0.175104
0.174921
0.174741
0.174564
0.17439
0.174219
0.17405
0.173885
0.173723
0.173563
0.173406
0.173252
0.173101
0.172953
0.172807
0.172664
0.172524
0.172387
0.172252
0.17212
0.17199
0.171863
0.171739
0.171617
0.171498
0.171381
0.171267
0.171156
0.171047
0.17094
0.170836
0.170735
0.170636
0.170539
0.170445
0.170353
0.170264
0.170177
0.170092
0.17001
0.16993
0.169852
0.169777
0.169704
0.169634
0.169565
0.169499
0.169435
0.169374
0.169314
0.169257
0.169202
0.16915
0.169099
0.169051
0.169005
0.168961
0.168919
0.168879
0.168842
0.168806
0.168773
0.168742
0.168713
0.168686
0.168661
0.168638
0.168617
0.168599
0.168582
0.168567
0.168555
0.168544
0.168536
0.168529
0.168524
0.168522
0.168521
0.168523
0.168526
0.168531
0.168538
0.168548
0.168559
0.168572
0.168587
0.168603
0.168622
0.168643
0.168665
0.16869
0.168716
0.168744
0.168774
0.168806
0.16884
0.168875
0.168913
0.168952
0.168993
0.169036
0.16908
0.169127
0.169175
0.169225
0.169277
0.169331
0.169386
0.169443
0.169502
0.169563
0.169625
0.169689
0.169755
0.169823
0.169892
0.169963
0.170036
0.17011
0.170186
0.170264
0.170343
0.170425
0.170508
0.170592
0.170678
0.170766
0.170856
0.170947
0.17104
0.171134
0.17123
0.171328
0.171427
0.171528
0.171631
0.171735
0.171841
0.171948
0.172057
0.172168
0.17228
0.172394
0.172509
0.172626
0.172745
0.172865
0.172987
0.17311
0.173235
0.173361
0.173489
0.173618
0.173749
0.173881
0.174015
0.174151
0.174288
0.174426
0.174566
0.174708
0.174851
0.174996
0.175142
0.175289
0.175438
0.175589
0.175741
0.175894
0.176049
0.176206
0.176364
0.176523
0.176684
0.176846
0.17701
0.177175
0.177342
0.17751
0.17768
0.177851
0.178023
0.178197
0.178372
0.178549
0.178727
0.178907
0.179088
0.179271
0.179454
0.17964
0.179827
0.180015
0.180204
0.180395
0.180588
0.180782
0.180977
0.181173
0.181372
0.181571
0.181772
0.181974
0.182178
0.182383
0.182589
0.182797
0.183006
0.183217
0.183429
0.183642
0.183857
0.184073
0.184291
0.18451
0.18473
0.184952
0.185175
0.185399
0.185625
0.185853
0.186081
0.186311
0.186543
0.186775
0.18701
0.187245
0.187482
0.18772
0.18796
0.188201
0.188444
0.188688
0.188933
0.18918
0.189428
0.189677
0.189928
0.19018
0.190434
0.190689
0.190945
0.191203
0.191462
0.191722
0.191984
0.192248
0.192512
0.192779
0.193046
0.193315
0.193585
0.193857
0.19413
0.194405
0.194681
0.194958
0.195237
0.195517
0.195799
0.196082
0.196367
0.196653
0.19694
0.197229
0.197519
0.197811
0.198104
0.198399
0.198695
0.198992
0.199291
0.199591
0.199893
0.200197
0.200501
0.200808
0.201115
0.201425
0.201735
0.202047
0.202361
0.202676
0.202993
0.203311
0.203631
0.203952
0.204275
0.204599
0.204924
0.205252
0.20558
0.205911
0.206243
0.206576
0.206911
0.207247
0.207585
0.207925
0.208266
0.208609
0.208953
0.209299
0.209647
0.209996
0.210347
0.210699
0.211053
0.211408
0.211765
0.212124
0.212485
0.212847
0.21321
0.213576
0.213943
0.214312
0.214682
0.215054
0.214351
0.213658
0.212974
0.212299
0.211633
0.210976
0.210327
0.209688
0.209057
0.208434
0.20782
0.207213
0.206615
0.206025
0.205443
0.204868
0.204301
0.203741
0.203189
0.202644
0.202107
0.201576
0.201052
0.200536
0.200026
0.199523
0.199027
0.198537
0.198053
0.197576
0.197106
0.196641
0.196183
0.19573
0.195284
0.194844
0.194409
0.19398
0.193557
0.19314
0.192728
0.192322
0.191921
0.191525
0.191134
0.190749
0.190369
0.189994
0.189625
0.18926
0.1889
0.188545
0.188194
0.187849
0.187508
0.187172
0.18684
0.186513
0.186191
0.185872
0.185559
0.185249
0.184944
0.184644
0.184347
0.184055
0.183766
0.183482
0.183202
0.182926
0.182653
0.182385
0.182121
0.18186
0.181603
0.18135
0.181101
0.180856
0.180614
0.180375
0.180141
0.17991
0.179682
0.179458
0.179237
0.17902
0.178806
0.178596
0.178389
0.178185
0.177984
0.177787
0.177593
0.177402
0.177215
0.17703
0.176849
0.176671
0.176496
0.176324
0.176155
0.175988
0.175825
0.175665
0.175508
0.175354
0.175203
0.175054
0.174908
0.174766
0.174626
0.174489
0.174354
0.174223
0.174094
0.173967
0.173844
0.173723
0.173605
0.17349
0.173377
0.173267
0.173159
0.173054
0.172951
0.172852
0.172754
0.172659
0.172567
0.172477
0.17239
0.172305
0.172222
0.172142
0.172065
0.17199
0.171917
0.171846
0.171778
0.171713
0.171649
0.171588
0.17153
0.171473
0.171419
0.171367
0.171318
0.17127
0.171225
0.171183
0.171142
0.171104
0.171068
0.171034
0.171002
0.170972
0.170945
0.17092
0.170897
0.170876
0.170857
0.17084
0.170825
0.170813
0.170802
0.170794
0.170788
0.170784
0.170781
0.170781
0.170783
0.170787
0.170793
0.170801
0.170811
0.170823
0.170837
0.170853
0.170871
0.170891
0.170913
0.170936
0.170962
0.17099
0.171019
0.171051
0.171084
0.171119
0.171157
0.171196
0.171237
0.171279
0.171324
0.171371
0.171419
0.171469
0.171521
0.171575
0.171631
0.171689
0.171748
0.171809
0.171872
0.171937
0.172003
0.172072
0.172142
0.172214
0.172287
0.172363
0.17244
0.172519
0.1726
0.172682
0.172766
0.172852
0.17294
0.173029
0.17312
0.173212
0.173307
0.173403
0.173501
0.1736
0.173701
0.173804
0.173908
0.174014
0.174122
0.174231
0.174343
0.174455
0.174569
0.174685
0.174803
0.174922
0.175043
0.175165
0.175289
0.175415
0.175542
0.175671
0.175801
0.175933
0.176067
0.176202
0.176339
0.176477
0.176617
0.176758
0.176901
0.177046
0.177192
0.177339
0.177488
0.177639
0.177791
0.177945
0.1781
0.178257
0.178415
0.178575
0.178736
0.178899
0.179064
0.17923
0.179397
0.179566
0.179736
0.179908
0.180081
0.180256
0.180432
0.18061
0.180789
0.18097
0.181152
0.181336
0.181521
0.181708
0.181896
0.182086
0.182277
0.182469
0.182663
0.182858
0.183055
0.183253
0.183453
0.183654
0.183857
0.184061
0.184267
0.184474
0.184682
0.184892
0.185103
0.185316
0.18553
0.185746
0.185963
0.186181
0.186401
0.186622
0.186845
0.187069
0.187295
0.187522
0.18775
0.18798
0.188212
0.188444
0.188679
0.188914
0.189151
0.18939
0.18963
0.189871
0.190114
0.190358
0.190604
0.190851
0.191099
0.191349
0.1916
0.191853
0.192107
0.192363
0.19262
0.192879
0.193139
0.1934
0.193663
0.193927
0.194193
0.19446
0.194729
0.194999
0.19527
0.195543
0.195817
0.196093
0.196371
0.196649
0.19693
0.197211
0.197494
0.197779
0.198065
0.198353
0.198642
0.198932
0.199224
0.199518
0.199812
0.200109
0.200407
0.200706
0.201007
0.20131
0.201613
0.201919
0.202226
0.202534
0.202844
0.203156
0.203469
0.203783
0.204099
0.204417
0.204736
0.205056
0.205379
0.205702
0.206028
0.206355
0.206683
0.207013
0.207345
0.207678
0.208012
0.208349
0.208687
0.209026
0.209367
0.20971
0.210054
0.2104
0.210748
0.211097
0.211448
0.2118
0.212154
0.21251
0.212867
0.213226
0.213587
0.213949
0.214313
0.214679
0.213997
0.213325
0.212661
0.212007
0.211361
0.210724
0.210096
0.209476
0.208865
0.208261
0.207666
0.207079
0.2065
0.205928
0.205364
0.204808
0.204259
0.203718
0.203184
0.202657
0.202137
0.201624
0.201118
0.200619
0.200126
0.19964
0.199161
0.198688
0.198221
0.197761
0.197307
0.196859
0.196417
0.195981
0.195551
0.195127
0.194708
0.194295
0.193888
0.193486
0.19309
0.192699
0.192314
0.191934
0.191559
0.191189
0.190824
0.190464
0.190109
0.189759
0.189414
0.189074
0.188739
0.188408
0.188082
0.187761
0.187444
0.187131
0.186823
0.186519
0.18622
0.185925
0.185634
0.185348
0.185066
0.184787
0.184513
0.184243
0.183977
0.183715
0.183457
0.183203
0.182952
0.182706
0.182463
0.182224
0.181988
0.181757
0.181528
0.181304
0.181083
0.180866
0.180652
0.180441
0.180234
0.180031
0.179831
0.179634
0.17944
0.17925
0.179063
0.17888
0.178699
0.178522
0.178348
0.178177
0.178009
0.177844
0.177683
0.177524
0.177369
0.177216
0.177066
0.17692
0.176776
0.176635
0.176497
0.176362
0.17623
0.176101
0.175974
0.175851
0.17573
0.175611
0.175496
0.175383
0.175273
0.175166
0.175061
0.174959
0.17486
0.174763
0.174669
0.174577
0.174488
0.174401
0.174317
0.174236
0.174157
0.174081
0.174007
0.173935
0.173866
0.1738
0.173735
0.173674
0.173614
0.173557
0.173503
0.17345
0.173401
0.173353
0.173308
0.173265
0.173224
0.173186
0.17315
0.173116
0.173084
0.173055
0.173028
0.173003
0.172981
0.17296
0.172942
0.172926
0.172912
0.1729
0.172891
0.172883
0.172878
0.172875
0.172874
0.172875
0.172878
0.172883
0.17289
0.1729
0.172911
0.172924
0.17294
0.172957
0.172977
0.172999
0.173022
0.173048
0.173075
0.173105
0.173136
0.17317
0.173205
0.173243
0.173282
0.173323
0.173366
0.173411
0.173459
0.173507
0.173558
0.173611
0.173666
0.173722
0.17378
0.173841
0.173903
0.173967
0.174032
0.1741
0.174169
0.174241
0.174314
0.174389
0.174465
0.174544
0.174624
0.174706
0.17479
0.174876
0.174963
0.175052
0.175143
0.175236
0.17533
0.175426
0.175524
0.175624
0.175725
0.175828
0.175933
0.17604
0.176148
0.176258
0.176369
0.176482
0.176597
0.176714
0.176832
0.176952
0.177074
0.177197
0.177322
0.177449
0.177577
0.177707
0.177838
0.177971
0.178106
0.178242
0.17838
0.17852
0.178661
0.178804
0.178948
0.179094
0.179242
0.179391
0.179542
0.179694
0.179848
0.180003
0.18016
0.180319
0.180479
0.180641
0.180804
0.180969
0.181136
0.181303
0.181473
0.181644
0.181817
0.181991
0.182166
0.182343
0.182522
0.182702
0.182884
0.183067
0.183252
0.183438
0.183626
0.183815
0.184006
0.184199
0.184392
0.184588
0.184784
0.184983
0.185183
0.185384
0.185587
0.185791
0.185997
0.186204
0.186413
0.186623
0.186835
0.187048
0.187262
0.187479
0.187696
0.187915
0.188136
0.188358
0.188581
0.188806
0.189033
0.189261
0.18949
0.189721
0.189953
0.190187
0.190423
0.190659
0.190898
0.191137
0.191378
0.191621
0.191865
0.192111
0.192358
0.192606
0.192856
0.193108
0.193361
0.193615
0.193871
0.194128
0.194387
0.194648
0.194909
0.195173
0.195437
0.195704
0.195971
0.196241
0.196511
0.196783
0.197057
0.197332
0.197609
0.197887
0.198167
0.198448
0.19873
0.199015
0.1993
0.199587
0.199876
0.200166
0.200458
0.200751
0.201046
0.201342
0.20164
0.201939
0.20224
0.202542
0.202846
0.203152
0.203459
0.203767
0.204077
0.204389
0.204702
0.205017
0.205333
0.205651
0.205971
0.206292
0.206614
0.206938
0.207264
0.207592
0.20792
0.208251
0.208583
0.208917
0.209252
0.209589
0.209928
0.210268
0.21061
0.210954
0.211299
0.211646
