1.10715
1.10559
1.10401
1.10241
1.10079
1.09915
1.09749
1.09581
1.0941
1.09238
1.09064
1.08888
1.08709
1.08529
1.08346
1.08162
1.07975
1.07786
1.07596
1.07403
1.07208
1.07011
1.06812
1.06612
1.06409
1.06204
1.05997
1.05788
1.05577
1.05364
1.0515
1.04933
1.04714
1.04494
1.04271
1.04047
1.0382
1.03592
1.03362
1.0313
1.02897
1.02661
1.02424
1.02185
1.01944
1.01702
1.01457
1.01212
1.00964
1.00715
1.00464
1.00211
0.999574
0.997018
0.994447
0.991861
0.989259
0.986644
0.984013
0.981369
0.978711
0.976039
0.973353
0.970655
0.967944
0.96522
0.962483
0.959735
0.956975
0.954204
0.951421
0.948627
0.945822
0.943008
0.940183
0.937348
0.934503
0.93165
0.928787
0.925915
0.923035
0.920147
0.917251
0.914348
0.911437
0.908519
0.905594
0.902662
0.899725
0.896781
0.893832
0.890877
0.887917
0.884952
0.881983
0.879009
0.876031
0.87305
0.870064
0.867076
0.864084
0.861089
0.858092
0.855093
0.852091
0.849088
0.846082
0.843076
0.840068
0.83706
0.834051
0.831041
0.828031
0.825021
0.822011
0.819002
0.815993
0.812985
0.809979
0.806973
0.803969
0.800966
0.797965
0.794966
0.79197
0.788975
0.785984
0.782994
0.780008
0.777025
0.774045
0.771069
0.768096
0.765126
0.762161
0.7592
0.756242
0.753289
0.750341
0.747397
0.744458
0.741523
0.738594
0.73567
0.732751
0.729837
0.726929
0.724026
0.721129
0.718238
0.715353
0.712474
0.709601
0.706734
0.703874
0.70102
0.698172
0.695331
0.692497
0.689669
0.686849
0.684035
0.681229
0.678429
0.675637
0.672852
0.670074
0.667303
0.66454
0.661785
0.659037
0.656297
0.653564
0.650839
0.648122
0.645413
0.642712
0.640018
0.637333
0.634656
0.631986
0.629325
0.626672
0.624028
0.621391
0.618763
0.616143
0.613531
0.610928
0.608333
0.605746
0.603168
0.600599
0.598038
0.595485
0.592941
0.590405
0.587879
0.58536
0.58285
0.580349
0.577857
0.575373
0.572898
0.570431
0.567973
0.565524
0.563084
0.560652
0.558229
0.555815
0.553409
0.551012
0.548624
0.546244
0.543874
0.541512
0.539158
0.536814
0.534478
0.53215
0.529832
0.527522
0.525221
0.522929
0.520645
0.51837
0.516103
0.513846
0.511597
0.509356
0.507124
0.504901
0.502686
0.50048
0.498283
0.496094
0.493914
0.491742
0.489579
0.487424
0.485278
0.48314
0.481011
0.47889
0.476777
0.474673
0.472578
0.470491
0.468412
0.466341
0.464279
0.462225
0.46018
0.458143
0.456114
0.454093
0.45208
0.450076
0.448079
0.446091
0.444111
0.44214
0.440176
0.43822
0.436273
0.434333
0.432401
0.430478
0.428562
0.426654
0.424754
0.422862
0.420978
0.419102
0.417234
0.415373
0.41352
0.411675
0.409837
0.408008
0.406186
0.404371
0.402564
0.400765
0.398974
0.397189
0.395413
0.393644
0.391882
0.390128
0.388382
0.386642
0.38491
0.383186
0.381469
0.379759
0.378056
0.376361
0.374672
0.372991
0.371318
0.369651
0.367991
0.366339
0.364694
0.363055
0.361424
0.3598
0.358183
0.356572
0.354969
0.353372
0.351783
0.3502
0.348624
0.347055
0.345492
0.343936
0.342387
0.340845
0.33931
0.337781
0.336258
0.334743
0.333233
0.331731
0.330235
0.328745
0.327262
0.325785
0.324315
0.322851
0.321394
0.319943
0.318498
0.317059
0.315627
0.314201
0.312781
0.311368
0.30996
0.308559
0.307164
0.305775
0.304392
0.303015
0.301644
0.300279
0.29892
0.297567
0.29622
0.294879
0.293544
0.292214
0.290891
0.289573
0.288261
0.286955
0.285655
0.28436
0.283071
0.281788
0.28051
0.279238
0.277972
0.276711
0.275455
0.274206
0.272961
0.271723
0.270489
0.269261
0.268039
0.266822
0.26561
0.264404
0.263203
0.262007
0.260817
0.259632
0.258452
0.257278
0.256108
0.254944
0.253785
0.252631
0.251482
0.250338
0.2492
0.248066
0.246937
0.245814
0.244695
0.243582
0.242473
0.241369
0.24027
0.239176
0.238087
0.237003
0.235924
0.234849
0.233779
0.232714
0.231654
0.230598
0.229547
0.228501
0.227459
0.226422
0.22539
0.224362
0.223339
0.22232
0.221306
0.220297
0.219292
0.218291
0.217295
0.216303
0.215316
0.214333
0.213355
0.212381
0.211411
0.210446
0.209485
0.208528
0.207575
0.206627
0.205683
0.204743
0.203808
0.202876
0.201949
0.201026
0.200107
0.199192
0.198282
0.197375
0.196472
0.195574
0.194679
0.193789
0.192902
0.19202
0.191141
0.190266
0.189396
0.188529
0.187666
0.186807
0.185951
0.1851
0.184252
0.183409
0.182569
0.181732
0.1809
0.180071
0.179246
0.178425
0.177607
0.176793
0.175983
0.175176
0.174373
0.173574
0.172778
0.171986
0.171197
0.170412
0.16963
0.168852
0.168078
0.167306
0.166539
0.165775
0.165014
0.164257
0.163503
0.162752
0.162005
0.161261
0.160521
0.159783
0.15905
0.158319
0.157592
0.156868
0.156147
0.15543
0.154716
0.154005
0.153297
0.152592
0.151891
0.151193
0.150498
0.149806
0.149117
0.148431
0.147749
0.147069
0.146392
0.145719
0.145049
0.144381
0.143717
0.143055
0.142397
0.141742
0.141089
0.14044
0.139793
0.139149
0.138509
0.137871
0.137236
0.136604
0.135974
0.135348
0.134724
0.134104
0.133486
0.132871
0.132258
0.131649
0.131042
0.130438
0.129836
0.129237
0.128641
0.128048
0.127458
0.12687
0.126284
0.125702
0.125122
0.124544
0.12397
0.123398
0.122828
0.122261
0.121697
0.121135
0.120575
0.120019
0.119464
0.118913
0.118363
0.117817
0.117272
0.116731
0.116191
0.115654
0.11512
0.114588
0.114058
0.113531
0.113006
0.112483
0.111963
0.111445
0.11093
0.110417
0.109906
0.109398
0.108892
0.108388
0.107886
0.107387
0.10689
0.106395
0.105903
0.105412
0.104924
0.104438
0.103955
0.103473
0.102994
0.102517
0.102042
0.101569
0.101098
0.10063
0.100164
0.0996993
0.0992372
0.0987772
0.0983192
0.0978633
0.0974095
0.0969578
0.0965081
0.0960604
0.0956148
0.0951712
0.0947296
0.09429
0.0938525
0.0934169
0.0929833
0.0925516
0.0921219
0.0916942
0.0912684
0.0908446
0.0904227
0.0900027
0.0895846
0.0891684
0.0887541
0.0883417
0.0879311
0.0875225
0.0871156
0.0867107
0.0863076
0.0859063
0.0855068
0.0851092
0.0847133
0.0843193
0.083927
0.0835366
0.0831479
0.082761
0.0823758
0.0819924
0.0816108
0.0812309
0.0808527
0.0804762
0.0801015
0.0797284
0.0793571
0.0789874
0.0786194
0.0782532
0.0778885
0.0775256
0.0771642
0.0768046
0.0764465
0.0760901
0.0757354
0.0753822
0.0750307
0.0746807
0.0743324
0.0739856
0.0736404
0.0732968
0.0729548
0.0726143
0.0722753
0.0719379
0.0716021
0.0712678
0.070935
0.0706037
0.0702739
0.0699457
0.0696189
0.0692936
0.0689698
0.0686475
0.0683267
0.0680073
0.0676894
0.0673729
0.0670579
0.0667443
0.0664321
0.0661214
0.0658121
0.0655042
0.0651977
0.0648926
0.0645888
0.0642865
0.0639856
0.063686
0.0633878
0.063091
0.0627955
0.0625014
0.0622086
0.0619171
0.061627
0.0613382
0.0610507
0.0607645
0.0604797
0.0601961
0.0599139
0.0596329
0.0593532
0.0590748
0.0587977
0.0585218
0.0582472
0.0579738
0.0577017
0.0574309
0.0571612
0.0568928
0.0566257
0.0563597
0.056095
0.0558315
0.0555692
0.0553081
0.0550481
0.0547894
0.0545319
0.0542755
0.0540203
0.0537663
0.0535134
0.0532617
0.0530111
0.0527617
0.0525135
0.0522663
0.0520203
0.0517755
0.0515317
0.0512891
0.0510475
0.0508071
0.0505678
0.0503296
0.0500924
0.0498564
0.0496214
0.0493875
0.0491547
0.0489229
0.0486922
0.0484626
0.048234
0.0480065
0.04778
0.0475545
0.0473301
0.0471067
0.0468843
0.0466629
0.0464426
0.0462233
0.0460049
0.0457876
0.0455713
0.0453559
0.0451416
0.0449282
0.0447158
0.0445044
0.0442939
0.0440845
0.0438759
0.0436684
0.0434617
0.0432561
0.0430513
0.0428476
0.0426447
0.0424428
0.0422418
0.0420417
0.0418426
0.0416443
0.041447
0.0412505
0.041055
0.0408604
0.0406667
0.0404738
0.0402818
0.0400908
0.0399006
0.0397112
0.0395228
0.0393352
0.0391484
0.0389626
0.0387775
0.0385934
0.03841
0.0382275
0.0380459
0.0378651
0.0376851
0.0375059
0.0373276
0.0371501
0.0369734
0.0367975
0.0366224
0.0364481
0.0362746
0.036102
0.0359301
0.035759
0.0355887
0.0354191
0.0352504
0.0350824
0.0349152
0.0347488
0.0349154
0.0350831
0.035252
0.035422
0.0355932
0.0357656
0.0359391
0.0361139
0.0362898
0.0364668
0.0366451
0.0368246
0.0370053
0.0371872
0.0373703
0.0375547
0.0377403
0.0379271
0.0381151
0.0383044
0.038495
0.0386868
0.0388799
0.0390742
0.0392699
0.0394668
0.039665
0.0398645
0.0400653
0.0402674
0.0404708
0.0406756
0.0408817
0.0410891
0.0412978
0.0415079
0.0417194
0.0419322
0.0421464
0.042362
0.0425789
0.0427973
0.043017
0.0432381
0.0434607
0.0436846
0.04391
0.0441368
0.0443651
0.0445948
0.0448259
0.0450585
0.0452926
0.0455282
0.0457652
0.0460037
0.0462437
0.0464852
0.0467282
0.0469728
0.0472189
0.0474665
0.0477156
0.0479663
0.0482186
0.0484724
0.0487278
0.0489847
0.0492433
0.0495034
0.0497652
0.0500286
0.0502936
0.0505602
0.0508285
0.0510984
0.0513699
0.0516432
0.0519181
0.0521947
0.0524729
0.0527529
0.0530346
0.053318
0.0536031
0.05389
0.0541786
0.0544689
0.054761
0.0550549
0.0553506
0.055648
0.0559473
0.0562483
0.0565512
0.0568559
0.0571624
0.0574708
0.0577811
0.0580932
0.0584072
0.058723
0.0590408
0.0593605
0.059682
0.0600055
0.060331
0.0606584
0.0609877
0.0613191
0.0616524
0.0619876
0.0623249
0.0626642
0.0630055
0.0633489
0.0636943
0.0640417
0.0643912
0.0647428
0.0650965
0.0654522
0.0658101
0.0661701
0.0665322
0.0668965
0.0672629
0.0676315
0.0680023
0.0683753
0.0687504
0.0691278
0.0695074
0.0698893
0.0702734
0.0706597
0.0710484
0.0714393
0.0718325
0.072228
0.0726259
0.0730261
0.0734287
0.0738336
0.0742409
0.0746506
0.0750626
0.0754771
0.0758941
0.0763135
0.0767353
0.0771596
0.0775864
0.0780157
0.0784475
0.0788818
0.0793186
0.0797581
0.0802
0.0806446
0.0810917
0.0815415
0.0819939
0.0824489
0.0829066
0.083367
0.08383
0.0842957
0.0847642
0.0852353
0.0857093
0.0861859
0.0866654
0.0871476
0.0876327
0.0881205
0.0886112
0.0891048
0.0896012
0.0901005
0.0906027
0.0911078
0.0916158
0.0921268
0.0926408
0.0931577
0.0936777
0.0942006
0.0947266
0.0952556
0.0957877
0.0963229
0.0968612
0.0974026
0.0979471
0.0984948
0.0990456
0.0995997
0.100157
0.100717
0.101281
0.101848
0.102418
0.102992
0.103569
0.104149
0.104732
0.105319
0.10591
0.106503
0.1071
0.107701
0.108305
0.108913
0.109524
0.110138
0.110756
0.111378
0.112003
0.112632
0.113265
0.113901
0.11454
0.115184
0.115831
0.116482
0.117137
0.117795
0.118457
0.119123
0.119793
0.120467
0.121144
0.121826
0.122511
0.123201
0.123894
0.124591
0.125293
0.125998
0.126707
0.127421
0.128138
0.12886
0.129586
0.130316
0.13105
0.131788
0.132531
0.133278
0.134029
0.134784
0.135544
0.136308
0.137077
0.13785
0.138627
0.139409
0.140195
0.140986
0.141781
0.142581
0.143386
0.144195
0.145008
0.145827
0.14665
0.147477
0.14831
0.149147
0.149989
0.150836
0.151688
0.152544
0.153406
0.154272
0.155143
0.15602
0.156901
0.157787
0.158678
0.159575
0.160476
0.161383
0.162295
0.163212
0.164134
0.165062
0.165995
0.166933
0.167877
0.168825
0.16978
0.170739
0.171705
0.172675
0.173651
0.174633
0.175621
0.176614
0.177612
0.178616
0.179626
0.180642
0.181664
0.182691
0.183724
0.184763
0.185808
0.186859
0.187915
0.188978
0.190047
0.191122
0.192203
0.19329
0.194383
0.195482
0.196588
0.1977
0.198818
0.199942
0.201073
0.202211
0.203354
0.204504
0.205661
0.206824
0.207994
0.20917
0.210353
0.211543
0.212739
0.213942
0.215152
0.216369
0.217592
0.218823
0.22006
0.221304
0.222556
0.223814
0.225079
0.226352
0.227631
0.228918
0.230212
0.231514
0.232822
0.234138
0.235462
0.236792
0.238131
0.239476
0.240829
0.24219
0.243559
0.244935
0.246318
0.24771
0.249109
0.250516
0.251931
0.253354
0.254784
0.256223
0.25767
0.259124
0.260587
0.262058
0.263537
0.265025
0.26652
0.268024
0.269536
0.271057
0.272586
0.274123
0.275669
0.277224
0.278787
0.280359
0.281939
0.283528
0.285126
0.286733
0.288349
0.289973
0.291607
0.293249
0.2949
0.296561
0.298231
0.299909
0.301597
0.303295
0.305001
0.306717
0.308442
0.310177
0.311921
0.313675
0.315438
0.317211
0.318993
0.320786
0.322588
0.324399
0.326221
0.328052
0.329894
0.331745
0.333606
0.335478
0.337359
0.339251
0.341153
0.343065
0.344988
0.346921
0.348864
0.350818
0.352782
0.354756
0.356742
0.358738
0.360744
0.362761
0.364789
0.366828
0.368878
0.370939
0.37301
0.375093
0.377187
0.379291
0.381407
0.383534
0.385673
0.387822
0.389983
0.392155
0.394339
0.396534
0.398741
0.400959
0.403189
0.405431
0.407684
0.409949
0.412226
0.414515
0.416816
0.419128
0.421453
0.423789
0.426138
0.428499
0.430872
0.433257
0.435654
0.438064
0.440486
0.442921
0.445368
0.447827
0.450299
0.452784
0.455281
0.457791
0.460313
0.462849
0.465397
0.467958
0.470532
0.473119
0.475718
0.478331
0.480957
0.483596
0.486248
0.488914
0.491592
0.494284
0.496989
0.499708
0.50244
0.505185
0.507944
0.510717
0.513503
0.516302
0.519115
0.521942
0.524783
0.527637
0.530505
0.533387
0.536283
0.539193
0.542116
0.545054
0.548005
0.550971
0.553951
0.556944
0.559952
0.562974
0.566011
0.569061
0.572126
0.575205
0.578299
0.581406
0.584529
0.587665
0.590816
0.593982
0.597162
0.600356
0.603565
0.606789
0.610027
0.61328
0.616547
0.61983
0.623126
0.626438
0.629764
0.633105
0.636461
0.639832
0.643217
0.646617
0.650032
0.653462
0.656907
0.660366
0.663841
0.66733
0.670834
0.674353
0.677888
0.681437
0.685001
0.68858
0.692174
0.695782
0.699406
0.703045
0.706699
0.710368
0.714051
0.71775
0.721464
0.725192
0.728936
0.732694
0.736468
0.740256
0.74406
0.747878
0.751711
0.755559
0.759422
0.7633
0.767193
0.771101
0.775023
0.77896
0.782912
0.786879
0.790861
0.794857
0.798868
0.802894
0.806934
0.810989
0.815059
0.819143
0.823241
0.827355
0.831482
0.835624
0.839781
0.843952
0.848137
0.852336
0.85655
0.860778
0.86502
0.869276
0.873546
0.87783
0.882128
0.886441
0.890767
0.895106
0.89946
0.903827
0.908208
0.912602
0.91701
0.921432
0.925866
0.930315
0.934776
0.939251
0.943738
0.948239
0.952753
0.957279
0.961819
0.966371
0.970936
0.975514
0.980104
0.984706
0.989321
0.993949
0.998588
1.00324
1.0079
1.01258
1.01727
1.02196
1.02668
1.0314
1.03613
1.04088
1.04563
1.0504
1.05518
1.05997
1.06477
1.06958
1.0744
1.07924
1.08408
1.08893
1.09379
1.09867
1.10355
1.10845
1.11335
1.11826
1.12318
1.12812
1.13306
1.13801
1.14297
1.14793
1.15291
1.1579
1.16289
1.16789
1.1729
1.17792
1.18295
1.18798
1.19303
1.19808
1.20313
1.2082
1.21327
1.21835
1.22344
1.22853
1.23363
1.23874
1.24385
1.24897
1.25409
1.25922
1.26436
1.2695
1.27465
1.2798
1.28496
1.29013
1.29529
1.30047
1.30565
1.31083
1.31601
1.32121
1.3264
1.3316
1.3368
1.34201
1.34722
1.35243
1.35765
1.36286
1.36809
1.37331
1.37854
1.38377
1.389
1.39423
1.39947
1.4047
1.40994
1.41518
1.42042
1.42567
1.43091
1.43615
1.4414
1.44664
1.45189
1.45714
1.46238
1.46763
1.47287
1.47812
1.48336
1.48861
1.49385
1.49909
1.50433
1.50957
1.51481
1.52005
1.52528
1.53052
1.53575
1.54098
1.5462
1.55143
1.55665
1.56187
1.56708
1.5723
1.57751
1.58271
1.58792
1.59311
1.59831
1.6035
1.60869
1.61387
1.61905
1.62423
1.6294
1.63456
1.63972
1.64488
1.65003
1.65517
1.66031
1.66545
1.67058
1.6757
1.68082
1.68593
1.69103
1.69613
1.70122
1.70631
1.71139
1.71646
1.72153
1.72659
1.73164
1.73669
1.74172
1.74675
1.75178
1.75679
1.7618
1.7668
1.77179
1.77677
1.78175
1.78672
1.79168
1.79663
1.80157
1.8065
1.81143
1.81634
1.82125
1.82615
1.83104
1.83592
1.84079
1.84565
1.8505
1.85534
1.86017
1.865
1.86981
1.87461
1.87941
1.88419
1.88896
1.89373
1.89848
1.90322
1.90795
1.91268
1.91739
1.92209
1.92678
1.93146
1.93613
1.94078
1.94543
1.95007
1.95469
1.9593
1.96391
1.9685
1.97308
1.97765
1.9822
1.98675
1.99128
1.99581
2.00032
2.00482
2.00931
2.01378
2.01825
2.0227
2.02714
2.03157
2.03599
2.04039
2.04478
2.04917
2.05353
2.05789
2.06224
2.06657
2.07089
2.0752
2.07949
2.08378
2.08805
2.09231
2.09655
2.10079
2.10501
2.10922
2.11341
2.1176
2.12177
2.12593
2.13007
2.13421
2.13833
2.14244
2.14653
2.15062
2.15469
2.15875
2.16279
2.16683
2.17085
2.17485
2.17885
2.18283
2.1868
2.19075
2.1947
2.19863
2.20255
2.20645
2.21034
2.21422
2.21809
2.22194
2.22579
2.22961
2.23343
2.23723
2.24102
2.2448
2.24857
2.25232
2.25606
2.25978
2.2635
2.2672
2.27088
2.27456
2.27822
2.28187
2.28551
2.28913
2.29275
2.29635
2.29993
2.30351
2.30707
2.31061
2.31415
2.31767
2.32118
2.32468
2.32817
2.33164
2.3351
2.33855
2.34198
2.34541
2.34882
2.35222
2.3556
2.35897
2.36233
2.36568
2.36902
2.37234
2.37565
2.37895
2.38224
2.38551
2.38877
2.39202
2.39526
2.39849
2.4017
2.4049
2.40809
2.41127
2.41443
2.41759
2.42073
2.42386
2.42697
2.43008
2.43317
2.43625
2.43932
2.44238
2.44543
2.44846
2.45148
2.45449
2.45749
2.46048
2.46345
2.46642
2.46937
2.47231
2.47524
2.47816
2.48107
2.48396
2.48684
2.48972
2.49258
2.49543
2.49826
2.50109
2.50391
2.50671
2.5095
2.51229
2.51506
2.51782
2.52057
2.5233
2.52603
2.52875
2.53145
2.53414
2.53683
2.5395
2.54216
2.54481
2.54745
2.55008
2.5527
2.55531
2.55791
2.56049
2.56307
2.56563
2.56819
2.57073
2.57327
2.57579
2.57831
2.58081
2.5833
2.58578
2.58826
2.59072
2.59317
2.59561
2.59805
2.60047
2.60288
2.60528
2.60767
2.61005
2.61243
2.61479
2.61714
2.61948
2.62182
2.62414
2.62645
2.62876
2.63105
2.63333
2.63561
2.63787
2.64013
2.64238
2.64461
2.64684
2.64906
2.65127
2.65347
2.65566
2.65784
2.66001
2.66217
2.66433
2.66647
2.6686
2.67073
2.67285
2.67496
2.67706
2.67915
2.68123
2.6833
2.68536
2.68742
2.68946
2.6915
2.69353
2.69555
2.69756
2.69956
2.70156
2.70354
2.70552
2.70749
2.70945
2.7114
2.71335
2.71528
2.71721
2.71913
2.72104
2.72294
2.72483
2.72672
2.7286
2.73047
2.73233
2.73418
2.73603
2.73786
2.73969
2.74151
2.74333
2.74513
2.74693
2.74872
2.7505
2.75228
2.75405
2.7558
2.75756
2.7593
2.76104
2.76277
2.76449
2.7662
2.76791
2.76961
2.7713
2.77298
2.77466
2.77633
2.77799
2.77965
2.78129
2.78293
2.78457
2.78619
2.78781
2.78943
2.79103
2.79263
2.79422
2.7958
2.79738
2.79895
2.80051
2.80207
2.80362
2.80516
2.8067
2.80823
2.80975
2.81127
2.81278
2.81428
2.81577
2.81726
2.81875
2.82022
2.82169
2.82316
2.82461
2.82606
2.82751
2.82894
2.83038
2.8318
2.83322
2.83463
2.83604
2.83744
2.83883
2.84022
2.8416
2.84297
2.84434
2.84571
2.84706
2.84842
2.84976
2.8511
2.85243
2.85376
2.85508
2.8564
2.85771
2.85901
2.86031
2.8616
2.86289
2.86417
2.86544
2.86671
2.86798
2.86923
2.87049
2.87173
2.87297
2.87421
2.87544
2.87667
2.87789
2.8791
2.88031
2.88151
2.88271
2.8839
2.88509
2.88627
2.88745
2.88862
2.88978
2.89095
2.8921
2.89325
2.8944
2.89554
2.89667
2.8978
2.89893
2.90005
2.90116
2.90227
2.90338
2.90448
2.90557
2.90666
2.90775
2.90883
2.9099
2.91098
2.91204
2.9131
2.91416
2.91521
2.91626
2.9173
2.91834
2.91937
2.9204
2.92142
2.92244
2.92346
2.92447
2.92547
2.92647
2.92747
2.92846
2.92945
2.93043
2.93141
2.93238
2.93335
2.93432
2.93528
2.93624
2.93719
2.93814
2.93908
2.94002
2.94096
2.94189
2.94281
2.94374
2.94466
2.94557
2.94648
2.94739
2.94829
2.94919
2.95008
2.95097
2.95186
2.95274
2.95362
2.95449
2.95536
2.95623
2.95709
2.95795
2.9588
2.95965
2.9605
2.96134
2.96218
2.96302
2.96385
2.96468
2.9655
2.96632
2.96714
2.96795
2.96876
2.96957
2.97037
2.97117
2.97196
2.97275
2.97354
2.97432
2.9751
2.97588
2.97665
2.97742
2.97819
2.97895
2.97971
2.98047
2.98122
2.98197
2.98272
2.98346
2.9842
2.98493
2.98567
2.98639
2.98712
2.98784
2.98856
2.98928
2.98999
2.9907
2.99141
2.99211
2.99281
2.9935
2.9942
2.99489
2.99558
2.99626
2.99694
2.99762
2.99829
2.99896
2.99963
3.0003
3.00096
3.00162
3.00228
3.00293
3.00358
3.00423
3.00487
3.00551
3.00615
3.00679
3.00742
3.00805
3.00868
3.0093
3.00993
3.01054
3.01116
3.01177
3.01238
3.01299
3.0136
3.0142
3.0148
3.01539
3.01599
3.01658
3.01717
3.01775
3.01833
3.01891
3.01949
3.02007
3.02064
3.02121
3.02178
3.02234
3.0229
3.02346
3.02402
3.02457
3.02513
3.02568
3.02622
3.02677
3.02731
3.02785
3.02839
3.02892
3.02945
3.02998
3.03051
3.03103
3.03156
3.03208
3.03259
3.03311
3.03362
3.03413
3.03464
3.03515
3.03565
3.03615
3.03665
3.03715
3.03764
3.03813
3.03862
3.03911
3.0396
3.04008
3.04056
3.04104
3.04152
3.04199
3.04246
3.04293
3.0434
3.04387
3.04433
3.04479
3.04525
3.04571
3.04616
3.04662
3.04707
3.04752
3.04796
3.04841
3.04885
3.04929
3.04973
3.05017
3.0506
3.05103
3.05147
3.05189
3.05232
3.05275
3.05317
3.05359
3.05401
3.05443
3.05401
3.05359
3.05316
3.05274
3.05231
3.05188
3.05144
3.051
3.05056
3.05012
3.04967
3.04922
3.04877
3.04831
3.04786
3.04739
3.04693
3.04646
3.04599
3.04552
3.04504
3.04456
3.04407
3.04359
3.0431
3.0426
3.04211
3.04161
3.0411
3.0406
3.04009
3.03957
3.03906
3.03854
3.03802
3.03749
3.03696
3.03643
3.03589
3.03535
3.03481
3.03426
3.03371
3.03316
3.0326
3.03204
3.03148
3.03091
3.03034
3.02976
3.02918
3.0286
3.02801
3.02743
3.02683
3.02623
3.02563
3.02503
3.02442
3.02381
3.02319
3.02257
3.02195
3.02132
3.02069
3.02006
3.01942
3.01878
3.01813
3.01748
3.01682
3.01617
3.0155
3.01484
3.01416
3.01349
3.01281
3.01213
3.01144
3.01075
3.01005
3.00935
3.00865
3.00794
3.00723
3.00651
3.00579
3.00506
3.00433
3.0036
3.00286
3.00212
3.00137
3.00062
2.99986
2.9991
2.99833
2.99756
2.99679
2.99601
2.99523
2.99444
2.99364
2.99285
2.99204
2.99124
2.99042
2.98961
2.98878
2.98796
2.98712
2.98629
2.98545
2.9846
2.98375
2.98289
2.98203
2.98116
2.98029
2.97941
2.97853
2.97765
2.97675
2.97586
2.97495
2.97404
2.97313
2.97221
2.97129
2.97036
2.96942
2.96848
2.96754
2.96659
2.96563
2.96467
2.9637
2.96273
2.96175
2.96076
2.95977
2.95878
2.95777
2.95677
2.95575
2.95473
2.95371
2.95268
2.95164
2.9506
2.94955
2.94849
2.94743
2.94636
2.94529
2.94421
2.94313
2.94203
2.94093
2.93983
2.93872
2.9376
2.93648
2.93535
2.93421
2.93307
2.93192
2.93076
2.9296
2.92843
2.92726
2.92607
2.92488
2.92369
2.92249
2.92128
2.92006
2.91884
2.91761
2.91637
2.91513
2.91387
2.91262
2.91135
2.91008
2.9088
2.90751
2.90622
2.90492
2.90361
2.90229
2.90097
2.89964
2.8983
2.89695
2.8956
2.89424
2.89287
2.89149
2.89011
2.88871
2.88731
2.88591
2.88449
2.88307
2.88164
2.8802
2.87875
2.8773
2.87583
2.87436
2.87288
2.87139
2.8699
2.86839
2.86688
2.86536
2.86383
2.86229
2.86074
2.85919
2.85762
2.85605
2.85447
2.85288
2.85128
2.84968
2.84806
2.84643
2.8448
2.84316
2.84151
2.83984
2.83817
2.83649
2.83481
2.83311
2.8314
2.82968
2.82796
2.82622
2.82448
2.82273
2.82096
2.81919
2.81741
2.81561
2.81381
2.812
2.81018
2.80835
2.8065
2.80465
2.80279
2.80092
2.79904
2.79715
2.79524
2.79333
2.79141
2.78948
2.78753
2.78558
2.78362
2.78164
2.77966
2.77766
2.77565
2.77364
2.77161
2.76957
2.76752
2.76546
2.76339
2.76131
2.75922
2.75711
2.755
2.75287
2.75073
2.74859
2.74643
2.74426
2.74207
2.73988
2.73767
2.73546
2.73323
2.73099
2.72874
2.72647
2.7242
2.72191
2.71961
2.7173
2.71498
2.71264
2.7103
2.70794
2.70557
2.70319
2.70079
2.69838
2.69596
2.69353
2.69109
2.68863
2.68616
2.68368
2.68119
2.67868
2.67616
2.67363
2.67108
2.66853
2.66595
2.66337
2.66078
2.65817
2.65554
2.65291
2.65026
2.6476
2.64493
2.64224
2.63954
2.63682
2.6341
2.63136
2.6286
2.62583
2.62305
2.62026
2.61745
2.61463
2.61179
2.60894
2.60608
2.60321
2.60032
2.59741
2.59449
2.59156
2.58862
2.58566
2.58268
2.5797
2.5767
2.57368
2.57065
2.56761
2.56455
2.56148
2.55839
2.55529
2.55218
2.54905
2.5459
2.54275
2.53957
2.53639
2.53319
2.52997
2.52674
2.5235
2.52024
2.51697
2.51368
2.51037
2.50706
2.50373
2.50038
2.49702
2.49364
2.49025
2.48685
2.48343
2.47999
2.47654
2.47308
2.4696
2.46611
2.4626
2.45907
2.45554
2.45198
2.44841
2.44483
2.44123
2.43762
2.43399
2.43035
2.4267
2.42302
2.41934
2.41563
2.41192
2.40819
2.40444
2.40068
2.3969
2.39311
2.38931
2.38549
2.38165
2.3778
2.37394
2.37006
2.36617
2.36226
2.35833
2.3544
2.35044
2.34648
2.34249
2.3385
2.33449
2.33046
2.32642
2.32237
2.3183
2.31421
2.31011
2.306
2.30188
2.29773
2.29358
2.28941
2.28523
2.28103
2.27682
2.27259
2.26835
2.2641
2.25983
2.25555
2.25125
2.24694
2.24262
2.23828
2.23393
2.22957
2.22519
2.2208
2.2164
2.21198
2.20755
2.2031
2.19865
2.19418
2.18969
2.1852
2.18069
2.17617
2.17163
2.16708
2.16252
2.15795
2.15337
2.14877
2.14416
2.13954
2.13491
2.13026
2.12561
2.12094
2.11626
2.11156
2.10686
2.10214
2.09742
2.09268
2.08793
2.08317
2.0784
2.07362
2.06883
2.06402
2.05921
2.05439
2.04955
2.04471
2.03985
2.03499
2.03011
2.02523
2.02034
2.01543
2.01052
2.0056
2.00067
1.99573
1.99078
1.98582
1.98085
1.97588
1.97089
1.9659
1.9609
1.95589
1.95088
1.94585
1.94082
1.93578
1.93073
1.92568
1.92062
1.91555
1.91048
1.90539
1.90031
1.89521
1.89011
1.885
1.87989
1.87477
1.86965
1.86452
1.85938
1.85424
1.8491
1.84394
1.83879
1.83363
1.82846
1.82329
1.81812
1.81294
1.80776
1.80257
1.79738
1.79219
1.787
1.7818
1.77659
1.77139
1.76618
1.76097
1.75576
1.75054
1.74532
1.7401
1.73488
1.72966
1.72443
1.71921
1.71398
1.70875
1.70352
1.69829
1.69306
1.68783
1.68259
1.67736
1.67213
1.6669
1.66166
1.65643
1.6512
1.64597
1.64074
1.63551
1.63029
1.62506
1.61984
1.61461
1.60939
1.60417
1.59896
1.59374
1.58853
1.58332
1.57811
1.5729
1.5677
1.5625
1.55731
1.55211
1.54692
1.54174
1.53656
1.53138
1.52621
1.52104
1.51587
1.51071
1.50555
1.5004
1.49525
1.49011
1.48497
1.47984
1.47471
1.46959
1.46448
1.45937
1.45426
1.44916
1.44407
1.43898
1.4339
1.42883
1.42376
1.4187
1.41365
1.4086
1.40356
1.39853
1.39351
1.38849
1.38348
1.37847
1.37348
1.36849
1.36351
1.35854
1.35358
1.34862
1.34367
1.33873
1.3338
1.32888
1.32397
1.31906
1.31417
1.30928
1.3044
1.29953
1.29467
1.28982
1.28498
1.28015
1.27533
1.27052
1.26571
1.26092
1.25614
1.25137
1.2466
1.24185
1.23711
1.23237
1.22765
1.22294
1.21824
1.21355
1.20887
1.2042
1.19954
1.19489
1.19025
1.18563
1.18101
1.17641
1.17181
1.16723
1.16266
1.1581
1.15355
1.14902
1.14449
1.13998
1.13547
1.13098
1.1265
1.12203
1.11758
1.11313
1.1087
1.10428
1.09987
1.09547
1.09109
1.08672
1.08235
1.07801
1.07367
1.06934
1.06503
1.06073
1.05644
1.05216
1.0479
1.04365
1.03941
1.03518
1.03097
1.02677
1.02258
1.0184
1.01423
1.01008
1.00594
1.00181
0.9977
0.993597
0.989508
0.985431
0.981366
0.977314
0.973275
0.969248
0.965235
0.961233
0.957245
0.953269
0.949306
0.945355
0.941417
0.937492
0.93358
0.92968
0.925793
0.921919
0.918058
0.914209
0.910373
0.90655
0.902739
0.898942
0.895157
0.891385
0.887625
0.883878
0.880144
0.876423
0.872714
0.869018
0.865335
0.861665
0.858007
0.854362
0.850729
0.84711
0.843503
0.839908
0.836326
0.832757
0.829201
0.825657
0.822125
0.818607
0.8151
0.811607
0.808126
0.804657
0.801201
0.797757
0.794326
0.790908
0.787502
0.784108
0.780726
0.777358
0.774001
0.770657
0.767325
0.764005
0.760698
0.757403
0.754121
0.75085
0.747592
0.744346
0.741112
0.73789
0.734681
0.731483
0.728298
0.725125
0.721963
0.718814
0.715677
0.712551
0.709438
0.706337
0.703247
0.700169
0.697104
0.69405
0.691007
0.687977
0.684958
0.681951
0.678956
0.675972
0.673
0.67004
0.667091
0.664154
0.661228
0.658314
0.655411
0.652519
0.649639
0.646771
0.643914
0.641068
0.638233
0.63541
0.632597
0.629796
0.627007
0.624228
0.62146
0.618704
0.615959
0.613224
0.610501
0.607788
0.605087
0.602396
0.599716
0.597048
0.594389
0.591742
0.589106
0.58648
0.583864
0.58126
0.578666
0.576083
0.57351
0.570947
0.568396
0.565854
0.563323
0.560803
0.558293
0.555793
0.553303
0.550824
0.548355
0.545896
0.543447
0.541009
0.53858
0.536162
0.533753
0.531355
0.528967
0.526588
0.52422
0.521861
0.519512
0.517173
0.514844
0.512524
0.510214
0.507914
0.505624
0.503343
0.501071
0.49881
0.496557
0.494315
0.492081
0.489857
0.487643
0.485438
0.483242
0.481055
0.478878
0.47671
0.474551
0.472401
0.47026
0.468129
0.466006
0.463893
0.461788
0.459693
0.457606
0.455529
0.45346
0.4514
0.449349
0.447306
0.445272
0.443247
0.441231
0.439223
0.437224
0.435234
0.433252
0.431278
0.429313
0.427357
0.425409
0.423469
0.421538
0.419615
0.4177
0.415794
0.413895
0.412005
0.410123
0.40825
0.406384
0.404527
0.402677
0.400836
0.399002
0.397176
0.395359
0.393549
0.391747
0.389953
0.388167
0.386388
0.384618
0.382855
0.381099
0.379352
0.377612
0.375879
0.374154
0.372437
0.370727
0.369024
0.367329
0.365642
0.363962
0.362289
0.360623
0.358965
0.357314
0.35567
0.354034
0.352405
0.350782
0.349167
0.34756
0.345959
0.344365
0.342778
0.341198
0.339625
0.338059
0.3365
0.334948
0.333403
0.331864
0.330332
0.328807
0.327289
0.325778
0.324273
0.322775
0.321283
0.319798
0.318319
0.316848
0.315382
0.313923
0.312471
0.311025
0.309585
0.308152
0.306725
0.305305
0.30389
0.302483
0.301081
0.299685
0.298296
0.296913
0.295536
0.294165
0.292801
0.291442
0.290089
0.288743
0.287402
0.286068
0.284739
0.283416
0.282099
0.280788
0.279483
0.278184
0.27689
0.275603
0.274321
0.273045
0.271774
0.270509
0.26925
0.267996
0.266748
0.265506
0.264269
0.263038
0.261812
0.260592
0.259377
0.258167
0.256964
0.255765
0.254572
0.253384
0.252201
0.251024
0.249852
0.248686
0.247524
0.246368
0.245217
0.244071
0.24293
0.241795
0.240664
0.239539
0.238418
0.237303
0.236193
0.235087
0.233987
0.232892
0.231801
0.230716
0.229635
0.228559
0.227489
0.226422
0.225361
0.224305
0.223253
0.222206
0.221164
0.220126
0.219093
0.218065
0.217041
0.216022
0.215008
0.213998
0.212993
0.211992
0.210996
0.210005
0.209017
0.208035
0.207056
0.206083
0.205113
0.204148
0.203187
0.202231
0.201279
0.200331
0.199388
0.198449
0.197514
0.196583
0.195657
0.194735
0.193817
0.192903
0.191993
0.191087
0.190186
0.189288
0.188395
0.187506
0.186621
0.185739
0.184862
0.183989
0.18312
0.182254
0.181393
0.180535
0.179682
0.178832
0.177986
0.177144
0.176306
0.175472
0.174641
0.173814
0.172991
0.172172
0.171356
0.170544
0.169736
0.168932
0.168131
0.167334
0.16654
0.16575
0.164964
0.164181
0.163402
0.162626
0.161854
0.161086
0.16032
0.159559
0.158801
0.158046
0.157295
0.158046
0.158803
0.159565
0.160331
0.161103
0.161881
0.162663
0.163451
0.164244
0.165042
0.165846
0.166655
0.167469
0.168289
0.169114
0.169944
0.17078
0.171622
0.172469
0.173322
0.17418
0.175044
0.175913
0.176788
0.177669
0.178555
0.179447
0.180345
0.181249
0.182158
0.183074
0.183995
0.184922
0.185855
0.186794
0.187738
0.188689
0.189646
0.190609
0.191578
0.192553
0.193534
0.194522
0.195515
0.196515
0.197521
0.198533
0.199552
0.200577
0.201608
0.202645
0.203689
0.20474
0.205797
0.20686
0.20793
0.209007
0.21009
0.21118
0.212276
0.213379
0.214489
0.215606
0.216729
0.21786
0.218997
0.22014
0.221291
0.222449
0.223614
0.224785
0.225964
0.22715
0.228343
0.229543
0.23075
0.231965
0.233186
0.234415
0.235651
0.236895
0.238146
0.239404
0.24067
0.241943
0.243224
0.244512
0.245808
0.247112
0.248423
0.249742
0.251068
0.252402
0.253744
0.255094
0.256452
0.257818
0.259191
0.260573
0.261962
0.26336
0.264765
0.266179
0.267601
0.269031
0.27047
0.271916
0.273371
0.274834
0.276306
0.277786
0.279275
0.280772
0.282277
0.283791
0.285314
0.286846
0.288386
0.289935
0.291492
0.293059
0.294634
0.296218
0.297811
0.299414
0.301025
0.302645
0.304274
0.305913
0.30756
0.309217
0.310883
0.312559
0.314243
0.315937
0.317641
0.319354
0.321077
0.322809
0.32455
0.326302
0.328063
0.329834
0.331614
0.333404
0.335205
0.337015
0.338835
0.340665
0.342505
0.344355
0.346215
0.348086
0.349966
0.351857
0.353758
0.35567
0.357592
0.359524
0.361467
0.36342
0.365384
0.367358
0.369343
0.371339
0.373345
0.375363
0.377391
0.37943
0.381479
0.38354
0.385612
0.387695
0.389789
0.391894
0.39401
0.396138
0.398276
0.400426
0.402588
0.404761
0.406945
0.409141
0.411348
0.413567
0.415797
0.418039
0.420293
0.422559
0.424836
0.427126
0.429427
0.43174
0.434065
0.436402
0.438751
0.441113
0.443486
0.445872
0.44827
0.45068
0.453102
0.455537
0.457984
0.460444
0.462916
0.465401
0.467899
0.470409
0.472931
0.475467
0.478015
0.480576
0.48315
0.485736
0.488336
0.490948
0.493574
0.496212
0.498864
0.501529
0.504207
0.506898
0.509602
0.51232
0.515051
0.517795
0.520553
0.523324
0.526109
0.528907
0.531719
0.534544
0.537383
0.540236
0.543102
0.545982
0.548875
0.551783
0.554704
0.557639
0.560588
0.563551
0.566528
0.569519
0.572524
0.575543
0.578576
0.581623
0.584685
0.58776
0.59085
0.593954
0.597072
0.600204
0.603351
0.606512
0.609687
0.612877
0.616081
0.6193
0.622533
0.625781
0.629043
0.632319
0.63561
0.638916
0.642236
0.645571
0.64892
0.652284
0.655662
0.659056
0.662464
0.665886
0.669323
0.672775
0.676242
0.679724
0.68322
0.686731
0.690256
0.693797
0.697352
0.700922
0.704507
0.708106
0.71172
0.715349
0.718993
0.722652
0.726325
0.730014
0.733717
0.737434
0.741167
0.744914
0.748676
0.752453
0.756245
0.760051
0.763872
0.767708
0.771558
0.775423
0.779303
0.783197
0.787106
0.79103
0.794968
0.798921
0.802889
0.80687
0.810867
0.814878
0.818903
0.822943
0.826997
0.831066
0.835149
0.839246
0.843357
0.847483
0.851623
0.855777
0.859945
0.864128
0.868324
0.872534
0.876759
0.880997
0.885249
0.889515
0.893795
0.898088
0.902395
0.906716
0.91105
0.915398
0.919759
0.924134
0.928521
0.932923
0.937337
0.941765
0.946205
0.950659
0.955126
0.959605
0.964097
0.968603
0.97312
0.977651
0.982193
0.986749
0.991316
0.995896
1.00049
1.00509
1.00971
1.01434
1.01898
1.02363
1.02829
1.03297
1.03766
1.04235
1.04706
1.05178
1.05652
1.06126
1.06601
1.07078
1.07555
1.08034
1.08513
1.08994
1.09476
1.09959
1.10442
1.10927
1.11413
1.119
1.12387
1.12876
1.13366
1.13856
1.14348
1.1484
1.15333
1.15827
1.16322
1.16818
1.17315
1.17812
1.18311
1.1881
1.1931
1.19811
1.20312
1.20814
1.21317
1.21821
1.22326
1.22831
1.23337
1.23843
1.2435
1.24858
1.25367
1.25876
1.26386
1.26896
1.27407
1.27918
1.2843
1.28943
1.29456
1.29969
1.30483
1.30998
1.31513
1.32029
1.32544
1.33061
1.33577
1.34095
1.34612
1.3513
1.35648
1.36167
1.36685
1.37205
1.37724
1.38244
1.38764
1.39284
1.39804
1.40325
1.40846
1.41367
1.41888
1.42409
1.42931
1.43453
1.43974
1.44496
1.45018
1.4554
1.46062
1.46584
1.47106
1.47628
1.4815
1.48672
1.49194
1.49716
1.50238
1.5076
1.51281
1.51803
1.52324
1.52845
1.53366
1.53887
1.54408
1.54929
1.55449
1.55969
1.56489
1.57008
1.57528
1.58047
1.58566
1.59084
1.59602
1.6012
1.60637
1.61154
1.61671
1.62187
1.62703
1.63218
1.63733
1.64247
1.64761
1.65275
1.65788
1.66301
1.66813
1.67324
1.67835
1.68345
1.68855
1.69365
1.69873
1.70381
1.70889
1.71396
1.71902
1.72407
1.72912
1.73416
1.7392
1.74423
1.74925
1.75426
1.75927
1.76427
1.76926
1.77424
1.77922
1.78419
1.78915
1.7941
1.79905
1.80398
1.80891
1.81383
1.81874
1.82365
1.82854
1.83342
1.8383
1.84317
1.84803
1.85288
1.85771
1.86255
1.86737
1.87218
1.87698
1.88177
1.88655
1.89133
1.89609
1.90084
1.90559
1.91032
1.91504
1.91975
1.92446
1.92915
1.93383
1.9385
1.94316
1.94781
1.95245
1.95707
1.96169
1.9663
1.97089
1.97548
1.98005
1.98461
1.98916
1.9937
1.99823
2.00275
2.00725
2.01174
2.01623
2.0207
2.02516
2.0296
2.03404
2.03846
2.04288
2.04728
2.05167
2.05604
2.06041
2.06476
2.0691
2.07343
2.07775
2.08205
2.08634
2.09062
2.09489
2.09915
2.10339
2.10762
2.11184
2.11605
2.12024
2.12443
2.1286
2.13275
2.1369
2.14103
2.14515
2.14926
2.15335
2.15744
2.1615
2.16556
2.16961
2.17364
2.17766
2.18167
2.18566
2.18964
2.19361
2.19757
2.20151
2.20544
2.20936
2.21326
2.21716
2.22104
2.22491
2.22876
2.2326
2.23643
2.24025
2.24405
2.24784
2.25162
2.25539
2.25914
2.26288
2.26661
2.27033
2.27403
2.27772
2.28139
2.28506
2.28871
2.29235
2.29598
2.29959
2.30319
2.30678
2.31036
2.31392
2.31747
2.32101
2.32453
2.32805
2.33155
2.33504
2.33851
2.34197
2.34542
2.34886
2.35229
2.3557
2.3591
2.36249
2.36587
2.36923
2.37258
2.37592
2.37925
2.38256
2.38586
2.38915
2.39243
2.3957
2.39895
2.40219
2.40542
2.40863
2.41184
2.41503
2.41821
2.42138
2.42454
2.42768
2.43081
2.43393
2.43704
2.44014
2.44322
2.4463
2.44936
2.45241
2.45544
2.45847
2.46148
2.46448
2.46747
2.47045
2.47342
2.47638
2.47932
2.48225
2.48517
2.48808
2.49098
2.49387
2.49674
2.49961
2.50246
2.5053
2.50813
2.51095
2.51376
2.51655
2.51934
2.52211
2.52488
2.52763
2.53037
2.5331
2.53582
2.53853
2.54122
2.54391
2.54658
2.54925
2.5519
2.55455
2.55718
2.5598
2.56241
2.56501
2.5676
2.57018
2.57275
2.5753
2.57785
2.58039
2.58292
2.58543
2.58794
2.59043
2.59292
2.59539
2.59786
2.60031
2.60276
2.60519
2.60761
2.61003
2.61243
2.61483
2.61721
2.61959
2.62195
2.6243
2.62665
2.62898
2.63131
2.63362
2.63593
2.63822
2.64051
2.64279
2.64505
2.64731
2.64956
2.6518
2.65403
2.65625
2.65846
2.66066
2.66285
2.66503
2.6672
2.66937
2.67152
2.67367
2.6758
2.67793
2.68005
2.68216
2.68426
2.68635
2.68843
2.69051
2.69257
2.69463
2.69667
2.69871
2.70074
2.70276
2.70477
2.70678
2.70877
2.71076
2.71274
2.7147
2.71667
2.71862
2.72056
2.7225
2.72442
2.72634
2.72825
2.73016
2.73205
2.73393
2.73581
2.73768
2.73954
2.7414
2.74324
2.74508
2.74691
2.74873
2.75054
2.75235
2.75415
2.75593
2.75772
2.75949
2.76126
2.76302
2.76477
2.76651
2.76825
2.76997
2.77169
2.77341
2.77511
2.77681
2.7785
2.78019
2.78186
2.78353
2.78519
2.78684
2.78849
2.79013
2.79176
2.79339
2.79501
2.79662
2.79822
2.79982
2.80141
2.80299
2.80456
2.80613
2.80769
2.80925
2.8108
2.81234
2.81387
2.8154
2.81692
2.81843
2.81994
2.82144
2.82294
2.82442
2.8259
2.82738
2.82884
2.83031
2.83176
2.83321
2.83465
2.83609
2.83751
2.83894
2.84035
2.84176
2.84317
2.84456
2.84595
2.84734
2.84872
2.85009
2.85146
2.85282
2.85417
2.85552
2.85686
2.8582
2.85953
2.86085
2.86217
2.86348
2.86479
2.86609
2.86739
2.86867
2.86996
2.87124
2.87251
2.87377
2.87503
2.87629
2.87754
2.87878
2.88002
2.88125
2.88248
2.8837
2.88492
2.88613
2.88733
2.88853
2.88973
2.89092
2.8921
2.89328
2.89445
2.89562
2.89678
2.89794
2.89909
2.90024
2.90138
2.90251
2.90364
2.90477
2.90589
2.90701
2.90812
2.90701
2.90589
2.90476
2.90363
2.90249
2.90134
2.90018
2.89902
2.89785
2.89667
2.89548
2.89428
2.89308
2.89187
2.89065
2.88943
2.88819
2.88695
2.8857
2.88444
2.88317
2.8819
2.88062
2.87933
2.87803
2.87672
2.8754
2.87408
2.87275
2.87141
2.87006
2.8687
2.86733
2.86596
2.86458
2.86319
2.86179
2.86038
2.85896
2.85753
2.8561
2.85465
2.8532
2.85174
2.85027
2.84879
2.8473
2.8458
2.8443
2.84278
2.84126
2.83972
2.83818
2.83663
2.83507
2.83349
2.83191
2.83032
2.82872
2.82712
2.8255
2.82387
2.82223
2.82059
2.81893
2.81726
2.81559
2.8139
2.8122
2.8105
2.80878
2.80706
2.80532
2.80358
2.80182
2.80005
2.79828
2.79649
2.7947
2.79289
2.79107
2.78924
2.78741
2.78556
2.7837
2.78183
2.77995
2.77806
2.77616
2.77425
2.77232
2.77039
2.76845
2.76649
2.76453
2.76255
2.76056
2.75856
2.75655
2.75453
2.7525
2.75046
2.7484
2.74634
2.74426
2.74217
2.74007
2.73796
2.73584
2.7337
2.73156
2.7294
2.72723
2.72505
2.72286
2.72065
2.71844
2.71621
2.71397
2.71172
2.70945
2.70718
2.70489
2.70259
2.70028
2.69795
2.69562
2.69327
2.69091
2.68853
2.68615
2.68375
2.68134
2.67891
2.67648
2.67403
2.67157
2.66909
2.6666
2.66411
2.66159
2.65907
2.65653
2.65398
2.65141
2.64884
2.64625
2.64364
2.64103
2.6384
2.63575
2.6331
2.63043
2.62775
2.62505
2.62234
2.61962
2.61688
2.61413
2.61137
2.60859
2.6058
2.603
2.60018
2.59735
2.5945
2.59164
2.58877
2.58589
2.58298
2.58007
2.57714
2.5742
2.57124
2.56827
2.56529
2.56229
2.55928
2.55625
2.55321
2.55015
2.54709
2.544
2.5409
2.53779
2.53466
2.53152
2.52837
2.5252
2.52202
2.51882
2.5156
2.51238
2.50913
2.50588
2.50261
2.49932
2.49602
2.49271
2.48938
2.48603
2.48267
2.4793
2.47591
2.47251
2.46909
2.46566
2.46221
2.45875
2.45527
2.45178
2.44828
2.44476
2.44122
2.43767
2.43411
2.43053
2.42693
2.42332
2.4197
2.41606
2.41241
2.40874
2.40505
2.40136
2.39764
2.39392
2.39017
2.38642
2.38264
2.37886
2.37506
2.37124
2.36741
2.36356
2.3597
2.35583
2.35194
2.34804
2.34412
2.34018
2.33624
2.33227
2.3283
2.32431
2.3203
2.31628
2.31225
2.3082
2.30413
2.30006
2.29596
2.29186
2.28774
2.2836
2.27946
2.27529
2.27112
2.26693
2.26272
2.2585
2.25427
2.25002
2.24576
2.24149
2.2372
2.2329
2.22859
2.22426
2.21992
2.21556
2.21119
2.20681
2.20242
2.19801
2.19359
2.18915
2.18471
2.18025
2.17577
2.17129
2.16679
2.16228
2.15775
2.15322
2.14867
2.14411
2.13954
2.13495
2.13035
2.12575
2.12112
2.11649
2.11185
2.10719
2.10252
2.09784
2.09315
2.08845
2.08374
2.07901
2.07428
2.06953
2.06478
2.06001
2.05523
2.05044
2.04564
2.04083
2.03601
2.03118
2.02634
2.02149
2.01664
2.01177
2.00689
2.002
1.9971
1.9922
1.98728
1.98236
1.97743
1.97249
1.96754
1.96258
1.95761
1.95264
1.94765
1.94266
1.93766
1.93266
1.92765
1.92262
1.9176
1.91256
1.90752
1.90247
1.89741
1.89235
1.88728
1.88221
1.87712
1.87204
1.86694
1.86184
1.85674
1.85163
1.84651
1.84139
1.83626
1.83113
1.826
1.82086
1.81571
1.81056
1.80541
1.80025
1.79509
1.78993
1.78476
1.77959
1.77441
1.76923
1.76405
1.75887
1.75368
1.74849
1.7433
1.7381
1.73291
1.72771
1.72251
1.71731
1.7121
1.7069
1.70169
1.69649
1.69128
1.68607
1.68086
1.67565
1.67044
1.66523
1.66002
1.65481
1.6496
1.64439
1.63918
1.63397
1.62876
1.62356
1.61835
1.61315
1.60795
1.60275
1.59755
1.59235
1.58715
1.58196
1.57677
1.57158
1.5664
1.56121
1.55603
1.55086
1.54568
1.54051
1.53534
1.53018
1.52502
1.51986
1.51471
1.50956
1.50442
1.49928
1.49414
1.48901
1.48389
1.47877
1.47365
1.46854
1.46344
1.45833
1.45324
1.44815
1.44307
1.43799
1.43292
1.42785
1.4228
1.41774
1.4127
1.40766
1.40262
1.3976
1.39258
1.38757
1.38256
1.37756
1.37257
1.36759
1.36261
1.35765
1.35269
1.34773
1.34279
1.33785
1.33293
1.32801
1.3231
1.31819
1.3133
1.30841
1.30354
1.29867
1.29381
1.28896
1.28412
1.27929
1.27446
1.26965
1.26485
1.26005
1.25527
1.25049
1.24573
1.24097
1.23623
1.23149
1.22677
1.22205
1.21735
1.21265
1.20797
1.2033
1.19863
1.19398
1.18934
1.18471
1.18009
1.17548
1.17088
1.16629
1.16171
1.15715
1.15259
1.14805
1.14351
1.13899
1.13448
1.12998
1.1255
1.12102
1.11656
1.1121
1.10766
1.10323
1.09882
1.09441
1.09002
1.08563
1.08126
1.0769
1.07256
1.06822
1.0639
1.05959
1.05529
1.051
1.04673
1.04247
1.03821
1.03398
1.02975
1.02554
1.02134
1.01715
1.01297
1.00881
1.00465
1.00051
0.996387
0.992273
0.988171
0.984081
0.980004
0.975939
0.971887
0.967847
0.96382
0.959805
0.955803
0.951814
0.947837
0.943873
0.939922
0.935983
0.932057
0.928143
0.924242
0.920354
0.916478
0.912615
0.908765
0.904927
0.901102
0.89729
0.89349
0.889703
0.885929
0.882167
0.878419
0.874682
0.870959
0.867248
0.863549
0.859864
0.856191
0.852531
0.848883
0.845248
0.841625
0.838016
0.834418
0.830834
0.827262
0.823702
0.820155
0.816621
0.813099
0.80959
0.806093
0.802609
0.799137
0.795678
0.792231
0.788797
0.785375
0.781965
0.778568
0.775184
0.771811
0.768451
0.765104
0.761768
0.758445
0.755134
0.751836
0.74855
0.745276
0.742014
0.738764
0.735527
0.732301
0.729088
0.725887
0.722698
0.719521
0.716356
0.713203
0.710062
0.706933
0.703816
0.700711
0.697618
0.694536
0.691467
0.688409
0.685363
0.682329
0.679306
0.676296
0.673297
0.670309
0.667333
0.664369
0.661417
0.658476
0.655546
0.652628
0.649722
0.646827
0.643943
0.641071
0.63821
0.63536
0.632522
0.629695
0.626879
0.624074
0.621281
0.618499
0.615728
0.612968
0.610219
0.607481
0.604754
0.602038
0.599333
0.596639
0.593956
0.591283
0.588622
0.585971
0.583331
0.580702
0.578083
0.575476
0.572878
0.570292
0.567716
0.56515
0.562595
0.560051
0.557517
0.554993
0.55248
0.549977
0.547484
0.545002
0.54253
0.540068
0.537616
0.535175
0.532743
0.530322
0.527911
0.52551
0.523118
0.520737
0.518366
0.516005
0.513653
0.511311
0.508979
0.506657
0.504345
0.502042
0.499749
0.497466
0.495192
0.492928
0.490673
0.488428
0.486193
0.483966
0.48175
0.479542
0.477344
0.475155
0.472976
0.470806
0.468645
0.466493
0.46435
0.462217
0.460092
0.457977
0.455871
0.453773
0.451685
0.449606
0.447535
0.445473
0.44342
0.441376
0.439341
0.437314
0.435297
0.433287
0.431287
0.429295
0.427312
0.425337
0.423371
0.421413
0.419463
0.417522
0.41559
0.413666
0.41175
0.409842
0.407943
0.406052
0.404169
0.402294
0.400428
0.398569
0.396719
0.394877
0.393042
0.391216
0.389398
0.387587
0.385785
0.38399
0.382203
0.380424
0.378653
0.376889
0.375133
0.373385
0.371645
0.369912
0.368187
0.366469
0.364759
0.363056
0.361361
0.359673
0.357993
0.35632
0.354654
0.352996
0.351345
0.349701
0.348065
0.346436
0.344814
0.343199
0.341591
0.33999
0.338397
0.33681
0.335231
0.333658
0.332092
0.330534
0.328982
0.327437
0.325899
0.324368
0.322843
0.321325
0.319815
0.31831
0.316813
0.315322
0.313837
0.31236
0.310889
0.309424
0.307966
0.309425
0.310894
0.312372
0.31386
0.315357
0.316865
0.318382
0.319909
0.321445
0.322992
0.324549
0.326115
0.327691
0.329278
0.330874
0.332481
0.334098
0.335725
0.337362
0.339009
0.340667
0.342335
0.344013
0.345702
0.347401
0.349111
0.350831
0.352562
0.354304
0.356056
0.357818
0.359592
0.361376
0.363171
0.364977
0.366794
0.368622
0.37046
0.37231
0.37417
0.376042
0.377925
0.379819
0.381724
0.38364
0.385568
0.387507
0.389457
0.391419
0.393392
0.395377
0.397373
0.399381
0.4014
0.403431
0.405474
0.407528
0.409594
0.411672
0.413761
0.415863
0.417976
0.420101
0.422239
0.424388
0.42655
0.428723
0.430909
0.433107
0.435317
0.437539
0.439774
0.442021
0.44428
0.446552
0.448836
0.451133
0.453442
0.455764
0.458098
0.460446
0.462805
0.465178
0.467563
0.469961
0.472372
0.474796
0.477233
0.479683
0.482145
0.484621
0.48711
0.489612
0.492127
0.494655
0.497197
0.499751
0.502319
0.504901
0.507496
0.510104
0.512725
0.51536
0.518009
0.520671
0.523346
0.526036
0.528739
0.531455
0.534186
0.53693
0.539687
0.542459
0.545244
0.548044
0.550857
0.553684
0.556525
0.55938
0.56225
0.565133
0.56803
0.570942
0.573867
0.576807
0.579761
0.582729
0.585711
0.588708
0.591719
0.594744
0.597784
0.600838
0.603907
0.60699
0.610087
0.613199
0.616325
0.619466
0.622621
0.625791
0.628976
0.632175
0.635389
0.638617
0.64186
0.645118
0.648391
0.651678
0.65498
0.658296
0.661628
0.664974
0.668335
0.67171
0.675101
0.678506
0.681926
0.685361
0.688811
0.692275
0.695755
0.699249
0.702758
0.706282
0.709821
0.713375
0.716943
0.720527
0.724125
0.727738
0.731366
0.735009
0.738667
0.74234
0.746027
0.74973
0.753447
0.757179
0.760925
0.764687
0.768463
0.772255
0.776061
0.779881
0.783717
0.787567
0.791432
0.795311
0.799205
0.803114
0.807038
0.810976
0.814928
0.818895
0.822877
0.826873
0.830884
0.834909
0.838949
0.843002
0.847071
0.851153
0.85525
0.859361
0.863486
0.867626
0.871779
0.875947
0.880128
0.884324
0.888533
0.892757
0.896994
0.901245
0.90551
0.909789
0.914081
0.918386
0.922706
0.927038
0.931385
0.935744
0.940117
0.944503
0.948902
0.953315
0.95774
0.962179
0.96663
0.971094
0.975571
0.98006
0.984563
0.989077
0.993605
0.998144
1.0027
1.00726
1.01184
1.01643
1.02103
1.02564
1.03026
1.0349
1.03955
1.0442
1.04888
1.05356
1.05825
1.06295
1.06767
1.0724
1.07713
1.08188
1.08664
1.09141
1.09619
1.10098
1.10578
1.11059
1.11541
1.12024
1.12508
1.12993
1.13479
1.13966
1.14454
1.14943
1.15432
1.15923
1.16415
1.16907
1.174
1.17894
1.18389
1.18885
1.19381
1.19879
1.20377
1.20876
1.21376
1.21876
1.22377
1.22879
1.23382
1.23885
1.24389
1.24894
1.25399
1.25905
1.26412
1.26919
1.27427
1.27936
1.28445
1.28954
1.29464
1.29975
1.30486
1.30998
1.3151
1.32023
1.32536
1.33049
1.33563
1.34078
1.34593
1.35108
1.35623
1.36139
1.36656
1.37172
1.37689
1.38206
1.38724
1.39242
1.3976
1.40278
1.40797
1.41315
1.41834
1.42353
1.42873
1.43392
1.43912
1.44431
1.44951
1.45471
1.45991
1.46511
1.47031
1.47551
1.48072
1.48592
1.49112
1.49632
1.50152
1.50672
1.51192
1.51712
1.52232
1.52751
1.53271
1.5379
1.54309
1.54828
1.55347
1.55866
1.56384
1.56903
1.57421
1.57938
1.58456
1.58973
1.5949
1.60006
1.60523
1.61038
1.61554
1.62069
1.62584
1.63098
1.63612
1.64126
1.64639
1.65152
1.65664
1.66176
1.66687
1.67198
1.67708
1.68218
1.68727
1.69236
1.69744
1.70251
1.70758
1.71265
1.71771
1.72276
1.7278
1.73284
1.73787
1.7429
1.74792
1.75293
1.75793
1.76293
1.76792
1.7729
1.77788
1.78285
1.78781
1.79276
1.79771
1.80264
1.80757
1.81249
1.81741
1.82231
1.82721
1.83209
1.83697
1.84184
1.8467
1.85156
1.8564
1.86123
1.86606
1.87087
1.87568
1.88048
1.88527
1.89004
1.89481
1.89957
1.90432
1.90906
1.91379
1.91851
1.92322
1.92791
1.9326
1.93728
1.94195
1.94661
1.95125
1.95589
1.96051
1.96513
1.96973
1.97433
1.97891
1.98348
1.98804
1.99259
1.99713
2.00166
2.00617
2.01068
2.01517
2.01965
2.02412
2.02858
2.03303
2.03747
2.04189
2.0463
2.0507
2.05509
2.05947
2.06384
2.06819
2.07253
2.07686
2.08118
2.08549
2.08978
2.09406
2.09833
2.10259
2.10684
2.11107
2.11529
2.1195
2.1237
2.12788
2.13205
2.13621
2.14036
2.1445
2.14862
2.15273
2.15683
2.16091
2.16499
2.16905
2.1731
2.17713
2.18115
2.18516
2.18916
2.19315
2.19712
2.20108
2.20503
2.20896
2.21289
2.2168
2.22069
2.22458
2.22845
2.23231
2.23616
2.23999
2.24381
2.24762
2.25142
2.2552
2.25897
2.26273
2.26647
2.27021
2.27393
2.27764
2.28133
2.28501
2.28868
2.29234
2.29598
2.29962
2.30323
2.30684
2.31044
2.31402
2.31759
2.32114
2.32469
2.32822
2.33174
2.33524
2.33874
2.34222
2.34569
2.34914
2.35259
2.35602
2.35944
2.36284
2.36624
2.36962
2.37299
2.37635
2.37969
2.38302
2.38634
2.38965
2.39295
2.39623
2.3995
2.40276
2.40601
2.40924
2.41247
2.41568
2.41887
2.42206
2.42524
2.4284
2.43155
2.43469
2.43781
2.44093
2.44403
2.44712
2.4502
2.45327
2.45632
2.45937
2.4624
2.46542
2.46842
2.47142
2.47441
2.47738
2.48034
2.48329
2.48623
2.48916
2.49207
2.49498
2.49787
2.50075
2.50362
2.50648
2.50933
2.51216
2.51499
2.5178
2.5206
2.52339
2.52617
2.52894
2.5317
2.53445
2.53718
2.53991
2.54262
2.54532
2.54802
2.5507
2.55337
2.55603
2.55867
2.56131
2.56394
2.56655
2.56916
2.57176
2.57434
2.57691
2.57948
2.58203
2.58457
2.5871
2.58963
2.59214
2.59464
2.59713
2.59961
2.60208
2.60454
2.60699
2.60943
2.61186
2.61427
2.61668
2.61908
2.62147
2.62385
2.62622
2.62858
2.63093
2.63327
2.6356
2.63792
2.64023
2.64253
2.64482
2.6471
2.64937
2.65163
2.65389
2.65613
2.65836
2.66059
2.6628
2.66501
2.6672
2.66939
2.67157
2.67373
2.67589
2.67804
2.68018
2.68231
2.68444
2.68655
2.68865
2.69075
2.69283
2.69491
2.69698
2.69904
2.70109
2.70313
2.70517
2.70719
2.70921
2.71121
2.71321
2.7152
2.71718
2.71915
2.72112
2.72307
2.72502
2.72696
2.72889
2.73081
2.73273
2.73463
2.73653
2.73842
2.7403
2.74217
2.74404
2.74589
2.74774
2.74958
2.75141
2.75324
2.75505
2.75686
2.75866
2.76045
2.76224
2.76402
2.76578
2.76402
2.76224
2.76045
2.75865
2.75684
2.75502
2.75319
2.75134
2.74948
2.74761
2.74573
2.74384
2.74194
2.74002
2.73809
2.73615
2.7342
2.73224
2.73026
2.72827
2.72627
2.72426
2.72224
2.7202
2.71815
2.71609
2.71401
2.71193
2.70983
2.70772
2.7056
2.70346
2.70131
2.69915
2.69698
2.69479
2.69259
2.69038
2.68816
2.68592
2.68367
2.68141
2.67913
2.67684
2.67454
2.67222
2.6699
2.66755
2.6652
2.66283
2.66045
2.65806
2.65565
2.65323
2.6508
2.64835
2.64589
2.64341
2.64092
2.63842
2.63591
2.63338
2.63084
2.62828
2.62571
2.62313
2.62053
2.61792
2.6153
2.61266
2.61
2.60734
2.60466
2.60196
2.59925
2.59653
2.5938
2.59104
2.58828
2.5855
2.58271
2.5799
2.57708
2.57424
2.57139
2.56853
2.56565
2.56275
2.55985
2.55692
2.55399
2.55104
2.54807
2.54509
2.54209
2.53908
2.53606
2.53302
2.52997
2.5269
2.52382
2.52072
2.51761
2.51448
2.51134
2.50818
2.50501
2.50182
2.49862
2.49541
2.49217
2.48893
2.48567
2.48239
2.4791
2.4758
2.47248
2.46914
2.46579
2.46243
2.45905
2.45565
2.45224
2.44881
2.44537
2.44192
2.43845
2.43496
2.43146
2.42795
2.42442
2.42087
2.41731
2.41374
2.41014
2.40654
2.40292
2.39928
2.39563
2.39197
2.38829
2.38459
2.38088
2.37715
2.37341
2.36966
2.36589
2.3621
2.3583
2.35449
2.35066
2.34681
2.34296
2.33908
2.33519
2.33129
2.32737
2.32344
2.31949
2.31553
2.31155
2.30756
2.30355
2.29953
2.2955
2.29145
2.28738
2.2833
2.27921
2.27511
2.27098
2.26685
2.2627
2.25854
2.25436
2.25017
2.24596
2.24174
2.23751
2.23326
2.229
2.22472
2.22043
2.21613
2.21181
2.20749
2.20314
2.19879
2.19442
2.19003
2.18564
2.18123
2.17681
2.17237
2.16792
2.16346
2.15899
2.1545
2.15
2.14549
2.14097
2.13643
2.13188
2.12732
2.12275
2.11816
2.11356
2.10895
2.10433
2.0997
2.09506
2.0904
2.08573
2.08105
2.07636
2.07166
2.06695
2.06223
2.05749
2.05275
2.04799
2.04323
2.03845
2.03366
2.02887
2.02406
2.01924
2.01441
2.00958
2.00473
1.99987
1.99501
1.99013
1.98525
1.98036
1.97545
1.97054
1.96562
1.9607
1.95576
1.95081
1.94586
1.9409
1.93593
1.93095
1.92597
1.92097
1.91597
1.91097
1.90595
1.90093
1.8959
1.89086
1.88582
1.88077
1.87572
1.87066
1.86559
1.86052
1.85544
1.85035
1.84526
1.84016
1.83506
1.82996
1.82485
1.81973
1.81461
1.80948
1.80435
1.79922
1.79408
1.78894
1.78379
1.77864
1.77349
1.76833
1.76317
1.75801
1.75284
1.74767
1.7425
1.73733
1.73215
1.72697
1.72179
1.71661
1.71143
1.70624
1.70105
1.69586
1.69067
1.68548
1.68029
1.6751
1.66991
1.66471
1.65952
1.65432
1.64913
1.64394
1.63874
1.63355
1.62836
1.62317
1.61798
1.61279
1.6076
1.60241
1.59723
1.59204
1.58686
1.58168
1.5765
1.57133
1.56615
1.56098
1.55581
1.55065
1.54548
1.54032
1.53517
1.53001
1.52486
1.51972
1.51458
1.50944
1.5043
1.49917
1.49404
1.48892
1.48381
1.47869
1.47358
1.46848
1.46338
1.45829
1.4532
1.44812
1.44304
1.43797
1.43291
1.42785
1.42279
1.41774
1.4127
1.40767
1.40264
1.39762
1.3926
1.38759
1.38259
1.3776
1.37261
1.36763
1.36266
1.35769
1.35273
1.34778
1.34284
1.33791
1.33298
1.32806
1.32315
1.31825
1.31336
1.30847
1.30359
1.29873
1.29387
1.28902
1.28417
1.27934
1.27452
1.2697
1.2649
1.2601
1.25532
1.25054
1.24577
1.24102
1.23627
1.23153
1.2268
1.22208
1.21738
1.21268
1.20799
1.20331
1.19864
1.19399
1.18934
1.18471
1.18008
1.17547
1.17086
1.16627
1.16169
1.15712
1.15255
1.14801
1.14347
1.13894
1.13442
1.12992
1.12542
1.12094
1.11647
1.11201
1.10756
1.10313
1.0987
1.09429
1.08989
1.0855
1.08112
1.07675
1.0724
1.06805
1.06372
1.0594
1.0551
1.0508
1.04652
1.04225
1.03799
1.03374
1.02951
1.02528
1.02107
1.01687
1.01269
1.00851
1.00435
1.0002
0.996067
0.991943
0.987831
0.983731
0.979644
0.975569
0.971507
0.967457
0.963419
0.959394
0.955382
0.951382
0.947395
0.94342
0.939457
0.935508
0.931571
0.927646
0.923734
0.919835
0.915948
0.912074
0.908212
0.904363
0.900527
0.896703
0.892892
0.889094
0.885308
0.881535
0.877775
0.874027
0.870291
0.866569
0.862859
0.859161
0.855477
0.851805
0.848145
0.844498
0.840864
0.837242
0.833633
0.830036
0.826452
0.822881
0.819322
0.815775
0.812241
0.80872
0.805211
0.801715
0.798231
0.794759
0.7913
0.787854
0.78442
0.780998
0.777589
0.774192
0.770807
0.767435
0.764075
0.760728
0.757392
0.754069
0.750759
0.74746
0.744174
0.7409
0.737638
0.734388
0.731151
0.727925
0.724712
0.721511
0.718321
0.715144
0.711979
0.708826
0.705685
0.702556
0.699438
0.696333
0.693239
0.690158
0.687088
0.68403
0.680984
0.677949
0.674927
0.671916
0.668916
0.665929
0.662952
0.659988
0.657035
0.654094
0.651164
0.648246
0.645339
0.642443
0.639559
0.636687
0.633825
0.630976
0.628137
0.62531
0.622493
0.619689
0.616895
0.614112
0.611341
0.60858
0.605831
0.603093
0.600366
0.597649
0.594944
0.59225
0.589566
0.586894
0.584232
0.581581
0.57894
0.576311
0.573692
0.571084
0.568486
0.5659
0.563323
0.560757
0.558202
0.555657
0.553123
0.550599
0.548086
0.545582
0.54309
0.540607
0.538135
0.535673
0.533221
0.530779
0.528348
0.525926
0.523515
0.521114
0.518722
0.516341
0.513969
0.511608
0.509256
0.506915
0.504583
0.50226
0.499948
0.497645
0.495352
0.493069
0.490795
0.488531
0.486276
0.484031
0.481796
0.479569
0.477353
0.475145
0.472947
0.470759
0.468579
0.466409
0.464248
0.462097
0.459954
0.457821
0.455697
0.453581
0.451475
0.449378
0.44729
0.445211
0.44314
0.441079
0.439026
0.436982
0.434947
0.436979
0.439023
0.441079
0.443149
0.445231
0.447327
0.449435
0.451556
0.45369
0.455837
0.457998
0.460171
0.462358
0.464558
0.466771
0.468997
0.471237
0.47349
0.475756
0.478036
0.480329
0.482636
0.484956
0.48729
0.489637
0.491998
0.494373
0.496761
0.499163
0.501579
0.504009
0.506452
0.508909
0.511381
0.513866
0.516365
0.518878
0.521405
0.523946
0.526501
0.529071
0.531654
0.534252
0.536864
0.53949
0.54213
0.544785
0.547454
0.550137
0.552835
0.555547
0.558273
0.561014
0.56377
0.56654
0.569325
0.572124
0.574937
0.577766
0.580609
0.583467
0.586339
0.589226
0.592128
0.595044
0.597976
0.600922
0.603883
0.606859
0.60985
0.612855
0.615876
0.618911
0.621962
0.625027
0.628107
0.631203
0.634313
0.637438
0.640579
0.643734
0.646905
0.65009
0.653291
0.656507
0.659738
0.662984
0.666245
0.669522
0.672813
0.67612
0.679442
0.682779
0.686132
0.689499
0.692882
0.69628
0.699693
0.703121
0.706565
0.710024
0.713498
0.716987
0.720491
0.724011
0.727546
0.731096
0.734661
0.738242
0.741837
0.745448
0.749074
0.752715
0.756372
0.760043
0.76373
0.767432
0.771149
0.774881
0.778628
0.78239
0.786167
0.789959
0.793766
0.797588
0.801425
0.805277
0.809144
0.813026
0.816923
0.820834
0.824761
0.828702
0.832658
0.836629
0.840614
0.844614
0.848629
0.852658
0.856701
0.86076
0.864832
0.86892
0.873021
0.877137
0.881267
0.885412
0.889571
0.893743
0.89793
0.902131
0.906346
0.910576
0.914818
0.919075
0.923346
0.92763
0.931928
0.93624
0.940565
0.944904
0.949256
0.953622
0.958001
0.962393
0.966798
0.971216
0.975648
0.980092
0.984549
0.98902
0.993502
0.997998
1.00251
1.00703
1.01156
1.01611
1.02066
1.02523
1.02981
1.03441
1.03901
1.04363
1.04826
1.0529
1.05755
1.06222
1.06689
1.07158
1.07628
1.08099
1.08571
1.09044
1.09518
1.09993
1.10469
1.10947
1.11425
1.11904
1.12385
1.12866
1.13348
1.13832
1.14316
1.14801
1.15287
1.15775
1.16263
1.16752
1.17241
1.17732
1.18224
1.18716
1.1921
1.19704
1.20199
1.20694
1.21191
1.21688
1.22186
1.22685
1.23185
1.23685
1.24186
1.24688
1.25191
1.25694
1.26197
1.26702
1.27207
1.27713
1.28219
1.28726
1.29233
1.29741
1.3025
1.30759
1.31269
1.31779
1.3229
1.32801
1.33312
1.33824
1.34337
1.3485
1.35363
1.35877
1.36391
1.36905
1.3742
1.37935
1.38451
1.38966
1.39482
1.39999
1.40515
1.41032
1.41549
1.42066
1.42584
1.43102
1.43619
1.44137
1.44655
1.45174
1.45692
1.4621
1.46729
1.47248
1.47766
1.48285
1.48804
1.49322
1.49841
1.5036
1.50878
1.51397
1.51915
1.52434
1.52952
1.5347
1.53989
1.54506
1.55024
1.55542
1.56059
1.56577
1.57094
1.57611
1.58127
1.58643
1.5916
1.59675
1.60191
1.60706
1.61221
1.61735
1.6225
1.62763
1.63277
1.6379
1.64303
1.64815
1.65327
1.65838
1.66349
1.66859
1.67369
1.67879
1.68388
1.68896
1.69404
1.69911
1.70418
1.70925
1.7143
1.71935
1.7244
1.72944
1.73447
1.73949
1.74451
1.74953
1.75453
1.75953
1.76452
1.76951
1.77449
1.77946
1.78442
1.78938
1.79433
1.79927
1.8042
1.80912
1.81404
1.81895
1.82385
1.82874
1.83363
1.8385
1.84337
1.84823
1.85308
1.85792
1.86275
1.86757
1.87239
1.87719
1.88199
1.88677
1.89155
1.89631
1.90107
1.90582
1.91056
1.91528
1.92
1.92471
1.92941
1.9341
1.93877
1.94344
1.9481
1.95275
1.95738
1.96201
1.96662
1.97123
1.97582
1.9804
1.98498
1.98954
1.99409
1.99863
2.00316
2.00767
2.01218
2.01667
2.02116
2.02563
2.03009
2.03454
2.03898
2.0434
2.04782
2.05222
2.05661
2.06099
2.06536
2.06972
2.07406
2.07839
2.08271
2.08702
2.09132
2.09561
2.09988
2.10414
2.10839
2.11262
2.11685
2.12106
2.12526
2.12945
2.13363
2.13779
2.14194
2.14608
2.15021
2.15432
2.15842
2.16251
2.16659
2.17065
2.17471
2.17875
2.18277
2.18679
2.19079
2.19478
2.19876
2.20272
2.20668
2.21062
2.21454
2.21846
2.22236
2.22625
2.23013
2.23399
2.23784
2.24168
2.24551
2.24932
2.25312
2.25691
2.26069
2.26445
2.2682
2.27194
2.27566
2.27938
2.28308
2.28677
2.29044
2.2941
2.29775
2.30139
2.30501
2.30863
2.31223
2.31581
2.31939
2.32295
2.3265
2.33004
2.33356
2.33707
2.34057
2.34406
2.34753
2.351
2.35445
2.35788
2.36131
2.36472
2.36812
2.37151
2.37488
2.37825
2.3816
2.38494
2.38826
2.39158
2.39488
2.39817
2.40144
2.40471
2.40796
2.4112
2.41443
2.41765
2.42085
2.42404
2.42723
2.43039
2.43355
2.43669
2.43983
2.44295
2.44606
2.44915
2.45224
2.45531
2.45837
2.46142
2.46446
2.46748
2.4705
2.4735
2.47649
2.47947
2.48244
2.48539
2.48834
2.49127
2.49419
2.4971
2.5
2.50289
2.50576
2.50863
2.51148
2.51432
2.51715
2.51997
2.52278
2.52558
2.52836
2.53114
2.5339
2.53665
2.53939
2.54212
2.54484
2.54755
2.55025
2.55294
2.55561
2.55828
2.56093
2.56357
2.56621
2.56883
2.57144
2.57404
2.57663
2.57921
2.58178
2.58433
2.58688
2.58942
2.59195
2.59446
2.59697
2.59946
2.60195
2.60442
2.60689
2.60934
2.61179
2.61422
2.61665
2.61906
2.62146
2.62386
2.62624
2.62862
2.63098
2.63334
2.63568
2.63801
2.64034
2.64265
2.64496
2.64726
2.64954
2.65182
2.65408
2.65182
2.64954
2.64725
2.64495
2.64263
2.6403
2.63795
2.63559
2.63322
2.63083
2.62843
2.62601
2.62358
2.62113
2.61867
2.6162
2.61371
2.61121
2.60869
2.60616
2.60361
2.60105
2.59848
2.59589
2.59329
2.59067
2.58803
2.58539
2.58272
2.58005
2.57735
2.57465
2.57193
2.56919
2.56644
2.56367
2.56089
2.55809
2.55528
2.55246
2.54962
2.54676
2.54389
2.541
2.5381
2.53519
2.53226
2.52931
2.52635
2.52337
2.52038
2.51737
2.51435
2.51131
2.50826
2.50519
2.50211
2.49901
2.4959
2.49277
2.48962
2.48647
2.48329
2.4801
2.47689
2.47367
2.47044
2.46718
2.46392
2.46063
2.45734
2.45402
2.45069
2.44735
2.44399
2.44061
2.43722
2.43382
2.4304
2.42696
2.42351
2.42004
2.41655
2.41306
2.40954
2.40601
2.40247
2.39891
2.39533
2.39174
2.38813
2.38451
2.38087
2.37722
2.37355
2.36987
2.36617
2.36246
2.35873
2.35499
2.35123
2.34745
2.34366
2.33986
2.33604
2.3322
2.32835
2.32449
2.32061
2.31671
2.3128
2.30887
2.30493
2.30098
2.29701
2.29302
2.28902
2.28501
2.28098
2.27694
2.27288
2.26881
2.26472
2.26062
2.2565
2.25237
2.24823
2.24407
2.23989
2.23571
2.2315
2.22729
2.22306
2.21881
2.21456
2.21029
2.206
2.2017
2.19739
2.19306
2.18872
2.18437
2.18
2.17562
2.17123
2.16682
2.1624
2.15797
2.15352
2.14906
2.14459
2.14011
2.13561
2.1311
2.12658
2.12204
2.1175
2.11294
2.10837
2.10378
2.09919
2.09458
2.08996
2.08533
2.08069
2.07603
2.07137
2.06669
2.062
2.0573
2.05259
2.04787
2.04314
2.0384
2.03364
2.02888
2.02411
2.01932
2.01453
2.00972
2.00491
2.00008
1.99525
1.9904
1.98555
1.98069
1.97582
1.97094
1.96605
1.96115
1.95624
1.95132
1.9464
1.94146
1.93652
1.93157
1.92662
1.92165
1.91668
1.9117
1.90671
1.90171
1.89671
1.8917
1.88668
1.88166
1.87663
1.87159
1.86655
1.8615
1.85644
1.85138
1.84632
1.84124
1.83616
1.83108
1.82599
1.8209
1.8158
1.81069
1.80558
1.80047
1.79535
1.79023
1.7851
1.77997
1.77484
1.7697
1.76456
1.75942
1.75427
1.74912
1.74396
1.73881
1.73365
1.72849
1.72332
1.71816
1.71299
1.70782
1.70265
1.69747
1.6923
1.68712
1.68195
1.67677
1.67159
1.66641
1.66123
1.65605
1.65087
1.64569
1.64051
1.63532
1.63014
1.62496
1.61979
1.61461
1.60943
1.60425
1.59908
1.5939
1.58873
1.58356
1.57839
1.57323
1.56806
1.5629
1.55774
1.55258
1.54742
1.54227
1.53712
1.53198
1.52683
1.52169
1.51656
1.51142
1.5063
1.50117
1.49605
1.49093
1.48582
1.48071
1.47561
1.47051
1.46541
1.46032
1.45524
1.45016
1.44509
1.44002
1.43495
1.4299
1.42485
1.4198
1.41476
1.40973
1.4047
1.39968
1.39466
1.38966
1.38465
1.37966
1.37467
1.36969
1.36472
1.35975
1.35479
1.34984
1.3449
1.33996
1.33503
1.33011
1.3252
1.3203
1.3154
1.31051
1.30563
1.30076
1.2959
1.29105
1.2862
1.28136
1.27654
1.27172
1.26691
1.26211
1.25732
1.25254
1.24776
1.243
1.23825
1.2335
1.22877
1.22405
1.21933
1.21463
1.20993
1.20525
1.20058
1.19591
1.19126
1.18662
1.18199
1.17736
1.17275
1.16815
1.16356
1.15898
1.15441
1.14986
1.14531
1.14077
1.13625
1.13174
1.12723
1.12274
1.11826
1.11379
1.10934
1.10489
1.10046
1.09603
1.09162
1.08722
1.08283
1.07846
1.07409
1.06974
1.0654
1.06107
1.05675
1.05245
1.04815
1.04387
1.0396
1.03534
1.0311
1.02686
1.02264
1.01843
1.01424
1.01005
1.00588
1.00172
0.997569
0.993433
0.98931
0.985198
0.981099
0.977013
0.972939
0.968877
0.964827
0.96079
0.956766
0.952754
0.948754
0.944767
0.940793
0.93683
0.932881
0.928944
0.92502
0.921108
0.917208
0.913322
0.909447
0.905586
0.901737
0.8979
0.894077
0.890265
0.886467
0.882681
0.878907
0.875147
0.871398
0.867663
0.86394
0.860229
0.856531
0.852846
0.849174
0.845513
0.841866
0.838231
0.834609
0.830999
0.827402
0.823817
0.820245
0.816685
0.813138
0.809603
0.806081
0.802572
0.799074
0.79559
0.792117
0.788658
0.78521
0.781775
0.778353
0.774942
0.771544
0.768159
0.764786
0.761425
0.758076
0.75474
0.751416
0.748104
0.744805
0.741518
0.738242
0.734979
0.731729
0.72849
0.725264
0.722049
0.718847
0.715656
0.712478
0.709312
0.706158
0.703015
0.699885
0.696766
0.69366
0.690565
0.687482
0.684411
0.681352
0.678305
0.675269
0.672245
0.669233
0.666232
0.663244
0.660266
0.657301
0.654347
0.651404
0.648473
0.645553
0.642645
0.639749
0.636863
0.63399
0.631127
0.628276
0.625436
0.622608
0.61979
0.616984
0.614189
0.611405
0.608633
0.605871
0.603121
0.600381
0.597653
0.594935
0.592229
0.589533
0.586848
0.584175
0.581512
0.578859
0.576218
0.573587
0.570967
0.568358
0.565759
0.563171
0.560594
0.558027
0.55547
0.552924
0.550389
0.547864
0.545349
0.542845
0.540351
0.537868
0.535394
0.537868
0.540357
0.54286
0.545378
0.547911
0.550459
0.553021
0.555599
0.558191
0.560798
0.56342
0.566057
0.568709
0.571376
0.574059
0.576756
0.579468
0.582195
0.584938
0.587695
0.590468
0.593256
0.59606
0.598878
0.601712
0.604561
0.607425
0.610305
0.6132
0.616111
0.619036
0.621978
0.624934
0.627906
0.630894
0.633897
0.636915
0.639949
0.642999
0.646064
0.649144
0.65224
0.655352
0.658479
0.661622
0.66478
0.667954
0.671144
0.674349
0.67757
0.680806
0.684058
0.687326
0.690609
0.693908
0.697223
0.700553
0.703899
0.70726
0.710638
0.71403
0.717439
0.720863
0.724303
0.727758
0.731229
0.734716
0.738218
0.741736
0.745269
0.748818
0.752383
0.755963
0.759558
0.76317
0.766796
0.770439
0.774096
0.777769
0.781458
0.785162
0.788882
0.792617
0.796367
0.800133
0.803914
0.80771
0.811522
0.815348
0.81919
0.823048
0.82692
0.830808
0.83471
0.838628
0.842561
0.846509
0.850471
0.854449
0.858442
0.862449
0.866471
0.870508
0.87456
0.878627
0.882708
0.886803
0.890913
0.895038
0.899177
0.903331
0.907499
0.911681
0.915877
0.920088
0.924313
0.928551
0.932804
0.937071
0.941351
0.945646
0.949954
0.954276
0.958611
0.96296
0.967323
0.971699
0.976088
0.980491
0.984906
0.989335
0.993777
0.998232
1.0027
1.00718
1.01167
1.01618
1.0207
1.02523
1.02977
1.03433
1.0389
1.04348
1.04807
1.05267
1.05729
1.06191
1.06655
1.0712
1.07587
1.08054
1.08522
1.08992
1.09463
1.09935
1.10407
1.10881
1.11356
1.11832
1.12309
1.12788
1.13267
1.13747
1.14228
1.1471
1.15193
1.15677
1.16162
1.16648
1.17135
1.17623
1.18112
1.18601
1.19092
1.19583
1.20075
1.20568
1.21062
1.21556
1.22052
1.22548
1.23045
1.23543
1.24041
1.24541
1.2504
1.25541
1.26042
1.26544
1.27047
1.2755
1.28054
1.28559
1.29064
1.2957
1.30076
1.30583
1.31091
1.31599
1.32107
1.32616
1.33126
1.33636
1.34146
1.34657
1.35168
1.3568
1.36192
1.36705
1.37218
1.37731
1.38245
1.38759
1.39273
1.39788
1.40303
1.40818
1.41333
1.41849
1.42365
1.42881
1.43397
1.43914
1.44431
1.44947
1.45464
1.45981
1.46499
1.47016
1.47533
1.48051
1.48568
1.49086
1.49603
1.50121
1.50638
1.51156
1.51673
1.5219
1.52708
1.53225
1.53742
1.54259
1.54776
1.55293
1.55809
1.56326
1.56842
1.57358
1.57874
1.5839
1.58905
1.5942
1.59935
1.6045
1.60964
1.61478
1.61991
1.62505
1.63018
1.6353
1.64042
1.64554
1.65066
1.65577
1.66087
1.66597
1.67107
1.67616
1.68125
1.68633
1.69141
1.69648
1.70154
1.70661
1.71166
1.71671
1.72175
1.72679
1.73182
1.73685
1.74187
1.74688
1.75189
1.75689
1.76188
1.76687
1.77185
1.77682
1.78178
1.78674
1.79169
1.79663
1.80157
1.8065
1.81142
1.81633
1.82123
1.82613
1.83102
1.8359
1.84077
1.84563
1.85048
1.85533
1.86016
1.86499
1.86981
1.87462
1.87942
1.88421
1.88899
1.89377
1.89853
1.90328
1.90803
1.91276
1.91749
1.9222
1.92691
1.9316
1.93629
1.94096
1.94562
1.95028
1.95492
1.95956
1.96418
1.96879
1.97339
1.97799
1.98257
1.98714
1.9917
1.99624
2.00078
2.00531
2.00982
2.01433
2.01882
2.0233
2.02777
2.03223
2.03668
2.04111
2.04554
2.04995
2.05435
2.05874
2.06312
2.06749
2.07184
2.07619
2.08052
2.08484
2.08915
2.09344
2.09773
2.102
2.10626
2.11051
2.11474
2.11897
2.12318
2.12738
2.13157
2.13574
2.13991
2.14406
2.1482
2.15232
2.15644
2.16054
2.16463
2.16871
2.17277
2.17682
2.18086
2.18489
2.18891
2.19291
2.1969
2.20088
2.20484
2.20879
2.21273
2.21666
2.22058
2.22448
2.22837
2.23225
2.23611
2.23996
2.2438
2.24763
2.25144
2.25525
2.25904
2.26281
2.26658
2.27033
2.27407
2.27779
2.28151
2.28521
2.2889
2.29257
2.29624
2.29989
2.30352
2.30715
2.31076
2.31436
2.31795
2.32153
2.32509
2.32864
2.33218
2.33571
2.33922
2.34272
2.34621
2.34968
2.35315
2.3566
2.36004
2.36346
2.36688
2.37028
2.37367
2.37704
2.38041
2.38376
2.3871
2.39043
2.39374
2.39705
2.40034
2.40361
2.40688
2.41014
2.41338
2.41661
2.41983
2.42303
2.42623
2.42941
2.43258
2.43573
2.43888
2.44201
2.44514
2.44825
2.45134
2.45443
2.45751
2.46057
2.46362
2.46666
2.46969
2.4727
2.4757
2.4787
2.48168
2.48465
2.4876
2.49055
2.49348
2.49641
2.49932
2.50222
2.50511
2.50799
2.51085
2.51371
2.51655
2.51938
2.5222
2.52501
2.52781
2.5306
2.53337
2.53614
2.53889
2.54163
2.54437
2.54709
2.5498
2.55249
2.55518
2.55786
2.56053
2.56318
2.56053
2.55786
2.55518
2.55248
2.54977
2.54704
2.5443
2.54154
2.53877
2.53597
2.53317
2.53035
2.52751
2.52466
2.52179
2.5189
2.51601
2.51309
2.51016
2.50721
2.50425
2.50127
2.49828
2.49527
2.49224
2.4892
2.48614
2.48307
2.47998
2.47687
2.47375
2.47062
2.46746
2.4643
2.46111
2.45791
2.4547
2.45146
2.44822
2.44495
2.44167
2.43838
2.43507
2.43174
2.4284
2.42504
2.42166
2.41827
2.41486
2.41144
2.408
2.40455
2.40108
2.39759
2.39409
2.39057
2.38704
2.38349
2.37992
2.37634
2.37275
2.36913
2.36551
2.36186
2.3582
2.35453
2.35084
2.34713
2.34341
2.33967
2.33592
2.33215
2.32836
2.32457
2.32075
2.31692
2.31307
2.30921
2.30534
2.30144
2.29754
2.29361
2.28968
2.28572
2.28176
2.27777
2.27378
2.26976
2.26574
2.26169
2.25764
2.25356
2.24948
2.24538
2.24126
2.23713
2.23298
2.22882
2.22465
2.22046
2.21626
2.21204
2.20781
2.20356
2.1993
2.19503
2.19074
2.18644
2.18213
2.1778
2.17346
2.1691
2.16473
2.16035
2.15595
2.15154
2.14712
2.14268
2.13823
2.13377
2.1293
2.12481
2.12031
2.11579
2.11127
2.10673
2.10218
2.09762
2.09304
2.08846
2.08386
2.07925
2.07462
2.06999
2.06534
2.06069
2.05602
2.05134
2.04664
2.04194
2.03723
2.0325
2.02777
2.02302
2.01827
2.0135
2.00872
2.00394
1.99914
1.99433
1.98951
1.98469
1.97985
1.975
1.97015
1.96528
1.96041
1.95553
1.95064
1.94574
1.94083
1.93591
1.93098
1.92605
1.92111
1.91616
1.9112
1.90623
1.90126
1.89628
1.89129
1.88629
1.88129
1.87628
1.87127
1.86624
1.86121
1.85618
1.85114
1.84609
1.84104
1.83598
1.83091
1.82584
1.82076
1.81568
1.8106
1.80551
1.80041
1.79531
1.7902
1.78509
1.77998
1.77486
1.76974
1.76462
1.75949
1.75436
1.74922
1.74408
1.73894
1.7338
1.72865
1.7235
1.71835
1.71319
1.70804
1.70288
1.69772
1.69256
1.68739
1.68223
1.67706
1.67189
1.66673
1.66156
1.65639
1.65122
1.64605
1.64088
1.63571
1.63054
1.62537
1.6202
1.61503
1.60986
1.6047
1.59953
1.59437
1.5892
1.58404
1.57888
1.57372
1.56857
1.56341
1.55826
1.55311
1.54796
1.54282
1.53767
1.53253
1.5274
1.52226
1.51713
1.51201
1.50688
1.50177
1.49665
1.49154
1.48643
1.48133
1.47623
1.47113
1.46604
1.46096
1.45588
1.4508
1.44573
1.44067
1.43561
1.43055
1.42551
1.42046
1.41543
1.4104
1.40537
1.40035
1.39534
1.39033
1.38534
1.38034
1.37536
1.37038
1.36541
1.36044
1.35548
1.35053
1.34559
1.34066
1.33573
1.33081
1.3259
1.32099
1.3161
1.31121
1.30633
1.30146
1.29659
1.29174
1.28689
1.28206
1.27723
1.27241
1.2676
1.26279
1.258
1.25322
1.24845
1.24368
1.23893
1.23418
1.22944
1.22472
1.22
1.2153
1.2106
1.20591
1.20124
1.19657
1.19191
1.18727
1.18263
1.17801
1.17339
1.16879
1.16419
1.15961
1.15504
1.15048
1.14593
1.14139
1.13686
1.13234
1.12783
1.12334
1.11885
1.11438
1.10992
1.10547
1.10103
1.0966
1.09219
1.08778
1.08339
1.07901
1.07464
1.07028
1.06593
1.0616
1.05727
1.05296
1.04866
1.04438
1.0401
1.03584
1.03158
1.02734
1.02312
1.0189
1.0147
1.01051
1.00633
1.00216
0.998007
0.993865
0.989735
0.985617
0.981511
0.977418
0.973337
0.969269
0.965213
0.961169
0.957138
0.953119
0.949113
0.945119
0.941137
0.937168
0.933212
0.929268
0.925336
0.921417
0.917511
0.913617
0.909736
0.905867
0.902011
0.898167
0.894336
0.890518
0.886712
0.882918
0.879137
0.875369
0.871614
0.867871
0.86414
0.860422
0.856717
0.853024
0.849344
0.845676
0.842021
0.838379
0.834749
0.831131
0.827527
0.823934
0.820354
0.816787
0.813232
0.80969
0.80616
0.802643
0.799138
0.795645
0.792166
0.788698
0.785243
0.7818
0.77837
0.774952
0.771546
0.768153
0.764772
0.761403
0.758047
0.754703
0.751371
0.748052
0.744745
0.741449
0.738167
0.734896
0.731637
0.728391
0.725157
0.721935
0.718725
0.715527
0.712341
0.709167
0.706005
0.702855
0.699717
0.69659
0.693476
0.690374
0.687283
0.684205
0.681138
0.678083
0.67504
0.672008
0.668988
0.66598
0.662984
0.659999
0.657026
0.654064
0.651114
0.648175
0.645248
0.642333
0.639429
0.636536
0.633655
0.630785
0.627926
0.625079
0.622243
0.619418
0.616605
0.61942
0.622251
0.625098
0.627961
0.630839
0.633734
0.636644
0.63957
0.642512
0.645471
0.648445
0.651435
0.654441
0.657463
0.660501
0.663556
0.666626
0.669712
0.672814
0.675933
0.679067
0.682218
0.685384
0.688567
0.691766
0.694981
0.698212
0.701459
0.704722
0.708001
0.711296
0.714607
0.717935
0.721278
0.724638
0.728014
0.731405
0.734813
0.738237
0.741677
0.745133
0.748605
0.752092
0.755596
0.759116
0.762652
0.766204
0.769772
0.773355
0.776955
0.78057
0.784201
0.787849
0.791512
0.79519
0.798885
0.802595
0.806321
0.810063
0.81382
0.817593
0.821382
0.825186
0.829006
0.832841
0.836692
0.840558
0.84444
0.848337
0.852249
0.856177
0.86012
0.864078
0.868051
0.87204
0.876044
0.880062
0.884096
0.888144
0.892208
0.896286
0.900379
0.904487
0.90861
0.912747
0.916899
0.921065
0.925246
0.929441
0.93365
0.937874
0.942112
0.946364
0.95063
0.954911
0.959205
0.963513
0.967835
0.972171
0.97652
0.980883
0.985259
0.989649
0.994052
0.998469
1.0029
1.00734
1.0118
1.01627
1.02075
1.02524
1.02975
1.03427
1.0388
1.04335
1.0479
1.05247
1.05705
1.06165
1.06625
1.07087
1.0755
1.08014
1.08479
1.08946
1.09413
1.09882
1.10352
1.10822
1.11294
1.11767
1.12241
1.12717
1.13193
1.1367
1.14148
1.14628
1.15108
1.15589
1.16071
1.16554
1.17039
1.17524
1.1801
1.18497
1.18985
1.19473
1.19963
1.20453
1.20945
1.21437
1.2193
1.22424
1.22918
1.23414
1.2391
1.24407
1.24904
1.25403
1.25902
1.26402
1.26902
1.27403
1.27905
1.28408
1.28911
1.29415
1.29919
1.30424
1.30929
1.31435
1.31942
1.32449
1.32957
1.33465
1.33974
1.34483
1.34993
1.35503
1.36013
1.36524
1.37036
1.37547
1.38059
1.38572
1.39085
1.39598
1.40111
1.40625
1.41139
1.41653
1.42168
1.42682
1.43197
1.43713
1.44228
1.44744
1.45259
1.45775
1.46291
1.46807
1.47324
1.4784
1.48356
1.48873
1.49389
1.49906
1.50422
1.50939
1.51455
1.51972
1.52488
1.53005
1.53521
1.54037
1.54553
1.55069
1.55585
1.56101
1.56616
1.57132
1.57647
1.58162
1.58677
1.59191
1.59705
1.60219
1.60733
1.61247
1.6176
1.62273
1.62785
1.63297
1.63809
1.6432
1.64831
1.65342
1.65852
1.66362
1.66871
1.6738
1.67889
1.68397
1.68904
1.69411
1.69918
1.70424
1.70929
1.71434
1.71938
1.72442
1.72945
1.73448
1.7395
1.74451
1.74952
1.75452
1.75951
1.7645
1.76948
1.77445
1.77942
1.78438
1.78933
1.79427
1.79921
1.80414
1.80906
1.81397
1.81888
1.82378
1.82867
1.83355
1.83843
1.84329
1.84815
1.853
1.85784
1.86267
1.86749
1.87231
1.87711
1.88191
1.88669
1.89147
1.89624
1.901
1.90575
1.91049
1.91522
1.91994
1.92465
1.92935
1.93404
1.93872
1.94339
1.94805
1.9527
1.95734
1.96197
1.96659
1.9712
1.97579
1.98038
1.98496
1.98953
1.99408
1.99862
2.00316
2.00768
2.01219
2.01669
2.02118
2.02566
2.03013
2.03458
2.03903
2.04346
2.04788
2.05229
2.05669
2.06108
2.06545
2.06982
2.07417
2.07851
2.08284
2.08716
2.09146
2.09576
2.10004
2.10431
2.10856
2.11281
2.11704
2.12126
2.12547
2.12967
2.13386
2.13803
2.14219
2.14634
2.15047
2.1546
2.15871
2.16281
2.1669
2.17097
2.17503
2.17908
2.18312
2.18715
2.19116
2.19516
2.19915
2.20312
2.20709
2.21104
2.21498
2.2189
2.22281
2.22672
2.2306
2.23448
2.23834
2.24219
2.24603
2.24986
2.25367
2.25747
2.26126
2.26503
2.26879
2.27254
2.27628
2.28
2.28372
2.28742
2.2911
2.29478
2.29844
2.30209
2.30573
2.30935
2.31296
2.31656
2.32015
2.32372
2.32728
2.33083
2.33437
2.33789
2.34141
2.3449
2.34839
2.35187
2.35533
2.35878
2.36222
2.36564
2.36905
2.37245
2.37584
2.37922
2.38258
2.38593
2.38927
2.39259
2.39591
2.39921
2.4025
2.40578
2.40904
2.4123
2.41554
2.41877
2.42198
2.42519
2.42838
2.43156
2.43473
2.43789
2.44103
2.44416
2.44729
2.45039
2.45349
2.45658
2.45965
2.46271
2.46576
2.4688
2.47183
2.47484
2.47784
2.48084
2.48382
2.48678
2.48974
2.48679
2.48382
2.48083
2.47783
2.47481
2.47177
2.46872
2.46566
2.46257
2.45947
2.45635
2.45322
2.45007
2.44691
2.44373
2.44053
2.43731
2.43408
2.43083
2.42757
2.42429
2.421
2.41768
2.41435
2.41101
2.40765
2.40427
2.40088
2.39747
2.39404
2.3906
2.38714
2.38366
2.38017
2.37666
2.37314
2.3696
2.36604
2.36247
2.35888
2.35528
2.35166
2.34802
2.34437
2.3407
2.33702
2.33332
2.3296
2.32587
2.32212
2.31836
2.31458
2.31078
2.30697
2.30314
2.2993
2.29544
2.29157
2.28768
2.28378
2.27986
2.27592
2.27197
2.268
2.26402
2.26002
2.25601
2.25199
2.24794
2.24389
2.23981
2.23573
2.23162
2.22751
2.22338
2.21923
2.21507
2.21089
2.2067
2.2025
2.19828
2.19405
2.1898
2.18554
2.18126
2.17697
2.17267
2.16835
2.16402
2.15967
2.15531
2.15094
2.14655
2.14215
2.13774
2.13331
2.12887
2.12442
2.11996
2.11548
2.11099
2.10648
2.10197
2.09744
2.09289
2.08834
2.08377
2.07919
2.0746
2.07
2.06539
2.06076
2.05612
2.05147
2.04681
2.04214
2.03745
2.03276
2.02805
2.02333
2.01861
2.01387
2.00912
2.00436
1.99959
1.99481
1.99002
1.98521
1.9804
1.97558
1.97075
1.96591
1.96107
1.95621
1.95134
1.94646
1.94158
1.93668
1.93178
1.92687
1.92195
1.91702
1.91209
1.90714
1.90219
1.89723
1.89226
1.88729
1.88231
1.87732
1.87232
1.86732
1.86231
1.8573
1.85227
1.84724
1.84221
1.83717
1.83212
1.82707
1.82201
1.81694
1.81188
1.8068
1.80172
1.79664
1.79155
1.78646
1.78136
1.77626
1.77115
1.76604
1.76092
1.75581
1.75069
1.74556
1.74043
1.7353
1.73017
1.72503
1.71989
1.71475
1.70961
1.70446
1.69931
1.69416
1.68901
1.68386
1.6787
1.67355
1.66839
1.66323
1.65807
1.65291
1.64775
1.64259
1.63743
1.63227
1.62711
1.62195
1.61679
1.61163
1.60647
1.60131
1.59615
1.591
1.58584
1.58069
1.57554
1.57039
1.56524
1.56009
1.55495
1.54981
1.54467
1.53953
1.5344
1.52926
1.52414
1.51901
1.51389
1.50877
1.50365
1.49854
1.49343
1.48833
1.48323
1.47814
1.47304
1.46796
1.46287
1.4578
1.45272
1.44766
1.44259
1.43753
1.43248
1.42743
1.42239
1.41736
1.41233
1.4073
1.40229
1.39727
1.39227
1.38727
1.38228
1.37729
1.37231
1.36734
1.36237
1.35742
1.35246
1.34752
1.34258
1.33765
1.33273
1.32782
1.32291
1.31802
1.31313
1.30824
1.30337
1.2985
1.29365
1.2888
1.28396
1.27913
1.2743
1.26949
1.26469
1.25989
1.2551
1.25032
1.24556
1.2408
1.23605
1.23131
1.22658
1.22186
1.21715
1.21244
1.20775
1.20307
1.1984
1.19374
1.18909
1.18445
1.17982
1.1752
1.17059
1.16599
1.1614
1.15682
1.15225
1.1477
1.14315
1.13862
1.13409
1.12958
1.12508
1.12059
1.11611
1.11164
1.10718
1.10274
1.0983
1.09388
1.08947
1.08507
1.08068
1.0763
1.07194
1.06758
1.06324
1.05891
1.05459
1.05028
1.04599
1.04171
1.03743
1.03317
1.02893
1.02469
1.02047
1.01626
1.01206
1.00787
1.0037
0.999534
0.995383
0.991245
0.987119
0.983005
0.978903
0.974814
0.970737
0.966672
0.96262
0.95858
0.954553
0.950538
0.946535
0.942545
0.938567
0.934602
0.930649
0.926709
0.922781
0.918866
0.914963
0.911072
0.907195
0.903329
0.899477
0.895637
0.891809
0.887994
0.884192
0.880402
0.876624
0.872859
0.869107
0.865368
0.86164
0.857926
0.854224
0.850534
0.846857
0.843193
0.839541
0.835902
0.832275
0.828661
0.825059
0.82147
0.817894
0.814329
0.810778
0.807239
0.803712
0.800198
0.796696
0.793206
0.78973
0.786265
0.782813
0.779373
0.775946
0.772531
0.769128
0.765738
0.76236
0.758994
0.755641
0.7523
0.748971
0.745654
0.74235
0.739058
0.735778
0.73251
0.729254
0.72601
0.722779
0.71956
0.716352
0.713157
0.709974
0.706802
0.703643
0.700496
0.697361
0.694237
0.691126
0.688026
0.684938
0.681862
0.684935
0.688025
0.691131
0.694254
0.697393
0.700549
0.703721
0.70691
0.710115
0.713337
0.716576
0.71983
0.723102
0.726389
0.729694
0.733015
0.736352
0.739706
0.743076
0.746463
0.749866
0.753285
0.756721
0.760173
0.763642
0.767127
0.770629
0.774147
0.777681
0.781231
0.784798
0.788381
0.79198
0.795595
0.799227
0.802875
0.806539
0.810219
0.813915
0.817627
0.821355
0.8251
0.82886
0.832636
0.836428
0.840236
0.844059
0.847899
0.851754
0.855625
0.859511
0.863413
0.867331
0.871264
0.875213
0.879177
0.883157
0.887152
0.891162
0.895187
0.899228
0.903284
0.907355
0.911441
0.915542
0.919657
0.923788
0.927933
0.932093
0.936268
0.940458
0.944662
0.94888
0.953113
0.95736
0.961621
0.965897
0.970187
0.97449
0.978808
0.98314
0.987485
0.991844
0.996217
1.0006
1.005
1.00942
1.01384
1.01828
1.02274
1.0272
1.03168
1.03617
1.04068
1.0452
1.04973
1.05427
1.05882
1.06339
1.06797
1.07256
1.07717
1.08178
1.08641
1.09105
1.0957
1.10036
1.10503
1.10972
1.11441
1.11912
1.12384
1.12857
1.13331
1.13806
1.14282
1.14759
1.15237
1.15716
1.16196
1.16677
1.17159
1.17642
1.18126
1.18611
1.19097
1.19584
1.20072
1.2056
1.2105
1.2154
1.22031
1.22523
1.23016
1.23509
1.24004
1.24499
1.24995
1.25492
1.25989
1.26487
1.26986
1.27486
1.27986
1.28487
1.28988
1.29491
1.29993
1.30497
1.31001
1.31506
1.32011
1.32517
1.33023
1.3353
1.34037
1.34545
1.35053
1.35562
1.36071
1.36581
1.37091
1.37601
1.38112
1.38623
1.39135
1.39647
1.40159
1.40672
1.41184
1.41698
1.42211
1.42725
1.43239
1.43753
1.44267
1.44782
1.45296
1.45811
1.46326
1.46842
1.47357
1.47872
1.48388
1.48903
1.49419
1.49934
1.5045
1.50966
1.51482
1.51997
1.52513
1.53028
1.53544
1.54059
1.54575
1.5509
1.55605
1.5612
1.56635
1.5715
1.57664
1.58179
1.58693
1.59207
1.5972
1.60234
1.60747
1.6126
1.61772
1.62285
1.62797
1.63308
1.6382
1.6433
1.64841
1.65351
1.65861
1.6637
1.66879
1.67388
1.67896
1.68403
1.6891
1.69417
1.69923
1.70429
1.70934
1.71438
1.71942
1.72446
1.72949
1.73451
1.73952
1.74453
1.74954
1.75454
1.75953
1.76451
1.76949
1.77446
1.77943
1.78438
1.78933
1.79428
1.79921
1.80414
1.80906
1.81397
1.81888
1.82377
1.82866
1.83354
1.83842
1.84328
1.84814
1.85299
1.85783
1.86266
1.86748
1.87229
1.8771
1.88189
1.88668
1.89146
1.89622
1.90098
1.90573
1.91047
1.9152
1.91992
1.92463
1.92933
1.93403
1.93871
1.94338
1.94804
1.95269
1.95733
1.96196
1.96658
1.97119
1.97579
1.98038
1.98496
1.98952
1.99408
1.99863
2.00316
2.00769
2.0122
2.0167
2.02119
2.02567
2.03014
2.0346
2.03904
2.04348
2.0479
2.05232
2.05672
2.06111
2.06548
2.06985
2.0742
2.07855
2.08288
2.0872
2.0915
2.0958
2.10008
2.10436
2.10862
2.11286
2.1171
2.12132
2.12554
2.12974
2.13392
2.1381
2.14226
2.14641
2.15055
2.15468
2.15879
2.1629
2.16699
2.17107
2.17513
2.17918
2.18322
2.18725
2.19127
2.19527
2.19926
2.20324
2.20721
2.21116
2.2151
2.21903
2.22295
2.22685
2.23074
2.23462
2.23849
2.24234
2.24618
2.25001
2.25383
2.25763
2.26142
2.2652
2.26897
2.27272
2.27646
2.28019
2.28391
2.28761
2.2913
2.29498
2.29864
2.3023
2.30594
2.30957
2.31318
2.31678
2.32037
2.32395
2.32752
2.33107
2.33461
2.33814
2.34165
2.34516
2.34865
2.35213
2.35559
2.35905
2.36249
2.36592
2.36933
2.37274
2.37613
2.37951
2.38287
2.38623
2.38957
2.3929
2.39622
2.39952
2.40282
2.4061
2.40937
2.41262
2.41587
2.4191
2.42232
2.42553
2.42873
2.43191
2.42873
2.42553
2.42231
2.41908
2.41583
2.41256
2.40928
2.40598
2.40266
2.39933
2.39598
2.39261
2.38923
2.38583
2.38241
2.37898
2.37553
2.37206
2.36858
2.36508
2.36156
2.35803
2.35448
2.35092
2.34734
2.34374
2.34012
2.33649
2.33285
2.32918
2.3255
2.32181
2.3181
2.31437
2.31063
2.30687
2.30309
2.2993
2.29549
2.29167
2.28783
2.28397
2.2801
2.27621
2.27231
2.26839
2.26446
2.26051
2.25654
2.25256
2.24856
2.24455
2.24053
2.23648
2.23243
2.22835
2.22427
2.22016
2.21605
2.21191
2.20777
2.20361
2.19943
2.19524
2.19103
2.18681
2.18258
2.17833
2.17406
2.16978
2.16549
2.16119
2.15687
2.15253
2.14818
2.14382
2.13945
2.13506
2.13065
2.12624
2.12181
2.11737
2.11291
2.10844
2.10396
2.09946
2.09496
2.09044
2.0859
2.08136
2.0768
2.07223
2.06765
2.06305
2.05845
2.05383
2.0492
2.04456
2.0399
2.03524
2.03056
2.02588
2.02118
2.01647
2.01175
2.00702
2.00227
1.99752
1.99276
1.98799
1.9832
1.97841
1.9736
1.96879
1.96397
1.95914
1.95429
1.94944
1.94458
1.93971
1.93483
1.92995
1.92505
1.92014
1.91523
1.91031
1.90538
1.90044
1.8955
1.89054
1.88558
1.88062
1.87564
1.87066
1.86567
1.86067
1.85567
1.85066
1.84564
1.84062
1.83559
1.83056
1.82552
1.82047
1.81542
1.81036
1.8053
1.80023
1.79516
1.79008
1.785
1.77991
1.77482
1.76972
1.76462
1.75952
1.75441
1.7493
1.74418
1.73907
1.73394
1.72882
1.72369
1.71856
1.71343
1.7083
1.70316
1.69802
1.69288
1.68774
1.68259
1.67744
1.6723
1.66715
1.662
1.65685
1.65169
1.64654
1.64139
1.63624
1.63108
1.62593
1.62078
1.61562
1.61047
1.60532
1.60017
1.59502
1.58987
1.58472
1.57957
1.57443
1.56928
1.56414
1.559
1.55386
1.54873
1.54359
1.53846
1.53333
1.52821
1.52308
1.51796
1.51285
1.50773
1.50262
1.49752
1.49241
1.48732
1.48222
1.47713
1.47204
1.46696
1.46188
1.45681
1.45174
1.44668
1.44162
1.43656
1.43152
1.42647
1.42143
1.4164
1.41138
1.40636
1.40134
1.39633
1.39133
1.38634
1.38135
1.37636
1.37139
1.36642
1.36146
1.3565
1.35155
1.34661
1.34168
1.33675
1.33183
1.32692
1.32202
1.31712
1.31224
1.30736
1.30249
1.29762
1.29277
1.28792
1.28308
1.27825
1.27343
1.26862
1.26382
1.25902
1.25424
1.24946
1.2447
1.23994
1.23519
1.23045
1.22572
1.221
1.2163
1.2116
1.20691
1.20223
1.19756
1.1929
1.18825
1.18361
1.17898
1.17436
1.16975
1.16515
1.16056
1.15599
1.15142
1.14686
1.14232
1.13778
1.13326
1.12875
1.12425
1.11976
1.11528
1.11081
1.10635
1.10191
1.09747
1.09305
1.08864
1.08424
1.07985
1.07547
1.07111
1.06676
1.06241
1.05808
1.05376
1.04946
1.04516
1.04088
1.03661
1.03235
1.0281
1.02387
1.01964
1.01543
1.01123
1.00704
1.00287
0.998706
0.994555
0.990417
0.98629
0.982176
0.978074
0.973984
0.969907
0.965842
0.961789
0.957749
0.953721
0.949705
0.945702
0.941711
0.937733
0.933767
0.929813
0.925872
0.921944
0.918028
0.914124
0.910233
0.906355
0.902489
0.898635
0.894795
0.890966
0.88715
0.883347
0.879556
0.875778
0.872012
0.868259
0.864519
0.86079
0.857075
0.853372
0.849682
0.846004
0.842338
0.838686
0.835045
0.831418
0.827802
0.8242
0.82061
0.817032
0.813467
0.809914
0.806374
0.802846
0.799331
0.795828
0.792337
0.788859
0.785393
0.78194
0.778499
0.775071
0.771655
0.768251
0.764859
0.76148
