0.223607
0.246031
0.274771
0.29307
0.299359
0.324574
0.333009
0.347391
0.336179
0.353417
0.367389
0.379419
0.376209
0.404051
0.399864
0.411771
0.427117
0.446902
0.451052
0.482142
0.50054
0.482802
0.491199
0.493844
0.503392
0.50047
0.510552
0.526916
0.52156
0.523702
0.518978
0.513726
0.528113
0.54178
0.556129
0.541523
0.541133
0.536061
0.547968
0.55092
0.55304
0.54317
0.565841
0.570443
0.572949
0.577224
0.576541
0.575889
0.595633
0.589157
0.590825
0.602045
0.599989
0.593992
0.608764
0.606278
0.59551
0.620081
0.633468
0.630367
0.624147
0.622041
0.639944
0.63594
0.649338
0.656898
0.660384
0.665346
0.658246
0.655594
0.641223
0.650123
0.660913
0.658725
0.658926
0.652165
0.659119
0.678832
0.677807
0.678025
0.680239
0.68268
0.693171
0.696662
0.696843
0.698335
0.698096
0.708035
0.716656
0.707393
0.713171
0.723886
0.725392
0.730063
0.735647
0.734053
0.727687
0.732189
0.720014
0.716809
0.716724
0.722319
0.724685
0.712623
0.706535
0.699552
0.690281
0.694641
0.708793
0.715006
0.715662
0.727404
0.745081
0.76099
0.752041
0.740683
0.736354
0.728338
0.739603
0.735957
0.750506
0.750527
0.756835
0.761339
0.75699
0.767148
0.789225
0.785864
0.781166
0.762518
0.748708
0.769893
0.769379
0.7578
0.763995
0.752913
0.749813
0.747109
0.755311
0.761087
0.761213
0.762713
0.772248
0.775137
0.792968
0.791281
0.785911
0.781907
0.771565
0.76987
0.793526
0.808584
0.81625
0.804056
0.823192
0.820232
0.816408
0.811256
0.800837
0.808408
0.812545
0.801942
0.804242
0.801392
0.808625
0.790977
0.797359
0.795855
0.801655
0.801533
0.798729
0.814983
0.79477
0.787099
0.804669
0.80601
0.819967
0.802523
0.794426
0.798685
0.814521
0.822715
0.807138
0.797917
0.790412
0.773771
0.78179
0.779374
0.763332
0.781372
0.773217
0.758942
0.760016
0.762154
0.778846
0.768113
0.76512
0.753527
0.753876
0.760445
0.766887
0.757697
0.759177
0.775599
0.759028
0.779661
0.784707
0.784772
0.773013
0.763728
0.759281
0.754649
0.769556
0.769313
0.756751
0.76896
0.764609
0.765362
0.764535
0.767038
0.77033
0.755851
0.739244
0.737907
0.731099
0.722935
0.719711
0.711841
0.701461
0.700681
0.702175
0.692298
0.694067
0.684009
0.678793
0.677659
0.68138
0.689541
0.677652
0.675536
0.671613
0.667108
0.659667
0.649329
0.659334
0.659481
0.662627
0.658343
0.660999
0.650919
0.650167
0.651228
0.66797
0.684903
0.688986
0.678223
0.673002
0.660302
0.660153
0.657282
0.639254
0.631683
0.632569
0.627877
0.616478
0.613317
0.603373
0.621738
0.620733
0.621997
0.609615
0.610663
0.606351
0.630166
0.623395
0.623285
0.616885
0.621817
0.615294
0.617863
0.608939
0.604148
0.592559
0.587026
0.600033
0.587646
0.578729
0.564976
0.555437
0.565443
0.575758
0.567917
0.569331
0.555509
0.556816
0.562252
0.562756
0.558347
0.550046
0.572634
0.567453
0.558777
0.556026
0.55476
0.532969
0.517328
0.536725
0.532649
0.517795
0.532396
0.538271
0.529754
0.519938
0.511656
0.520268
0.518883
0.517371
0.500837
0.491986
0.487487
0.520739
0.529188
0.527664
0.536319
0.53145
0.53494
0.534525
0.54507
0.540127
0.55143
0.557857
0.547768
0.54707
0.562992
0.567293
0.56013
0.548295
0.54959
0.553469
0.549266
0.519713
0.513573
0.504803
0.517516
0.540591
0.555221
0.545017
0.559592
0.552597
0.542713
0.538833
0.54342
0.540032
0.551517
0.548226
0.557447
0.565345
0.563613
0.551552
0.549427
0.539295
0.555997
0.54809
0.537913
0.567571
0.546962
0.535192
0.525388
0.53511
0.529088
0.521805
0.522446
0.526683
0.537793
0.538927
0.536706
0.523863
0.530946
0.514215
0.531832
0.522505
0.518956
0.528471
0.5441
0.544433
0.537215
0.520121
0.518841
0.528167
0.531636
0.549468
0.549901
0.553342
0.562476
0.559936
0.549899
0.559196
0.560621
0.55204
0.551803
0.534451
0.529404
0.531346
0.519592
0.512351
0.503162
0.500944
0.493942
0.492927
0.477643
0.487772
0.490736
0.49573
0.492786
0.491547
0.501054
0.479214
0.472356
0.494375
0.495187
0.48793
0.499279
0.500689
0.505526
0.494923
0.477959
0.487298
0.491123
0.507922
0.495526
0.48114
0.503923
0.506195
0.495135
0.481475
0.494394
0.494542
0.496195
0.48645
0.481051
0.472622
0.470948
0.46719
0.459046
0.46209
0.455331
0.452975
0.458139
0.470122
0.462714
0.470781
0.462542
0.470997
0.453114
0.458078
0.457703
0.450376
0.448924
0.456779
0.440368
0.439994
0.448307
0.448323
0.448444
0.456344
0.46537
0.472395
0.456151
0.447052
0.443231
0.455333
0.469646
0.455489
0.461172
0.459121
0.475682
0.484979
0.49539
0.512657
0.526826
0.530245
0.522574
0.526333
0.542615
0.545252
0.54335
0.531011
0.52278
0.502596
0.503881
0.512135
0.505047
0.518316
0.50163
0.496356
0.510706
0.534276
0.540262
0.535532
0.525363
0.528259
0.529636
0.530268
0.540808
0.547438
0.539113
0.532686
0.529739
0.53134
0.539802
0.518446
0.526435
0.520318
0.511963
0.528596
0.526236
0.534107
0.564038
0.569547
0.561789
0.577226
0.572803
0.591041
0.601402
0.61035
0.614031
0.616333
0.61202
0.630135
0.609102
0.615562
0.631623
0.636864
0.651282
0.650562
0.666556
0.659525
0.639156
0.648007
0.639029
0.633441
0.619469
0.607274
0.616779
0.608433
0.631083
0.632111
0.638799
0.648858
0.657865
0.660525
0.656462
0.657555
0.667315
0.679379
0.681364
0.672179
0.672008
0.670459
0.660858
0.668812
0.678218
0.683738
0.701602
0.694251
0.700347
0.710058
0.717984
0.734699
0.741305
0.736293
0.729258
0.728206
0.713368
0.70829
0.713199
0.731871
0.735519
0.738964
0.742534
0.748722
0.754164
0.756558
0.744428
0.755062
0.74751
0.735435
0.724361
0.745827
0.732341
0.741481
0.739361
0.747796
0.745535
0.758127
0.759107
0.752192
0.741657
0.742431
0.726175
0.73567
0.745935
0.755089
0.766519
0.807146
0.824703
0.818156
0.820152
0.821298
0.813161
0.824357
0.812537
0.80839
0.789455
0.774593
0.766285
0.786375
0.802041
0.816456
0.820947
0.825749
0.807891
0.815201
0.819298
0.817609
0.806553
0.811056
0.802928
0.821506
0.842582
0.835768
0.855283
0.861855
0.875504
0.87582
0.86941
0.880037
0.883697
0.875471
0.882105
0.879638
0.881106
0.882144
0.876562
0.875817
0.884119
0.897326
0.910126
0.910122
0.90834
0.910978
0.921216
0.929148
0.933744
0.926375
0.924759
0.919689
0.917832
0.93908
0.940989
0.950713
0.937741
0.933363
0.92062
0.911145
0.904174
0.90524
0.911717
0.896174
0.885094
0.886319
0.883906
0.894356
0.888688
0.888293
0.889811
0.883862
0.887099
0.892061
0.888405
0.884383
0.889475
0.882935
0.87913
0.898602
0.888943
0.886175
0.884879
0.903207
0.889878
0.871103
0.857014
0.871914
0.880304
0.888147
0.879454
0.887745
0.881858
0.902278
0.919739
0.908853
0.908864
0.907779
0.905578
0.89285
0.893171
0.904909
0.918071
0.902868
0.888634
0.884219
0.874125
0.882516
0.890472
0.894046
0.892964
0.893635
0.891004
0.892457
0.893429
0.862739
0.860235
0.835741
0.837441
0.815277
0.803162
0.81265
0.825819
0.838221
0.840132
0.833812
0.822745
0.817175
0.812166
0.805152
0.811307
0.807227
0.803084
0.785908
0.776123
0.764355
0.744555
0.742676
0.718401
0.709641
0.707881
0.722851
0.71952
0.741529
0.742379
0.732239
0.717532
0.725608
0.720421
0.716828
0.723516
0.713736
0.708559
0.689484
0.690547
0.682793
0.688379
0.701901
0.704118
0.704872
0.708248
0.703903
0.687144
0.700092
0.716821
0.718667
0.726354
0.720511
0.718123
0.71161
0.696424
0.703659
0.687193
0.681115
0.68372
0.689563
0.675651
0.679636
0.678166
0.662019
0.653307
0.663628
0.669445
0.677748
0.67598
0.681097
0.68701
0.69899
0.691764
0.676121
0.669953
0.676628
0.670033
0.670507
0.671857
0.677656
0.676497
0.67285
0.66495
0.652556
0.639073
0.637473
0.656065
0.663201
0.649715
0.654823
0.657428
0.65367
0.656616
0.658405
0.651075
0.653587
0.664524
0.662244
0.664807
0.655453
0.647444
0.645147
0.654828
0.645056
0.643969
0.640796
0.641178
0.626825
0.612466
0.605568
0.614672
0.618592
0.620459
0.631011
0.630335
0.632696
0.628393
0.606331
0.592883
0.590897
0.61177
0.615497
0.623938
0.619595
0.608061
0.608891
0.605632
0.61859
0.618956
0.616138
0.613901
0.604301
0.603083
0.600412
0.58088
0.59111
0.576583
0.591677
0.595539
0.590642
0.587753
0.592316
0.610576
0.598367
0.607062
0.599753
0.611068
0.621165
0.607816
0.602665
0.603193
0.598478
0.578304
0.580253
0.565285
0.575571
0.571559
0.576942
0.578894
0.580966
0.568864
0.575838
0.57029
0.579988
0.587445
0.59904
0.624776
0.618521
0.613006
0.6175
0.602031
0.618304
0.614111
0.603679
0.604202
0.603791
0.606829
0.599051
0.588705
0.591765
0.599864
0.622483
0.606953
0.622708
0.617665
0.608032
0.602204
0.607007
0.605038
0.600032
0.591239
0.59162
0.601734
0.604241
0.628351
0.616212
0.620018
0.634287
0.636995
0.655366
0.658215
0.663937
0.671049
0.677206
0.669422
0.65992
0.667161
0.666171
0.654956
0.666694
0.673045
0.67404
0.671939
0.662318
0.656931
0.666572
0.691628
0.700816
0.693236
0.695615
0.696015
0.685214
0.6793
0.681306
0.695422
0.698077
0.686251
0.683285
0.677138
0.65589
0.645751
0.652419
0.654053
0.662581
0.656444
0.650287
0.66391
0.646739
0.64588
0.632846
0.622098
0.61175
0.602792
0.60034
0.608932
0.613843
0.607097
0.611527
0.592186
0.611052
0.585743
0.584576
0.591238
0.58415
0.587905
0.59146
0.584276
0.594855
0.594679
0.592343
0.581307
0.593486
0.583168
0.584531
0.591052
0.594524
0.596694
0.613622
0.618934
0.629092
0.636987
0.635775
0.63435
0.619408
0.621192
0.627956
0.635304
0.645615
0.631209
0.623485
0.62302
0.643321
0.636039
0.645807
0.624936
0.612334
0.613649
0.615961
0.606989
0.606297
0.586857
0.590221
0.582498
0.59042
0.590615
0.58182
0.571197
0.574781
0.56497
0.570939
0.56023
0.552757
0.543882
0.549425
0.532155
0.520819
0.520773
0.53834
0.523189
0.523254
0.521681
0.512204
0.505844
0.510085
0.486584
0.480117
0.485388
0.499189
0.513519
0.522885
0.510387
0.509363
0.516111
0.50084
0.500061
0.50337
0.475332
0.481075
0.464284
0.461455
0.466164
0.458242
0.471127
0.4552
0.455714
0.449058
0.433534
0.430284
0.432651
0.419762
0.432947
0.415643
0.424316
0.4187
0.402406
0.408124
0.412732
0.409189
0.409493
0.40413
0.4121
0.400929
0.395868
0.418342
0.434112
0.426796
0.440537
0.406546
0.418964
0.420383
0.427189
0.452422
0.437436
0.442678
0.443554
0.443912
0.43781
0.453691
0.45432
0.458193
0.463005
0.456302
0.473118
0.467241
0.457993
0.453108
0.471744
0.487764
0.502182
0.498607
0.48962
0.496816
0.50163
0.50747
0.524284
0.539175
0.533152
0.537255
0.528263
0.536411
0.542713
0.550816
0.537516
0.543401
0.548133
0.546127
0.534265
0.523646
0.525731
0.517119
0.513166
0.523816
0.523151
0.514638
0.515235
0.508304
0.507368
0.505379
0.519501
0.522346
0.526856
0.515068
0.520539
0.503701
0.50042
0.493965
0.496461
0.491064
0.478498
0.481983
0.48277
0.489383
0.501328
0.511272
0.511171
0.49668
0.494099
0.487156
0.471211
0.482952
0.492293
0.521989
0.528551
0.53524
0.546372
0.547008
0.553088
0.555947
0.551314
0.54033
0.567487
0.569665
0.553014
0.560115
0.571278
0.568882
0.573262
0.570827
0.575221
0.56158
0.565741
0.577591
0.591394
0.601815
0.609136
0.606696
0.587192
0.591523
0.591858
0.588796
0.588933
0.612739
0.621644
0.62057
0.641441
0.632682
0.617644
0.620901
0.605007
0.601874
0.590966
0.598746
0.573251
0.562441
0.557877
0.555456
0.55704
0.543544
0.534094
0.527404
0.530884
0.530286
0.51305
0.515805
0.513905
0.522677
0.527302
0.540049
0.540738
0.540656
0.553588
0.53606
0.55302
0.532722
0.537075
0.527659
0.512975
0.522697
0.520636
0.518554
0.503996
0.506792
0.511813
0.516621
0.495596
0.484401
0.4785
0.474605
0.474169
0.462245
0.46531
0.458608
0.46266
0.464099
0.473689
0.473188
0.488826
0.482869
0.472408
0.473999
0.467389
0.482521
0.485127
0.472785
0.476325
0.470222
0.466704
0.466133
0.457624
0.460623
0.455521
0.462608
0.456753
0.453203
0.460908
0.448069
0.463051
0.458122
0.46112
0.465589
0.456337
0.449884
0.464107
0.470193
0.463129
0.4628
0.454227
0.442344
0.432304
0.422322
0.413937
0.41745
0.432669
0.429827
0.431116
0.444774
0.453391
0.438408
0.446356
0.450032
0.434986
0.424842
0.449801
0.438709
0.431368
0.40152
0.409984
0.41029
0.404831
0.398233
0.405635
0.385703
0.393891
0.382746
0.383161
0.361114
0.370535
0.361114
0.351038
0.369374
0.351669
0.357754
0.38156
0.381891
0.375117
0.374572
0.372794
0.371029
0.365475
0.371475
0.358537
0.37215
0.378127
0.363181
0.385372
0.383438
0.386325
0.379977
0.359111
0.359634
0.375675
0.366004
0.355567
0.341896
0.346285
0.349158
0.350777
0.352864
0.343117
0.353662
0.332678
0.343169
0.328571
0.338298
0.33452
0.32785
0.325334
0.332223
0.335452
0.324106
0.313385
0.302946
0.29626
0.306311
0.31313
0.322863
0.333467
0.340706
0.342245
0.330649
0.335518
0.33174
0.342122
0.338285
0.353633
0.36823
0.376493
0.386788
0.394619
0.405044
0.401267
0.387505
0.38871
0.378199
0.382337
0.374975
0.360358
0.373945
0.364293
0.3486
0.343993
0.346038
0.346913
0.366022
0.358292
0.3627
0.366515
0.371008
0.3789
0.392715
0.403235
0.408676
0.405366
0.417453
0.410558
0.389224
0.390692
0.400145
0.399866
0.404365
0.411028
0.404503
0.407802
0.402095
0.387713
0.385569
0.37131
0.360525
0.376662
0.390137
0.375154
0.374037
0.372166
0.37338
0.360917
0.345687
0.337135
0.328824
0.335343
0.346582
0.346976
0.333992
0.336215
0.338326
0.352225
0.364548
0.348757
0.339395
0.342069
0.344933
0.338774
0.32296
0.319985
0.319666
0.311689
0.299527
0.315578
0.303987
0.293483
0.285092
0.29822
0.306097
0.275284
0.287666
0.281253
0.288829
0.26712
0.283618
0.284959
0.274764
0.270597
0.279085
0.273257
0.265468
0.273643
0.285412
0.279003
0.260035
0.245561
0.229294
0.24037
0.233544
0.242423
0.242603
0.233607
0.248171
0.234823
0.233927
0.240628
0.244089
0.236199
0.230905
0.243002
0.234582
0.224703
0.218466
0.222829
0.230625
0.237943
0.246864
0.24375
0.250356
0.244928
0.229617
0.23445
0.231834
0.237293
0.227024
0.225902
0.233575
0.239579
0.231613
0.223502
0.232227
0.243723
0.234935
0.244996
0.229826
0.249243
0.268483
0.249272
0.254573
0.250238
0.248036
0.2506
0.276534
0.289411
0.279134
0.266103
0.241775
0.235707
0.241218
0.234909
0.23966
0.243985
0.240135
0.236915
0.248356
0.249657
0.269647
0.262591
0.26493
0.257657
0.249862
0.251002
0.268623
0.27371
0.273757
0.276787
0.288051
0.277244
0.26498
0.266319
0.264502
0.267457
0.271469
0.284066
0.28971
0.265219
0.267107
0.251783
0.256898
0.283048
0.290213
0.301975
0.279034
0.279529
0.279834
0.279069
0.297927
0.304079
0.302384
0.310878
0.306063
0.311879
0.303818
0.296877
0.295648
0.298101
0.290608
0.285188
0.291837
0.281083
0.279806
0.282261
0.298089
0.297775
0.305577
0.285776
0.286937
0.301331
0.302774
0.285711
0.298082
0.295255
0.304413
0.284928
0.277257
0.270327
0.238931
0.25235
0.245637
0.25153
0.260274
0.261511
0.262285
0.26869
0.274864
0.270094
0.276805
0.300535
0.297265
0.288889
0.284572
0.270605
0.281961
0.297957
0.293442
0.293175
0.287322
0.284984
0.282271
0.29295
0.292647
0.291673
0.282295
0.288709
0.300892
0.298017
0.281146
0.295785
0.312488
0.30804
0.305869
0.301376
0.304339
0.298906
0.295387
0.293071
0.293818
0.270183
0.264839
0.250197
0.260077
0.264418
0.264382
0.277187
0.274318
0.269738
0.274501
0.274293
0.282895
0.285371
0.289232
0.274849
0.272962
0.28063
0.286536
0.294056
0.300681
0.309832
0.314523
0.321521
0.30342
0.312179
0.322091
0.307352
0.305514
0.303371
0.297326
0.316672
0.315168
0.292755
0.279633
0.300205
0.304995
0.306901
0.306543
0.301528
0.29571
0.284183
0.28326
0.288282
0.288645
0.295641
0.303081
0.312509
0.326364
0.305399
0.298701
0.291662
0.299921
0.310341
0.32953
0.325525
0.339399
0.329906
0.34361
0.33838
0.358729
0.351474
0.360397
0.36741
0.377497
0.387572
0.390037
0.38544
0.380409
0.378714
0.370131
0.364441
0.364426
0.365303
0.382976
0.383192
0.37821
0.378173
0.382437
0.381552
0.391626
0.386746
0.379351
0.372635
0.380142
0.367069
0.374837
0.353354
0.367504
0.341621
0.34445
0.346169
0.355032
0.342592
0.338681
0.357269
0.362173
0.368668
0.370313
0.37574
0.388879
0.384708
0.370202
0.389085
0.386074
0.385689
0.391654
0.386271
0.38541
0.387143
0.394501
0.396323
0.388412
0.376601
0.374299
0.369258
0.372733
0.366625
0.378166
0.389403
0.398908
0.397385
0.39768
0.384275
0.366437
0.367884
0.350509
0.338983
0.334876
0.334901
0.320034
0.300565
0.310394
0.334749
0.337727
0.34539
0.351484
0.346799
0.343028
0.340179
0.34851
0.328854
0.340589
0.332257
0.344421
0.347398
0.330311
0.329421
0.329837
0.323804
0.313211
0.314913
0.3326
0.345474
0.346065
0.357733
0.36104
0.363073
0.355589
0.356707
0.347687
0.360695
0.359418
0.363539
0.37047
0.36632
0.384053
0.392645
0.40596
0.415749
0.4139
0.420062
0.417478
0.429333
0.421809
0.425373
0.427347
0.427157
0.421157
0.417849
0.402296
0.382888
0.392304
0.392107
0.387322
0.404985
0.411046
0.41477
0.413604
0.413312
0.410155
0.397819
0.391382
0.396029
0.391648
0.37841
0.374037
0.382911
0.377112
0.386487
0.38232
0.379235
0.387499
0.370992
0.362848
0.355172
0.347665
0.341134
0.339808
0.329515
0.332584
0.329975
0.350701
0.374905
0.385068
0.378615
0.366416
0.367929
0.359067
0.362413
0.351457
0.349915
0.345586
0.340214
0.350429
0.351215
0.349227
0.345862
0.349629
0.353623
0.371933
0.36682
0.343411
0.361535
0.359028
0.348728
0.34875
0.339655
0.335881
0.339548
0.342498
0.346071
0.34512
0.340308
0.340842
0.327955
0.333248
0.326405
0.338683
0.345243
0.358956
0.356518
0.367878
0.370386
0.35984
0.356242
0.362671
0.366464
0.366181
0.374932
0.370578
0.354553
0.346174
0.339386
0.352615
0.364795
0.365846
0.374679
0.369309
0.372253
0.390088
0.389339
0.394536
0.371186
0.37199
0.377294
0.389437
0.391184
0.39612
0.418886
0.418303
0.426449
0.436706
0.443079
0.427899
0.427988
0.426106
0.417559
0.416015
0.419851
0.423411
0.431323
0.418688
0.42327
0.449177
0.463013
0.472304
0.470258
0.477158
0.477258
0.482224
0.488575
0.489757
0.503931
0.487867
0.48673
0.477457
0.475392
0.474656
0.469856
0.46383
0.476643
0.482556
0.4699
0.468858
0.474628
0.45444
0.449868
0.445011
0.456236
0.455342
0.457336
0.459983
0.460846
0.438383
0.449965
0.448465
0.456128
0.460074
0.451102
0.460105
0.461988
0.455559
0.463605
0.453168
0.447736
0.445916
0.433068
0.448522
0.444136
0.437204
0.429745
0.440094
0.446915
0.458643
0.46369
0.475262
0.480898
0.468211
0.470076
0.475563
0.47407
0.452868
0.454368
0.462315
0.471354
0.464395
0.450701
0.445312
0.455671
0.467416
0.454484
0.442141
0.435036
0.444976
0.452735
0.444194
0.441499
0.452099
0.443898
0.450496
0.464149
0.471861
0.472001
0.49003
0.488585
0.480002
0.481676
0.471839
0.479314
0.495115
0.516049
0.521715
0.549156
0.553644
0.552773
0.532386
0.545834
0.537304
0.541119
0.550805
0.562961
0.588091
0.577487
0.585504
0.590633
0.577949
0.567078
0.569421
0.550415
0.565157
0.570433
0.563835
0.562709
0.551077
0.547328
0.536765
0.536274
0.543767
0.540105
0.541019
0.545716
0.548593
0.560517
0.560731
0.568894
0.579451
0.601552
0.624778
0.613031
0.597487
0.589786
0.592991
0.598559
0.615117
0.60862
0.594226
0.597104
0.614256
0.623808
0.638635
0.618851
0.620292
0.61324
0.611709
0.610282
0.60817
0.61347
0.626806
0.643511
0.639158
0.638077
0.634246
0.642457
0.670751
0.661482
0.665234
0.68286
0.673772
0.678708
0.667279
0.672338
0.691618
0.685869
0.696461
0.692895
0.689035
0.672283
0.688316
0.689853
0.704248
0.714049
0.733723
0.741142
0.73295
0.725923
0.733273
0.733752
0.721075
0.72019
0.730535
0.727296
0.724307
0.724405
0.726319
0.736837
0.722553
0.763783
0.757808
0.774009
0.77278
0.771133
0.774148
0.789151
0.788114
0.769267
0.797084
0.814002
0.837594
0.836541
0.829291
0.830885
0.832167
0.850041
0.8311
0.839929
0.845867
0.847353
0.835651
0.867331
0.880316
0.883333
0.898987
0.898163
0.891325
0.891618
0.885232
0.875914
0.86654
0.861642
0.862472
0.852313
0.840812
0.826379
0.82151
0.821492
0.828693
0.832713
0.844295
0.860117
0.853299
0.847502
0.855932
0.841917
0.840309
0.834849
0.816374
0.80833
0.788115
0.788847
0.772581
0.790408
0.771003
0.762446
0.739064
0.743735
0.734967
0.734719
0.737533
0.742469
0.744361
0.727229
0.709596
0.701983
0.726291
0.73535
0.739614
0.755577
0.750482
0.758485
0.770998
0.77818
0.77911
0.776268
0.782345
0.762583
0.766078
0.767507
0.776711
0.772111
0.756374
0.756273
0.735288
0.744706
0.761845
0.732001
0.734363
0.72689
0.735248
0.732483
0.722444
0.722246
0.712416
0.717965
0.693005
0.690646
0.677762
0.667917
0.668686
0.645754
0.644995
0.640808
0.641601
0.657006
0.651528
0.642791
0.650578
0.647872
0.656684
0.644763
0.644393
0.628599
0.635228
0.633879
0.605241
0.609695
0.605523
0.588445
0.579405
0.568596
0.555581
0.571601
0.575738
0.572129
0.547131
0.546102
0.536607
0.528044
0.530706
0.545185
0.534382
0.542499
0.532477
0.510525
0.523049
0.513006
0.515238
0.513218
0.507259
0.495183
0.50785
0.495578
0.503115
0.514096
0.506064
0.505598
0.496531
0.479343
0.465075
0.484102
0.48626
0.507598
0.504855
0.499206
0.503539
0.503141
0.516674
0.518123
0.504425
0.494899
0.475104
0.474721
0.479508
0.488043
0.484866
0.501844
0.505031
0.52246
0.517326
0.502504
0.503725
0.512691
0.530879
0.512675
0.507323
0.496345
0.494204
0.493026
0.486499
0.484373
0.476215
0.47814
0.468928
0.467017
0.466498
0.471011
0.468318
0.459926
0.466482
0.47202
0.458159
0.463927
0.450427
0.452885
0.455211
0.446998
0.440876
0.442913
0.438123
0.429375
0.416722
0.414766
0.422884
0.442001
0.45227
0.450139
0.444479
0.444844
0.449083
0.449364
0.456349
0.451085
0.458232
0.458031
0.424869
0.429135
0.433497
0.420147
0.4289
0.417605
0.419369
0.42116
0.41805
0.413785
0.416656
0.401875
0.396714
0.400316
0.406826
0.404134
0.4048
0.389154
0.396061
0.381499
0.393593
0.380252
0.372156
0.378586
0.382499
0.370989
0.356719
0.356349
0.354304
0.340987
0.350363
0.349419
0.349081
0.350642
0.333965
0.329562
0.321954
0.320839
0.308316
0.308253
0.313913
0.314056
0.321737
0.314925
0.314331
0.317837
0.293756
0.30596
0.31531
0.319587
0.294729
0.298806
0.28125
0.278715
0.286782
0.289686
0.280158
0.283172
0.289811
0.299314
0.288797
0.279752
0.281257
0.296113
0.297182
0.294326
0.287236
0.280219
0.288537
0.308787
0.305946
0.325078
0.326642
0.31988
0.328156
0.323772
0.330908
0.316692
0.312957
0.286337
0.278538
0.287208
0.278978
0.257874
0.248523
0.238669
0.249226
0.237659
0.240389
0.259952
0.255922
0.247266
0.258606
0.248242
0.239096
0.252421
0.268524
0.270562
0.274956
0.289254
0.294852
0.297465
0.310663
0.298689
0.297809
0.290635
0.287354
0.279436
0.270813
0.271921
0.288234
0.280993
0.287203
0.273332
0.262253
0.274434
0.266207
0.284779
0.273788
0.283243
0.276369
0.273257
0.267127
0.267398
0.270243
0.281215
0.2792
0.278889
0.29106
0.281377
0.277666
0.278347
0.280449
0.275698
0.277986
0.282201
0.283807
0.28488
0.275664
0.268851
0.265222
0.262461
0.262404
0.256206
0.272039
0.282913
0.289989
0.273425
0.28244
0.273804
0.277458
0.267339
0.266358
0.279837
0.270334
0.263552
0.273344
0.25843
0.275532
0.28262
0.256432
0.248976
0.24448
0.235149
0.228628
0.214326
0.219525
0.225858
0.241385
0.247395
0.255292
0.247978
0.236791
0.246653
0.247786
0.244435
0.233838
0.246812
0.255902
0.249393
0.227481
0.234929
0.241953
0.219805
0.228833
0.217252
0.218925
0.21109
0.187026
0.182246
0.187495
0.19215
0.18563
0.180792
0.210072
0.198861
0.200337
0.21472
0.213684
0.225034
0.241988
0.251535
0.24198
0.239318
0.245137
0.264513
0.260551
0.241542
0.241446
0.237407
0.223676
0.228241
0.235466
0.243502
0.235456
0.226845
0.23606
0.234259
0.233511
0.233082
0.227456
0.237568
0.237281
0.236703
0.230641
0.244057
0.26034
0.26665
0.282739
0.282455
0.27697
0.287093
0.28252
0.293158
0.302355
0.290341
0.271428
0.274732
0.269239
0.26633
0.262664
0.268848
0.255589
0.259386
0.243757
0.230412
0.243344
0.226482
0.232516
0.223779
0.213416
0.194142
0.20451
0.212227
0.200056
0.206445
0.20433
0.188598
0.191404
0.198374
0.215206
0.200201
0.202862
0.218661
0.231222
0.234106
0.238372
0.243854
0.222121
0.219715
0.212589
0.209483
0.197553
0.196635
0.21037
0.214263
0.201703
0.200053
0.198481
0.189836
0.188689
0.19992
0.206827
0.210557
0.211358
0.212744
0.222532
0.229879
0.216924
0.192575
0.174792
0.171408
0.167877
0.155007
0.153537
0.149975
0.139225
0.124005
0.118084
0.112398
0.113548
0.110784
0.104813
0.0789814
0.0931545
0.0964296
0.0977721
0.095831
0.0938668
0.0726979
0.0809857
0.0908032
0.0933488
0.0969112
0.0921725
0.107009
0.110842
0.0997984
0.101257
0.111313
0.115798
0.113848
0.108104
0.0976323
0.0934491
0.103401
0.0994352
0.0962075
0.0841663
0.099466
0.100992
0.0929254
0.0949294
0.0886293
0.0864252
0.0834881
0.0656357
0.0582908
0.0544351
0.0597631
0.0515532
0.0728304
0.0729446
0.0741704
0.0793755
0.0755833
0.0899562
0.106069
0.0981032
0.102695
0.0948768
0.100404
0.103604
0.102714
0.108327
0.0964726
0.0877574
0.0968611
0.0779206
0.0754895
0.087455
0.0755112
0.0641441
0.0725157
0.101822
0.105089
0.119371
0.142413
0.154321
0.150782
0.160704
0.178005
0.166788
0.162138
0.157189
0.152376
0.137422
0.139091
0.143573
0.141334
0.159536
0.145175
0.148586
0.159683
0.158525
0.15847
0.162787
0.164425
0.164332
0.169096
0.157758
0.154814
0.145594
0.147331
0.131818
0.117989
0.118751
0.112359
0.109605
0.110196
0.101857
0.102279
0.106211
0.10269
0.0970994
0.12277
0.136056
0.142006
0.154793
0.145145
0.152931
0.145743
0.158957
0.148251
0.140224
0.137183
0.129271
0.138511
0.145889
0.155316
0.147728
0.139119
0.142543
0.138483
0.129217
0.105195
0.0858276
0.0758355
0.0865835
0.0831632
0.0804116
0.0818627
0.0921523
0.110226
0.108377
0.116618
0.121003
0.112183
0.112083
0.112289
0.11221
0.111389
0.112304
0.112599
0.104361
0.102794
0.124682
0.136917
0.12842
0.129037
0.126994
0.142942
0.123568
0.130288
0.1156
0.130278
0.131235
0.13047
0.144118
0.143778
0.137124
0.149883
0.160288
0.157114
0.164375
0.141246
0.139524
0.155968
0.13936
0.132701
0.125466
0.151083
0.152172
0.138565
0.15059
0.146833
0.143563
0.154771
0.153278
0.156828
0.14961
0.15683
0.156405
0.149473
0.152368
0.159657
0.156633
0.166138
0.172464
0.164407
0.145779
0.140079
0.129562
0.127357
0.121463
0.116948
0.107282
0.104053
0.112401
0.12824
0.133353
0.127637
0.129108
0.120711
0.132803
0.124617
0.115352
0.116796
0.100021
0.0987982
0.0917006
0.0904407
0.0932548
0.108152
0.106355
0.113817
0.12651
0.138126
0.133532
0.131529
0.142032
0.141405
0.129568
0.143407
0.145888
0.141225
0.146047
0.14273
0.129262
0.138244
0.151983
0.152798
0.150176
0.143717
0.144018
0.139612
0.137464
0.140176
0.152785
0.160835
0.152635
0.155671
0.150288
0.147965
0.143445
0.147623
0.150201
0.169054
0.146606
0.150457
0.157566
0.166757
0.150541
0.152854
0.150208
0.13416
0.128285
0.123766
0.13194
0.137661
0.140271
0.17168
0.161053
0.158337
0.161484
0.186775
0.162292
0.148611
0.152444
0.156649
0.160003
0.168922
0.168615
0.184405
0.184433
0.180553
0.187204
0.188661
0.18187
0.181279
0.189341
0.192057
0.186488
0.202951
0.195383
0.204938
0.210178
0.211326
0.208919
0.187349
0.19818
0.18097
0.165235
0.145866
0.145189
0.147904
0.135676
0.133658
0.1483
0.14835
0.153635
0.147027
0.140026
0.117458
0.124026
0.154634
0.161497
0.155908
0.140361
0.144197
0.123974
0.114885
0.135613
0.139595
0.143195
0.147738
0.147314
0.132205
0.140295
0.125073
0.139091
0.137391
0.144514
0.133932
0.136367
0.145963
0.168353
0.158986
0.157975
0.164112
0.164038
0.153363
0.174742
0.181596
0.183368
0.195641
0.190282
0.184257
0.200323
0.19976
0.173236
0.182186
0.174535
0.167945
0.180413
0.185513
0.174614
0.162302
0.172533
0.174491
0.172158
0.161496
0.163347
0.151541
0.173737
0.172665
0.148722
0.14284
0.140424
0.125994
0.127309
0.133761
0.131065
0.137059
0.144917
0.158457
0.171661
0.154868
0.153305
0.152179
0.135402
0.1352
0.139453
0.140187
0.13831
0.12682
0.12756
0.125757
0.138813
0.122049
0.122356
0.117511
0.141382
0.12382
0.157166
0.16617
0.179588
0.189993
0.191242
0.19917
0.206754
0.20831
0.194382
0.200686
0.202795
0.197771
0.213538
0.214518
0.219562
0.218889
0.227091
0.212466
0.198705
0.221896
0.220285
0.220457
0.207165
0.210681
0.216989
0.221294
0.224992
0.236734
0.240639
0.239229
0.247468
0.242646
0.250723
0.259797
0.246242
0.23599
0.220864
0.21752
0.206042
0.199379
0.195363
0.202738
0.211812
0.211407
0.216721
0.217283
0.206647
0.217649
0.204806
0.203519
0.202797
0.20575
0.208839
0.202339
0.214976
0.227394
0.234885
0.243023
0.22176
0.236383
0.243701
0.237195
0.236123
0.232867
0.219245
0.215352
0.225622
0.219696
0.20784
0.21663
0.213932
0.197542
0.19901
0.188243
0.172994
0.167651
0.142424
0.143885
0.1359
0.146763
0.119982
0.120973
0.119185
0.106672
0.108835
0.12511
0.141005
0.153012
0.15943
0.159334
0.149702
0.13277
0.119043
0.105094
0.101395
0.10825
0.112541
0.106473
0.0724952
0.068008
0.079547
0.0727273
0.0705085
0.0586604
0.0430263
0.0361037
0.0461909
0.0569862
0.0452519
0.0383433
0.0386648
0.0407796
0.030686
0.0471303
0.0305425
0.0278898
0.0375243
0.0491893
0.0491674
0.0425222
0.0617302
0.0656549
0.0713927
0.0697967
0.0614458
0.0791749
0.0759648
0.0751004
0.0788919
0.0781073
0.0734998
0.0772063
0.0838893
0.0900198
0.0792986
0.0616737
0.0664921
0.0713651
0.0812265
0.0897106
0.0909623
0.10027
0.10821
0.109481
0.113158
0.117163
0.12346
0.129576
0.137928
0.151415
0.153046
0.157599
0.150827
0.132046
0.137074
0.12843
0.116973
0.103206
0.10915
0.124983
0.127381
0.128081
0.113303
0.118743
0.104379
0.101608
0.108836
0.119323
0.102551
0.114796
0.121199
0.129613
0.122578
0.118297
0.113212
0.126181
0.129463
0.128515
0.144023
0.147424
0.133423
0.119489
0.136071
0.143018
0.142444
0.135619
0.123126
0.121397
0.124501
0.130969
0.15702
0.151077
0.152516
0.158419
0.152421
0.147421
0.148781
0.138575
0.142824
0.139116
0.133903
0.147067
0.156543
0.168526
0.167671
0.160948
0.147279
0.151364
0.157624
0.147332
0.157647
0.166223
0.17814
0.184302
0.182934
0.179283
0.181368
0.182894
0.18218
0.178035
0.19423
0.197929
0.189862
0.176351
0.165018
0.151058
0.141214
0.142515
0.13179
0.136581
0.136562
0.163931
0.174378
0.170271
0.165769
0.161533
0.155084
0.136001
0.138532
0.140724
0.142278
0.134324
0.135428
0.131605
0.115619
0.0980426
0.0938546
0.087521
0.0797141
0.0754068
0.0840418
0.091703
0.0841193
0.0927981
0.074724
0.079891
0.0757319
0.0641938
0.0857628
0.0860329
0.0841269
0.0959528
0.104108
0.109671
0.10964
0.122544
0.137015
0.12812
0.126156
0.129341
0.140174
0.157016
0.170861
0.176509
0.174783
0.152919
0.147495
0.142291
0.13426
0.135043
0.120648
0.144633
0.13541
0.114821
0.111895
0.11503
0.0944866
0.0728026
0.0685172
0.0803986
0.0751964
0.069707
0.0862878
0.0865243
0.0753021
0.0714268
0.0642529
0.0922332
0.105699
0.087355
0.0995381
0.107786
0.10537
0.110249
0.107301
0.101828
0.110367
0.112278
0.123787
0.114421
0.110588
0.124436
0.120593
0.113201
0.111327
0.0909328
0.0936116
0.0959579
0.111215
0.113157
0.128159
0.131809
0.13445
0.130228
0.133085
0.137717
0.120336
0.102832
0.118825
0.103522
0.115758
0.125842
0.139591
0.139311
0.133866
0.11944
0.10705
0.137374
0.127906
0.130401
0.137916
0.138142
0.13292
0.139444
0.137429
0.127111
0.115124
0.100689
0.0971031
0.0841015
0.0716401
0.0837448
0.0927341
0.099405
0.0925892
0.108764
0.112272
0.127285
0.136548
0.148052
0.148187
0.147592
0.148382
0.15166
0.136806
0.143811
0.1363
0.140959
0.118768
0.117029
0.113537
0.091537
0.0804437
0.0718572
0.0644684
0.0699259
0.0548182
0.0543524
0.0572353
0.0532392
0.0555779
0.0559252
0.0706488
0.0734595
0.0729992
0.0853753
0.0812066
0.0967365
0.0813485
0.0880095
0.0990861
0.097709
0.0984843
0.101021
0.112391
0.116285
0.106138
0.118192
0.102487
0.079044
0.0976603
0.125955
0.126057
0.123296
0.11827
0.101744
0.102731
0.0859556
0.0958137
0.0972701
0.0950375
0.0833581
0.0858081
0.0783764
0.0736335
0.0818696
0.0683708
0.072893
0.0780708
0.0922441
0.0996529
0.10714
0.119336
0.1341
0.139125
0.157794
0.164062
0.160779
0.147918
0.141955
0.143181
0.148582
0.143775
0.151861
0.162358
0.166756
0.175744
0.169057
0.155782
0.153255
0.152947
0.149155
0.165373
0.143748
0.144822
0.134415
0.129933
0.129157
0.14606
0.129571
0.128225
0.123494
0.117848
0.100388
0.109121
0.11462
0.119583
0.124903
0.119776
0.129137
0.127047
0.116404
0.113479
0.0954901
0.105978
0.105116
0.0962375
0.0955019
0.0930776
0.0933836
0.0951576
0.0804331
0.0820609
0.0852211
0.0766591
0.0627673
0.0699729
0.0550674
0.056628
0.0497813
0.0541459
0.0487369
0.0438352
0.0472888
0.0347909
0.0385619
0.0675447
0.0844846
0.0988982
0.0851766
0.0949713
0.105379
0.11069
0.109761
0.0993754
0.102361
0.0834983
0.083132
0.0923756
0.0954017
0.0889482
0.0886874
0.0941585
0.101048
0.104592
0.104111
0.0988634
0.0939146
0.0970264
0.112293
0.13479
0.129121
0.131318
0.141848
0.153774
0.156922
0.142616
0.148532
0.147962
0.140909
0.138868
0.151215
0.158149
0.143981
0.142143
0.132193
0.134548
0.144859
0.143139
0.141121
0.152924
0.145132
0.149794
0.158244
0.170624
0.15598
0.151744
0.155198
0.162099
0.172106
0.17807
0.165716
0.1767
0.165917
0.158412
0.157785
0.153741
0.155176
0.170129
0.187756
0.191574
0.188818
0.180765
0.184308
0.177701
0.164843
0.161465
0.158568
0.154431
0.162032
0.183539
0.172878
0.171079
0.165324
0.186941
0.202362
0.221134
0.21444
0.210662
0.204962
0.201113
0.178223
0.17812
0.175848
0.176667
0.19492
0.189903
0.205565
0.216652
0.221502
0.209533
0.197188
0.187606
0.204794
0.193522
0.198676
0.211585
0.207174
0.19883
0.189428
0.179565
0.200269
0.199414
0.192392
0.211332
0.201164
0.200363
0.206901
0.209387
0.192799
0.20518
0.20651
0.200332
0.185468
0.192949
0.199288
0.196949
0.211861
0.221811
0.219117
0.223686
0.233255
0.212644
0.221263
0.235091
0.223291
0.213347
0.209103
0.216989
0.208308
0.190485
0.178158
0.18502
0.19694
0.216031
0.196283
0.210325
0.22197
0.184849
0.162632
0.158692
0.152196
0.1637
0.15434
0.150354
0.151928
0.1742
0.179512
0.182555
0.175119
0.180167
0.190456
0.196481
0.180783
0.177534
0.177202
0.185552
0.187007
0.187564
0.183647
0.170324
0.167975
0.15468
0.168539
0.158503
0.156039
0.156738
0.165694
0.171504
0.167436
0.177632
0.162039
0.165569
0.174367
0.188993
0.195958
0.204098
0.2065
0.186944
0.207803
0.201109
0.195001
0.215335
0.195132
0.189637
0.196648
0.188173
0.18942
0.182209
0.196976
0.186479
0.193581
0.192998
0.184966
0.178788
0.180427
0.162412
0.148576
0.144495
0.14442
0.179342
0.170951
0.181503
0.190555
0.193793
0.185475
0.211169
0.192833
0.195335
0.213065
0.207059
0.192803
0.202835
0.199765
0.189707
0.199976
0.203057
0.208231
0.193113
0.192071
0.183967
0.194709
0.184852
0.163449
0.158885
0.136668
0.120345
0.133426
0.138441
0.126869
0.114219
0.0978906
0.0833459
0.0872334
0.0775483
0.0672512
0.066025
0.0609162
0.0527661
0.0597361
0.050138
0.054855
0.0485288
0.0484354
0.0413531
0.0487836
0.0599001
0.0785206
0.0800571
0.0758207
0.0660019
0.0729092
0.0754405
0.0643889
0.0546604
0.0663312
0.0669975
0.0669314
0.0549112
0.067914
0.0653294
0.0804972
0.0783773
0.0812903
0.084636
0.080006
0.0777248
0.103767
0.122219
0.131032
0.121536
0.109302
0.116965
0.129517
0.128574
0.122319
0.121018
0.121312
0.121581
0.141161
0.148198
0.137861
0.13549
0.142198
0.119848
0.127565
0.136787
0.139572
0.150844
0.140396
0.124443
0.121892
0.117606
0.125183
0.10687
0.113325
0.124282
0.124841
0.117485
0.104386
0.0937269
0.094375
0.0978024
0.104832
0.109748
0.13937
0.14927
0.155957
0.156045
0.164919
0.17387
0.162208
0.149452
0.151134
0.137051
0.127712
0.125322
0.108582
0.0937436
0.0926914
0.100383
0.121626
0.104424
0.112234
0.104764
0.10731
0.115691
0.120264
0.123117
0.129099
0.137013
0.130328
0.153125
0.155939
0.174378
0.166811
0.175348
0.161874
0.173412
0.158587
0.165064
0.169428
0.151801
0.142057
0.134872
0.122171
0.132712
0.13924
0.145328
0.146485
0.149773
0.144061
0.132007
0.127188
0.133722
0.128554
0.126353
0.128306
0.136404
0.128229
0.126518
0.112975
0.112775
0.117317
0.111239
0.115958
0.131968
0.134137
0.132255
0.127504
0.129816
0.111816
0.125774
0.133279
0.125116
0.129933
0.12911
0.141031
0.165642
0.155962
0.169522
0.179689
0.174146
0.18247
0.185205
0.165526
0.161706
0.169362
0.159141
0.168797
0.176083
0.176735
0.174106
0.177339
0.167481
0.178399
0.175983
0.179587
0.165135
0.175689
0.163547
0.175374
0.183503
0.213047
0.206539
0.190957
0.183854
0.188407
0.19217
0.184319
0.173067
0.187842
0.205353
0.196355
0.190165
0.190073
0.184717
0.183006
0.172566
0.172113
0.176633
0.179999
0.196917
0.208382
0.209302
0.20019
0.205312
0.214112
0.226589
0.230956
0.237444
0.246697
0.251713
0.252149
0.255932
0.246094
0.225008
0.20936
0.199317
0.212399
0.219651
0.227392
0.23166
0.228735
0.237026
0.244562
0.242895
0.239423
0.242035
0.227224
0.229568
0.236179
0.238551
0.251529
0.252417
0.240847
0.221086
0.206365
0.215079
0.214493
0.217866
0.216143
0.212001
0.193875
0.198035
0.191019
0.193605
0.199775
0.198195
0.204278
0.208363
0.210569
0.203971
0.195029
0.202486
0.204964
0.213469
0.202363
0.195862
0.171979
0.160855
0.172556
0.170697
0.18581
0.178654
0.169159
0.147612
0.157673
0.171489
0.169542
0.181055
0.168309
0.174036
0.16288
0.170833
0.163298
0.167695
0.185866
0.199
0.200698
0.186053
0.1764
0.16048
0.170193
0.169055
0.181779
0.180713
0.186018
0.166102
0.15931
0.168403
0.153598
0.145794
0.151709
0.135033
0.131488
0.132293
0.12618
0.127345
0.126954
0.132289
0.133885
0.141199
0.13491
0.138771
0.142026
0.148465
0.137278
0.132985
0.136585
0.142443
0.152045
0.151531
0.142954
0.155965
0.157308
0.156116
0.167344
0.164897
0.164506
0.163977
0.178631
0.165843
0.165594
0.152455
0.148974
0.142484
0.135604
0.129571
0.11873
0.126568
0.137664
0.133922
0.129932
0.135592
0.133443
0.139398
0.140716
0.155034
0.147812
0.138147
0.124247
0.122064
0.108154
0.100722
0.109177
0.109022
0.106659
0.098802
0.105005
0.107047
0.102394
0.109385
0.104229
0.088236
0.094193
0.0939521
0.087176
0.087322
0.0961068
0.0750194
0.0790823
0.0803016
0.0830891
0.0931849
0.0962051
0.0925277
0.0950861
0.117891
0.11105
0.101278
0.0991634
0.109325
0.107609
0.108157
0.100999
0.11843
0.125452
0.122742
0.125514
0.124
0.124589
0.137424
0.133517
0.128949
0.143324
0.138952
0.160296
0.142148
0.149796
0.157146
0.149959
0.149435
0.162753
0.165742
0.170303
0.19168
0.1925
0.173678
0.166197
0.169747
0.163576
0.158054
0.145135
0.152654
0.154279
0.142484
0.141884
0.14526
0.149007
0.165596
0.159694
0.157498
0.143836
0.166085
0.147247
0.137002
0.141756
0.136003
0.140335
0.136739
0.137319
0.150548
0.157754
0.152169
0.139785
0.133724
0.127677
0.129653
0.12009
0.11267
0.122552
0.117484
0.0992961
0.107562
0.0996987
0.109623
0.113564
0.117382
0.123041
0.140561
0.12898
0.138911
0.142316
0.144872
0.150279
0.154344
0.171434
0.16218
0.157554
0.152423
0.144925
0.12817
0.136826
0.140107
0.157051
0.136786
0.131021
0.131889
0.133985
0.125615
0.11555
0.115465
0.110196
0.111126
0.109404
0.104489
0.106397
0.109627
0.0985046
0.109881
0.100133
0.0962357
0.0830196
0.0732314
0.0823863
0.0949966
0.0863192
0.0881409
0.0975286
0.0900021
0.0874313
0.07996
0.0898177
0.0904451
0.102354
0.097704
0.101455
0.107044
0.0977098
0.0932106
0.109086
0.109721
0.122293
0.101268
0.10044
0.108568
0.108962
0.114998
0.124335
0.114799
0.134784
0.131264
0.132602
0.129476
0.134191
0.137407
0.129658
0.129853
0.149398
0.142843
0.14779
0.140421
0.136987
0.153165
0.145906
0.150972
0.159142
0.169191
0.155344
0.163404
0.1656
0.161582
0.147593
0.146199
0.139103
0.133051
0.140166
0.129554
0.140144
0.127953
0.131385
0.13739
0.151014
0.155236
0.151769
0.162893
0.156356
0.1754
0.179791
0.18721
0.173459
0.169375
0.166894
0.168565
0.164579
0.187014
0.215295
0.220992
0.215024
0.213765
0.225183
0.240358
0.257396
0.249116
0.258358
0.25925
0.264447
0.254077
0.256767
0.252042
0.256439
0.25655
0.255348
0.251372
0.265682
0.273221
0.277027
0.257226
0.267613
0.26864
0.263926
0.263691
0.262842
0.274405
0.286782
0.275003
0.27728
0.263969
0.263685
0.250773
0.237339
0.238522
0.229166
0.236407
0.222458
0.220577
0.220567
0.229125
0.240316
0.250933
0.260836
0.247135
0.241972
0.242145
0.248045
0.251386
0.234937
0.237888
0.237039
0.237497
0.222531
0.231118
0.22868
0.242679
0.249197
0.249642
0.240344
0.239348
0.236574
0.253613
0.256902
0.259655
0.247771
0.248463
0.247022
0.241981
0.237854
0.233089
0.21983
0.203212
0.190648
0.17551
0.168245
0.170298
0.153977
0.153654
0.158774
0.155044
0.156377
0.139119
0.144822
0.139408
0.126053
0.11622
0.107152
0.0992509
0.103023
0.0922634
0.0881862
0.087809
0.0902775
0.0871002
0.0903492
0.0973177
0.090984
0.0824145
0.0743291
0.0694459
0.0740143
0.0809694
0.0826048
0.0837222
0.0943267
0.0778422
0.0710016
0.0781274
0.0867406
0.0834038
0.0956215
0.105561
0.115247
0.120173
0.116236
0.110893
0.112959
0.105926
0.101924
0.104948
0.107378
0.119551
0.124846
0.119711
0.133345
0.137401
0.137146
0.126016
0.117194
0.100367
0.112524
0.101099
0.109264
0.111897
0.117873
0.115743
0.115655
0.0957746
0.0869921
0.115913
0.137266
0.137279
0.142421
0.160002
0.159038
0.152797
0.160719
0.152692
0.145441
0.147375
0.155285
0.159323
0.167961
0.169644
0.183109
0.174949
0.171495
0.183181
0.200372
0.19798
0.171107
0.162136
0.161336
0.149144
0.144138
0.159289
0.189507
0.194507
0.198804
0.171838
0.178524
0.17864
0.190547
0.192081
0.196807
0.187036
0.173703
0.170812
0.164025
0.147433
0.104547
0.106937
0.109796
0.114506
0.112439
0.110492
0.0882967
0.0985852
0.100686
0.089748
0.0886037
0.0856312
0.0922559
0.110235
0.12741
0.11862
0.124397
0.124685
0.107269
0.106013
0.120115
0.131552
0.127249
0.11237
0.128722
0.124922
0.120628
0.10963
0.105692
0.102366
0.0964557
0.0998011
0.0899812
0.0912618
0.089393
0.0715677
0.0548976
0.0759503
0.0779945
0.0746112
0.0620677
0.0583622
0.0585235
0.0771403
0.0654097
0.0766891
0.0760769
0.072877
0.068197
0.0641165
0.0491596
0.0624898
0.0783563
0.0737361
0.0879812
0.0942869
0.0910385
0.0949251
0.0802102
0.0769856
0.070325
0.0734076
0.0730661
0.0732805
0.0545432
0.0570359
0.077723
0.0891153
0.0843514
0.0959268
0.0987319
0.0924232
0.101592
0.0866048
0.0899274
0.0857328
0.0776019
0.0816112
0.102422
0.104624
0.103673
0.109745
0.103873
0.0853135
0.0834079
0.0787147
0.0814788
0.0953676
0.0760749
0.0905296
0.0985173
0.0909363
0.0959267
0.0963191
0.0999969
0.0935007
0.0911516
0.0864588
0.100735
0.0937344
0.092196
0.105638
0.12559
0.136492
0.144759
0.138326
0.145057
0.130327
0.123437
0.129671
0.125155
0.135736
0.135278
0.142727
0.127499
0.108051
0.108966
0.112107
0.117392
0.124959
0.147435
0.169659
0.17218
0.185423
0.183305
0.170172
0.164998
0.162706
0.176944
0.18235
0.183159
0.179666
0.168715
0.150718
0.146915
0.138159
0.132374
0.143186
0.144082
0.153397
0.155321
0.155471
0.139345
0.146006
0.143564
0.163229
0.167671
0.162846
0.16125
0.166897
0.154058
0.159036
0.158449
0.16962
0.171416
0.184911
0.18731
0.18935
0.180812
0.163065
0.160369
0.162889
0.162663
0.168363
0.19005
0.178623
0.181369
0.168157
0.174496
0.175971
0.170765
0.161242
0.150282
0.139402
0.129424
0.12705
0.136188
0.140859
0.133522
0.124147
0.123742
0.135585
0.14299
0.146329
0.133945
0.134557
0.137377
0.157526
0.155037
0.170952
0.175994
0.185024
0.186149
0.178773
0.156404
0.158591
0.184797
0.180438
0.18921
0.184304
0.198445
0.220848
0.232396
0.21834
0.225397
0.229169
0.219411
0.225934
0.226888
0.232355
0.231666
0.230742
0.221512
0.225882
0.235729
0.231688
0.222807
0.220954
0.210706
0.207562
0.18494
0.176935
0.181636
0.184747
0.20059
0.187004
0.184119
0.167407
0.149076
0.156142
0.170841
0.17925
0.187288
0.196365
0.181359
0.182036
0.198551
0.198608
0.210756
0.210801
0.206333
0.226853
0.215317
0.215576
0.207172
0.18663
0.199223
0.212343
0.210223
0.231135
0.222652
0.212142
0.19805
0.20159
0.214916
0.200804
0.213018
0.207223
0.200072
0.216864
0.216772
0.219434
0.215366
0.211148
0.203203
0.192877
0.190474
0.191765
0.201323
0.197878
0.188363
0.188994
0.18473
0.172595
0.169727
0.170968
0.17086
0.172906
0.159563
0.171185
0.157818
0.173581
0.169425
0.164937
0.168606
0.16497
0.170626
0.166845
0.173042
0.170156
0.167929
0.166265
0.165178
0.166324
0.171771
0.166214
0.172054
0.174436
0.166349
0.169966
0.181801
0.185415
0.175225
0.18771
0.194129
0.190403
0.19298
0.202679
0.212412
0.212794
0.204137
0.206026
0.194965
0.207797
0.217778
0.202159
0.191517
0.193703
0.21206
0.204145
0.215674
0.219937
0.234174
0.212356
0.224731
0.201406
0.220619
0.216489
0.203842
0.189983
0.186918
0.187133
0.172779
0.173384
0.15844
0.162248
0.161234
0.151509
0.14731
0.142937
0.145153
0.152951
0.167569
0.169032
0.172291
0.164745
0.178084
0.166192
0.190799
0.187582
0.169869
0.162706
0.171533
0.158721
0.15808
0.182986
0.188323
0.191489
0.209218
0.23163
0.228699
0.229285
0.213855
0.232001
0.235242
0.243223
0.228889
0.222425
0.230509
0.233511
0.226593
0.218212
0.214844
0.216337
0.221422
0.221977
0.225215
0.22927
0.231673
0.257322
0.253483
0.257259
0.249053
0.229536
0.243819
0.226908
0.211965
0.208027
0.187339
0.194183
0.203856
0.195649
0.185
0.18461
0.201
0.200277
0.182982
0.1855
0.203897
0.180337
0.194865
0.198532
0.20267
0.198877
0.200827
0.197737
0.220589
0.215544
0.220407
0.223262
0.227481
0.225631
0.231135
0.252375
0.241173
0.25956
0.251163
0.251192
0.25177
0.232831
0.218061
0.212583
0.209512
0.209856
0.213941
0.222401
0.233151
0.215088
0.221332
0.233066
0.245192
0.240822
0.243721
0.253356
0.261853
0.265761
0.266287
0.255325
0.249366
0.249385
0.229815
0.24709
0.252375
0.252194
0.264576
0.234622
0.223856
0.22946
0.218379
0.22203
0.236741
0.227542
0.213592
0.218812
0.219922
0.222266
0.232084
0.208852
0.205105
0.197806
0.177796
0.152609
0.13754
0.150192
0.158337
0.161876
0.159479
0.163409
0.166673
0.173557
0.185396
0.183615
0.198121
0.202628
0.182469
0.182878
0.193814
0.202566
0.192103
0.198784
0.191935
0.184245
0.190121
0.198631
0.196752
0.20853
0.219164
0.200327
0.209343
0.219949
0.243253
0.230343
0.224277
0.235596
0.250557
0.255628
0.269345
0.264716
0.252666
0.264768
0.280035
0.281631
0.286572
0.288723
0.283052
0.276381
0.273653
0.27837
0.262772
0.271622
0.269867
0.264601
0.271874
0.259452
0.241887
0.242876
0.256022
0.229722
0.254513
0.266548
0.249955
0.243973
0.259375
0.261607
0.267837
0.271364
0.269295
0.251585
0.254112
0.272353
0.282911
0.281738
0.285873
0.275521
0.262643
0.263471
0.251234
0.266133
0.266754
0.255972
0.268259
0.255147
0.25105
0.252807
0.25636
0.253691
0.250209
0.24554
0.240408
0.230944
0.231127
0.21137
0.230591
0.24428
0.220913
0.236028
0.257648
0.254197
0.249215
0.226698
0.224434
0.231272
0.218334
0.22233
0.219477
0.217331
0.227116
0.242266
0.256015
0.262484
0.272021
0.289455
0.294013
0.307216
0.29189
0.29899
0.279261
0.284243
0.276246
0.27841
0.289473
0.272329
0.267964
0.264858
0.263349
0.239511
0.239979
0.235275
0.243161
0.245988
0.275852
0.2848
0.299976
0.295537
0.295653
0.29075
0.291573
0.321514
0.323284
0.317979
0.314895
0.313535
0.302493
0.291694
0.288314
0.288528
0.291734
0.298081
0.293644
0.279069
0.286643
0.300904
0.305036
0.310063
0.297491
0.306774
0.311393
0.307008
0.320516
0.323222
0.326746
0.31994
0.303582
0.327501
0.357998
0.357443
0.357323
0.345663
0.365743
0.356277
0.368081
0.366585
0.357242
0.348174
0.330808
0.309864
0.300468
0.297842
0.312931
0.309052
0.323352
0.322734
0.329515
0.319809
0.321404
0.31232
0.301036
0.289005
0.305909
0.297801
0.300575
0.306502
0.314851
0.321534
0.314081
0.308102
0.28863
0.296229
0.306974
0.308834
0.315341
0.311314
0.295635
0.302109
0.301229
0.310937
0.301617
0.302484
0.299883
0.294821
0.300853
0.315023
0.344475
0.341862
0.35808
0.351532
0.34095
0.344731
0.344299
0.339715
0.354975
0.350567
0.352616
0.348604
0.330533
0.327445
0.331128
0.355077
0.349083
0.348308
0.356851
0.361727
0.35777
0.358668
0.353966
0.34396
0.3451
0.355765
0.349567
0.354937
0.368002
0.360157
0.36846
0.374917
0.349209
0.35017
0.342252
0.34622
0.339215
0.337181
0.333256
0.337131
0.347143
0.339551
0.332024
0.339085
0.345428
0.342337
0.336409
0.339727
0.344229
0.348574
0.356592
0.359104
0.359323
0.355328
0.348054
0.347219
0.362174
0.369393
0.364342
0.361756
0.35457
0.340098
0.338274
0.326127
0.331209
0.347776
0.361243
0.358438
0.363539
0.369314
0.371309
0.363007
0.377396
0.371554
0.364955
0.356726
0.347707
0.325026
0.326734
0.338878
0.347535
0.347322
0.359287
0.358867
0.363551
0.366527
0.38962
0.396116
0.393233
0.388307
0.397288
0.413748
0.404828
0.394071
0.39771
0.399651
0.410521
0.409987
0.409614
0.419154
0.419385
0.42895
0.435985
0.438503
0.446235
0.461552
0.474698
0.479749
0.478204
0.492222
0.493855
0.495167
0.503524
0.483318
0.494101
0.490434
0.497732
0.488157
0.499377
0.480631
0.487951
0.484178
0.492356
0.49398
0.508351
0.512792
0.492674
0.489764
0.478943
0.489951
0.502124
0.502303
0.495826
0.518871
0.531421
0.532562
0.532578
0.526361
0.543729
0.551725
0.551507
0.544333
0.543466
0.546479
0.557194
0.559517
0.559934
0.566863
0.56553
0.578979
0.594476
0.597581
0.606608
0.607018
0.61436
0.598144
0.600672
0.597326
0.578843
0.580778
0.575806
0.586363
0.581766
0.568889
0.556969
0.565015
0.579217
0.568072
0.568549
0.588072
0.575696
0.579591
0.594307
0.592401
0.606399
0.583617
0.58946
0.601053
0.616946
0.620816
0.65463
0.670877
0.677841
0.680248
0.690381
0.695303
0.705238
0.694231
0.704831
0.713276
0.703528
0.690526
0.693119
0.699397
0.719869
0.704306
0.701454
0.700205
0.689498
0.682384
0.690292
0.688698
0.685431
0.684123
0.69169
0.702271
0.71038
0.705126
0.70521
0.713918
0.734232
0.735889
0.765734
0.782736
0.782636
0.796434
0.787337
0.776759
0.784801
0.800701
0.807753
0.809701
0.817844
0.831199
0.847041
0.847003
0.855112
0.837971
0.832776
0.822819
0.822993
0.829017
0.839316
0.848906
0.844076
0.846718
0.861206
0.867538
0.86859
0.870169
0.865446
0.865495
0.859373
0.867223
0.866895
0.861336
0.862354
0.85597
0.865765
0.85776
0.870454
0.863163
0.87732
0.866125
0.887004
0.884665
0.886577
0.893434
0.904134
0.89949
0.876163
0.847918
0.837711
0.821322
0.796314
0.805223
0.79238
0.803236
0.796296
0.778217
0.790744
0.774689
0.780209
0.764587
0.762754
0.768099
0.773118
0.774345
0.75057
0.742304
0.727544
0.717617
0.70067
0.706175
0.688779
0.680872
0.687836
0.688662
0.698457
0.703817
0.689314
0.69008
0.691792
0.694772
0.694464
0.690116
0.704666
0.698402
0.706697
0.712469
0.720668
0.708488
0.713153
0.704821
0.683152
0.680131
0.671796
0.663806
0.666145
0.65976
0.650785
0.636809
0.628871
0.606323
0.602907
0.597549
0.580921
0.571406
0.558081
0.546337
0.527561
0.512693
0.517393
0.503497
0.490784
0.496846
0.492158
0.489612
0.496423
0.486191
0.505982
0.508137
0.502236
0.499167
0.498107
0.489185
0.486465
0.491565
0.486158
0.47971
0.50556
0.498805
0.505897
0.493822
0.487247
0.475349
0.471893
0.473358
0.475292
0.485183
0.470218
0.450662
0.439042
0.453315
0.445215
0.430845
0.440516
0.450617
0.432374
0.418677
0.417804
0.417235
0.411031
0.404842
0.410467
0.436252
0.436871
0.429059
0.425526
0.421305
0.427666
0.412478
0.41979
0.428438
0.451593
0.461225
0.472075
0.453821
0.434198
0.434851
0.440449
0.439878
0.453829
0.447398
0.451431
0.460413
0.461296
0.454888
0.461044
0.461708
0.450149
0.457259
0.459355
0.458093
0.441777
0.444936
0.410027
0.417601
0.424334
0.409237
0.417693
0.422862
0.420847
0.406953
0.40404
0.390997
0.39899
0.409663
0.389898
0.388484
0.394384
0.37523
0.381752
0.370626
0.369767
0.357626
0.349128
0.348397
0.358396
0.344216
0.338704
0.337824
0.357665
0.374341
0.367733
0.3768
0.372175
0.362772
0.366295
0.35505
0.344458
0.345361
0.32965
0.318734
0.311373
0.318104
0.347771
0.347244
0.355016
0.339496
0.3362
0.3247
0.320538
0.325034
0.354455
0.343762
0.34415
0.334743
0.337683
0.31072
0.306721
0.300192
0.315948
0.316398
0.308569
0.299889
0.277376
0.267443
0.263514
0.282062
0.301204
0.303199
0.294861
0.302649
0.308322
0.298956
0.281298
0.29232
0.298628
0.288359
0.299645
0.299193
0.289644
0.285672
0.304083
0.30189
0.319848
0.316659
0.30282
0.30781
0.297436
0.298729
0.289519
0.269897
0.26277
0.269911
0.258334
0.249774
0.24329
0.232978
0.23699
0.238293
0.262699
0.258284
0.254342
0.24109
0.243011
0.231488
0.239927
0.243485
0.250452
0.258119
0.25814
0.255393
0.242432
0.232455
0.239539
0.253857
0.261147
0.254871
0.255083
0.250766
0.23337
0.23148
0.230446
0.225704
0.24372
0.22552
0.233003
0.233375
0.220721
0.208752
0.233239
0.215887
0.218963
0.219588
0.212386
0.199626
0.185518
0.175824
0.17231
0.165562
0.176836
0.180107
0.188889
0.203221
0.221368
0.230471
0.223605
0.213629
0.190147
0.199143
0.189658
0.195776
0.190166
0.185931
0.185838
0.185356
0.182153
0.200135
0.201821
0.20223
0.189435
0.188133
0.188149
0.184868
0.177696
0.196511
0.186916
0.185644
0.200024
0.194486
0.19152
0.194978
0.200632
0.192908
0.209322
0.217778
0.221232
0.229013
0.227737
0.214101
0.221769
0.243375
0.23774
0.217228
0.217236
0.212283
0.210247
0.214864
0.201078
0.20674
0.217874
0.224111
0.231066
0.240518
0.241768
0.23555
0.218562
0.215613
0.211119
0.227367
0.234333
0.218074
0.225699
0.215011
0.215484
0.21817
0.200557
0.181453
0.17918
0.198949
0.207753
0.201969
0.196414
0.189483
0.193292
0.18962
0.190825
0.198305
0.202791
0.213755
0.214063
0.207498
0.189288
0.194512
0.203811
0.19919
0.179588
0.173988
0.163914
0.156856
0.149721
0.157887
0.142567
0.138672
0.13856
0.160661
0.149537
0.163796
0.172175
0.176994
0.156022
0.156292
0.15912
0.160753
0.16386
0.165062
0.167378
0.153623
0.156421
0.158811
0.152748
0.146645
0.150275
0.155429
0.158782
0.150923
0.15622
0.135264
0.14291
0.134411
0.135662
0.134437
0.129197
0.138742
0.15411
0.163426
0.160493
0.160781
0.159273
0.163585
0.182613
0.191549
0.197363
0.196085
0.200556
0.210591
0.215798
0.230031
0.23063
0.230824
0.234365
0.218021
0.224972
0.234585
0.224556
0.232391
0.226108
0.220104
0.2011
0.200867
0.190064
0.189377
0.187763
0.187413
0.174339
0.165568
0.157553
0.166726
0.161235
0.149291
0.162032
0.155566
0.159189
0.160441
0.148894
0.135298
0.134486
0.155152
0.153371
0.153808
0.153242
0.15642
0.16873
0.166269
0.161879
0.157864
0.170936
0.167543
0.193538
0.193401
0.201702
0.199234
0.211437
0.184227
0.190078
0.198057
0.188623
0.199693
0.222245
0.231729
0.224488
0.21733
0.226381
0.22783
0.232473
0.227906
0.232285
0.230493
0.227631
0.197291
0.215195
0.221983
0.229346
0.223884
0.218673
0.210716
0.2063
0.204034
0.192026
0.214585
0.198496
0.200075
0.202087
0.202863
0.204203
0.194265
0.217515
0.21584
0.228553
0.219293
0.223326
0.222581
0.21373
0.189985
0.193857
0.184763
0.199079
0.214348
0.218673
0.243436
0.253052
0.247629
0.258203
0.251898
0.228799
0.237545
0.22761
0.219136
0.213002
0.215388
0.230797
0.235211
0.230648
0.233232
0.242331
0.234997
0.231349
0.223356
0.221702
0.195884
0.188638
0.173424
0.18994
0.180877
0.176666
0.181353
0.178905
0.179636
0.183505
0.196687
0.209151
0.20419
0.207829
0.218988
0.230394
0.218299
0.233216
0.220993
0.21904
0.218042
0.22003
0.226465
0.232988
0.232116
0.235245
0.22862
0.225483
0.225025
0.204713
0.209576
0.211331
0.204023
0.196064
0.204994
0.200928
0.193635
0.183702
0.177086
0.182081
0.18238
0.173637
0.157295
0.163515
0.177041
0.163908
0.153683
0.155373
0.155323
0.176873
0.173253
0.177695
0.175293
0.17506
0.153834
0.188003
0.19586
0.181404
0.194707
0.198948
0.20516
0.194528
0.172924
0.153991
0.151934
0.158159
0.161479
0.163593
0.159949
0.177017
0.188109
0.189425
0.200399
0.20515
0.212762
0.231268
0.237594
0.243567
0.247646
0.241257
0.233586
0.239505
0.226044
0.218929
0.20662
0.227511
0.237658
0.225688
0.226732
0.215659
0.208025
0.226583
0.230268
0.227064
0.219302
0.206
0.190653
0.164045
0.14734
0.154112
0.156124
0.156373
0.163091
0.158674
0.148388
0.143534
0.12984
0.129289
0.14189
0.135519
0.131695
0.138618
0.133277
0.158203
0.157207
0.158292
0.159025
0.161744
0.159274
0.177226
0.181359
0.201029
0.188163
0.170705
0.184466
0.186705
0.171306
0.172233
0.176426
0.179885
0.171454
0.173349
0.16985
0.167878
0.159036
0.161556
0.174376
0.170903
0.160976
0.15544
0.157029
0.143358
0.151695
0.15306
0.148549
0.124503
0.123117
0.1166
0.111769
0.120107
0.103759
0.0960153
0.0947687
0.0931271
0.0733329
0.0868036
0.0985962
0.0866265
0.0932911
0.0829736
0.0922821
0.0849089
0.0809209
0.109985
0.108223
0.101459
0.107386
0.107561
0.130154
0.135982
0.138691
0.139323
0.134245
0.124581
0.10486
0.107183
0.0967187
0.0881235
0.091534
0.102088
0.11826
0.139004
0.142424
0.15382
0.131492
0.1304
0.13725
0.137748
0.124244
0.122257
0.111259
0.112396
0.119741
0.126408
0.128019
0.128031
0.118882
0.112373
0.11211
0.101579
0.0999012
0.110448
0.0978918
0.0887068
0.104974
0.102991
0.111932
0.104557
0.0910502
0.0850396
0.0637142
0.0541393
0.0445812
0.0406766
0.0565356
0.0659528
0.0672865
0.071708
0.0630893
0.0652195
0.0693437
0.0685426
0.07584
0.0728243
0.093974
0.0741694
0.0686484
0.071419
0.0684877
0.0690616
0.0545249
0.062708
0.0684406
0.060953
0.0767156
0.0984975
0.110649
0.11934
0.108067
0.0933693
0.0850973
0.076353
0.0851204
0.0935019
0.087487
0.0850373
0.085937
0.0658406
0.0684557
0.0783744
0.0716914
0.0779563
0.0644193
0.0690155
0.0688859
0.0650435
0.0907882
0.096981
0.0958397
0.106058
0.0868504
0.085802
0.0977808
0.0916458
0.0970898
0.108302
0.106406
0.105115
0.0940885
0.102186
0.10654
0.105845
0.109896
0.0968163
0.113595
0.117622
0.107696
0.0917362
0.0956963
0.097545
0.111676
0.12046
0.118608
0.113344
0.10223
0.0980633
0.096729
0.0989909
0.115089
0.11302
0.100036
0.0974931
0.109332
0.131299
0.132434
0.134419
0.135776
0.13919
0.143692
0.160384
0.156714
0.156121
0.168653
0.166991
0.158162
0.164399
0.1725
0.174999
0.165946
0.157407
0.157805
0.145684
0.159867
0.161586
0.154019
0.16428
0.17121
0.165408
0.15317
0.158649
0.134741
0.121525
0.124032
0.145799
0.1464
0.140056
0.132449
0.147014
0.153581
0.166788
0.182185
0.168625
0.167563
0.159822
0.165086
0.17153
0.187207
0.183586
0.173199
0.176626
0.169236
0.157451
0.154425
0.162222
0.15982
0.158069
0.157069
0.140801
0.148902
0.168914
0.169402
0.144064
0.143657
0.151297
0.153829
0.159401
0.148299
0.161567
0.155368
0.147232
0.153694
0.155157
0.154299
0.145064
0.149427
0.151444
0.140691
0.145924
0.133954
0.135005
0.134925
0.134935
0.124424
0.107279
0.103006
0.113861
0.13321
0.14314
0.141395
0.144679
0.146334
0.138769
0.134166
0.13875
0.136882
0.146111
0.151082
0.164953
0.161055
0.166113
0.161936
0.159107
0.162981
0.156081
0.147696
0.146642
0.154103
0.135223
0.128936
0.128238
0.12679
0.11781
0.118507
0.109181
0.115984
0.109898
0.116678
0.120812
0.125403
0.101168
0.0865715
0.0842361
0.0869178
0.0991259
0.0999558
0.102957
0.0985681
0.0984146
0.117138
0.0939589
0.0879768
0.0752981
0.0738337
0.0885379
0.0801475
0.0775223
0.0812012
0.0833662
0.0766394
0.0832744
0.102732
0.0913283
0.0832377
0.0834179
0.099823
0.0948502
0.0971081
0.0930384
0.0871633
0.0875696
0.0999256
0.109491
0.123293
0.126044
0.109954
0.131132
0.141019
0.142263
0.14496
0.135803
0.148987
0.157905
0.142313
0.140797
0.147817
0.140546
0.15416
0.163149
0.158787
0.16863
0.180712
0.178923
0.175373
0.180325
0.175034
0.174229
0.171867
0.175957
0.17608
0.166979
0.174588
0.164695
0.168438
0.173406
0.171723
0.181962
0.175721
0.180027
0.168366
0.181392
0.183914
0.170034
0.167452
0.165747
0.155445
0.159673
0.153698
0.132994
0.131447
0.126945
0.126076
0.127111
0.130994
0.122584
0.121524
0.128043
0.130275
0.110111
0.112695
0.113935
0.116725
0.120558
0.100298
0.126429
0.136565
0.13138
0.130513
0.151706
0.155191
0.148027
0.150502
0.167584
0.161337
0.174993
0.175751
0.178457
0.194878
0.181015
0.195185
0.190853
0.200057
0.206402
0.203218
0.19043
0.192501
0.198619
0.19469
0.214233
0.203094
0.188956
0.180185
0.183285
0.184281
0.186824
0.183461
0.182618
0.185337
0.181666
0.179031
0.174582
0.173465
0.163792
0.174548
0.169346
0.168824
0.156165
0.168554
0.171272
0.163149
0.161733
0.15502
0.163013
0.160627
0.161994
0.138341
0.147908
0.143499
0.142687
0.126488
0.11821
0.128248
0.151711
0.172292
0.159009
0.16734
0.15284
0.1572
0.162846
0.152546
0.152036
0.16197
0.183618
0.189716
0.189225
0.188064
0.185466
0.197505
0.198511
0.199254
0.213778
0.201018
0.201518
0.187248
0.187332
0.183558
0.193601
0.191512
0.181107
0.184444
0.194665
0.205456
0.197145
0.1981
0.196032
0.189914
0.184326
0.170216
0.158943
0.167023
0.1704
0.163058
0.137266
0.1358
0.131067
0.123007
0.110379
0.116433
0.11591
0.132983
0.145698
0.129514
0.138814
0.130213
0.13258
0.128323
0.129804
0.13078
0.128416
0.146048
0.14699
0.151592
0.151348
0.16433
0.174951
0.163154
0.147034
0.15385
0.157837
0.177745
0.205537
0.203279
0.194292
0.1905
0.192167
0.187444
0.182623
0.189072
0.183148
0.184136
0.180361
0.171101
0.162764
0.162298
0.161572
0.151146
0.146239
0.134805
0.149292
0.12844
0.111462
0.0913712
0.0887426
0.0795218
0.0944811
0.115503
0.115091
0.127214
0.138924
0.140591
0.141828
0.15276
0.140563
0.143834
0.155127
0.158355
0.173602
0.171623
0.167579
0.162773
0.165992
0.165499
0.1555
0.163663
0.174119
0.172264
0.177071
0.197687
0.202114
0.194628
0.173593
0.175906
0.197443
0.189767
0.205122
0.205002
0.196732
0.181893
0.188359
0.179252
0.169981
0.195887
0.214387
0.217506
0.214985
0.207422
0.203552
0.194518
0.174967
0.176417
0.159793
0.151171
0.140259
0.130292
0.131163
0.149265
0.145007
0.136884
0.138742
0.137388
0.138139
0.136751
0.156431
0.168336
0.148779
0.15642
0.140591
0.128384
0.12291
0.122247
0.130435
0.132797
0.123713
0.112612
0.0903079
0.0898976
0.10603
0.102091
0.109157
0.111701
0.109614
0.108867
0.125954
0.129872
0.115092
0.115732
0.127098
0.125516
0.126371
0.130487
0.138024
0.139868
0.157938
0.157436
0.156497
0.148353
0.144021
0.150795
0.152038
0.144488
0.135236
0.134856
0.138192
0.14638
0.157684
0.154134
0.138649
0.115464
0.121913
0.117132
0.122136
0.125729
0.130845
0.139905
0.122031
0.122458
0.121956
0.108392
0.115843
0.099003
0.100635
0.0998331
0.0988495
0.108662
0.0829512
0.0881046
0.106883
0.108427
0.0954511
0.0975486
0.100463
0.0877102
0.089849
0.0883091
0.0948112
0.105566
0.111386
0.12904
0.130217
0.133138
0.124127
0.134954
0.137418
0.143985
0.164459
0.157774
0.162239
0.181715
0.183397
0.203575
0.197786
0.187795
0.195347
0.198965
0.1836
0.189306
0.202944
0.1857
0.193454
0.197618
0.20566
0.200447
0.215838
0.199571
0.219316
0.229891
0.230276
0.235952
0.229317
0.206855
0.212904
0.219858
0.240605
0.252429
0.252428
0.251367
0.258821
0.260421
0.266126
0.254
0.245296
0.231236
0.245166
0.255895
0.263295
0.271583
0.271449
0.279581
0.289057
0.276508
0.279593
0.270683
0.273486
0.26738
0.270637
0.288656
0.288499
0.281661
0.268912
0.269654
0.244043
0.251124
0.25121
0.250158
0.252738
0.24677
0.254921
0.251483
0.258475
0.258632
0.237311
0.234629
0.231237
0.219053
0.218523
0.214358
0.197031
0.196989
0.200767
0.206572
0.203502
0.189832
0.19076
0.186265
0.199329
0.21857
0.222361
0.192685
0.170727
0.182617
0.158942
0.148813
0.144437
0.141737
0.130959
0.137014
0.143435
0.164869
0.176436
0.163358
0.156324
0.1463
0.154424
0.167919
0.154078
0.133092
0.151253
0.157729
0.158769
0.163571
0.172835
0.161255
0.16388
0.155553
0.156957
0.151549
0.151809
0.156584
0.165353
0.17224
0.176727
0.157907
0.156101
0.154976
0.143728
0.135039
0.150416
0.153451
0.158791
0.170021
0.179048
0.20003
0.198218
0.198559
0.193624
0.194017
0.209691
0.196385
0.195309
0.208341
0.235028
0.232179
0.216327
0.22803
0.211863
0.230224
0.227727
0.225209
0.220126
0.212778
0.223957
0.237034
0.249162
0.226694
0.238545
0.24182
0.250184
0.261685
0.264392
0.245439
0.237509
0.22586
0.218041
0.219212
0.216389
0.226689
0.238165
0.255304
0.256989
0.255104
0.260247
0.246779
0.222887
0.211141
0.20831
0.220611
0.217897
0.237464
0.233971
0.219198
0.212817
0.209862
0.219582
0.224571
0.23337
0.227932
0.212433
0.22665
0.223405
0.219655
0.218632
0.221993
0.227054
0.24302
0.259766
0.269882
0.27333
0.277133
0.280023
0.27476
0.282328
0.278997
0.273735
0.265393
0.244706
0.2516
0.239868
0.250671
0.233731
0.240507
0.246164
0.219452
0.232776
0.217893
0.214235
0.209439
0.217709
0.209153
0.222629
0.23292
0.235184
0.24057
0.245314
0.236381
0.229038
0.224465
0.213752
0.210058
0.208234
0.218592
0.226854
0.221195
0.222658
0.222407
0.232657
0.222342
0.217962
0.225847
0.23611
0.217327
0.226757
0.227613
0.234364
0.232184
0.243601
0.24508
0.234017
0.222787
0.22253
0.217366
0.208893
0.214447
0.201519
0.219616
0.215027
0.230517
0.241918
0.223427
0.237976
0.254192
0.252447
0.250594
0.260481
0.256593
0.240905
0.245492
0.25083
0.25329
0.239185
0.235327
0.246642
0.252554
0.225175
0.224067
0.218366
0.219612
0.219668
0.222018
0.216848
0.201361
0.20187
0.212188
0.193604
0.196705
0.200487
0.209518
0.192972
0.196604
0.205442
0.19861
0.200988
0.200356
0.225977
0.220661
0.231882
0.241759
0.218425
0.212471
0.23424
0.241891
0.240538
0.252367
0.259089
0.257064
0.254464
0.254351
0.271276
0.276083
0.278203
0.285274
0.277077
0.271577
0.261639
0.271941
0.261982
0.261952
0.259052
0.260912
0.246277
0.226511
0.236022
0.237946
0.243324
0.255657
0.245616
0.250053
0.255298
0.266262
0.260146
0.266992
0.252238
0.256973
0.270799
0.281572
0.274977
0.294466
0.277226
0.289594
0.281412
0.273125
0.26418
0.267095
0.273392
0.261359
0.253841
0.255396
0.260251
0.257864
0.261818
0.265865
0.272997
0.286767
0.28958
0.268052
0.282707
0.277302
0.277381
0.27253
0.275131
0.276419
0.276692
0.267593
0.262984
0.240211
0.235419
0.260172
0.267653
0.283454
0.279231
0.303822
0.302759
0.307742
0.294575
0.294094
0.291634
0.303664
0.288892
0.302117
0.285791
0.289461
0.291158
0.289653
0.285875
0.2838
0.285452
0.278332
0.289012
0.275529
0.284438
0.279356
0.279521
0.285923
0.295168
0.277696
0.262971
0.259116
0.270566
0.264849
0.266051
0.273706
0.284149
0.294536
0.294667
0.287745
0.294054
0.284073
0.285151
0.306689
0.305439
0.303415
0.296278
0.290706
0.290934
0.29187
0.308643
0.313779
0.305509
0.315972
0.316981
0.318878
0.317128
0.312397
0.312107
0.313884
0.323668
0.334409
0.329708
0.333116
0.328673
0.318586
0.304162
0.29161
0.292002
0.290017
0.27615
0.266094
0.27982
0.276456
0.298654
0.291462
0.280657
0.274896
0.282999
0.296451
0.313328
0.339147
0.329259
0.316165
0.342911
0.333356
0.324796
0.332719
0.353176
0.347337
0.337099
0.339624
0.336862
0.333905
0.341276
0.351707
0.359978
0.362414
0.364769
0.374339
0.386307
0.384178
0.373645
0.375119
0.388551
0.391472
0.385067
0.405598
0.411149
0.406704
0.385649
0.364016
0.355423
0.362146
0.353159
0.374073
0.367181
0.35728
0.361179
0.361561
0.368606
0.362938
0.374248
0.374591
0.384367
0.41019
0.407734
0.431733
0.431124
0.426597
0.430319
0.43662
0.432293
0.424951
0.420515
0.431958
0.433447
0.43265
0.431383
0.429215
0.419988
0.428318
0.424668
0.422164
0.422439
0.412898
0.427299
0.398844
0.397752
0.405451
0.418324
0.406418
0.402247
0.420481
0.425002
0.431549
0.433077
0.415121
0.422603
0.423451
0.414531
0.400733
0.406417
0.407583
0.406274
0.397129
0.409357
0.413483
0.421474
0.418366
0.409565
0.424379
0.439239
0.433436
0.43358
0.424107
0.426101
0.418107
0.418176
0.441642
0.427254
0.433035
0.436071
0.438864
0.423724
0.426709
0.42155
0.423194
0.426603
0.430504
0.433905
0.433979
0.424459
0.42662
0.418499
0.431227
0.445592
0.454924
0.464543
0.480188
0.492557
0.478103
0.464069
0.459391
0.462996
0.46663
0.49221
0.497096
0.504716
0.499443
0.492273
0.49532
0.500957
0.497983
0.485745
0.481344
0.478306
0.485869
0.490241
0.501789
0.521511
0.523072
0.524023
0.527536
0.543227
0.542875
0.54582
0.545119
0.559445
0.568571
0.55989
0.571067
0.580088
0.564772
0.5772
0.577028
0.572601
0.587226
0.580746
0.579962
0.586752
0.583498
0.585273
0.577469
0.577514
0.58739
0.590372
0.597685
0.593499
0.602685
0.598135
0.619789
0.628308
0.630105
0.637243
0.646465
0.631425
0.627188
0.635686
0.633217
0.649508
0.643998
0.637985
0.632723
0.633029
0.643691
0.652163
0.638937
0.637327
0.646143
0.676781
0.692074
0.69669
0.688325
0.68804
0.669313
0.665724
0.667126
0.669456
0.678204
0.69367
0.700392
0.702571
0.708549
0.711934
0.719565
0.717269
0.709099
0.721142
0.704252
0.718317
0.716899
0.708362
0.704955
0.721479
0.727534
0.731182
0.745773
0.753735
0.759128
0.747822
0.763458
0.755667
0.764161
0.779264
0.794669
0.811888
0.815279
0.805777
0.808256
0.824173
0.833964
0.839965
0.823662
0.835339
0.860972
0.882657
0.889909
0.907676
0.92491
0.927367
0.933825
0.941854
0.954146
0.932236
0.927847
0.912594
0.917739
0.913956
0.925302
0.960895
0.967787
0.959074
0.969517
0.976235
0.96378
0.96264
0.968673
0.968904
0.983121
0.992233
0.983816
0.980945
0.964293
0.963102
0.96351
0.952493
0.942826
0.941453
0.936009
0.936479
0.924617
0.919171
0.916453
0.911755
0.89235
0.880848
0.883919
0.86958
0.864757
0.863917
0.867664
0.860681
0.861245
0.865308
0.876879
0.872264
0.872817
0.859468
0.857672
0.861057
0.860105
0.863548
0.849932
0.859875
0.857045
0.849166
0.840237
0.848653
0.839963
0.846372
0.83814
0.825588
0.814832
0.821256
0.84146
0.838833
0.832762
0.831623
0.814578
0.796993
0.773981
0.764558
0.760831
0.733384
0.717873
0.710482
0.696842
0.681304
0.667468
0.656792
0.647703
0.630881
0.620126
0.617998
0.610992
0.606642
0.585972
0.596814
0.585214
0.582008
0.573643
0.573309
0.572013
0.574188
0.567617
0.557234
0.555535
0.54481
0.539932
0.531668
0.529104
0.530084
0.521518
0.53256
0.53919
0.552486
0.551614
0.55638
0.555722
0.554099
0.559338
0.561159
0.558579
0.556806
0.551425
0.571038
0.552867
0.536705
0.535079
0.536069
0.528946
0.518109
0.527651
0.523341
0.523025
0.526719
0.525432
0.504273
0.514477
0.507448
0.520936
0.522615
0.517841
0.518282
0.52129
0.521854
0.511438
0.498994
0.485781
0.493958
0.511449
0.507571
0.492362
0.499773
0.512365
0.504443
0.529003
0.52777
0.511285
0.502647
0.4928
0.504453
0.502569
0.474471
0.461229
0.448142
0.419682
0.418431
0.412882
0.395545
0.389866
0.418437
0.410495
0.398949
0.39067
0.386927
0.40268
0.392615
0.393657
0.388184
0.388688
0.39046
0.392089
0.40381
0.376374
0.385909
0.382169
0.371771
0.360454
0.363547
0.364248
0.355428
0.370079
0.379618
0.378978
0.375973
0.375599
0.384998
0.397059
0.398524
0.410834
0.403008
0.3774
0.3647
0.349819
0.344918
0.348554
0.367492
0.336178
0.313073
0.306684
0.291356
0.294962
0.291564
0.284653
0.270848
0.264706
0.255805
0.239658
0.254149
0.243123
0.238392
0.240468
0.227303
0.225858
0.233919
0.247625
0.253247
0.247994
0.242573
0.228057
0.215247
0.224364
0.207719
0.202704
0.205224
0.200393
0.207114
0.206528
0.20988
0.193734
0.182232
0.186022
0.197211
0.200855
0.208273
0.223435
0.220764
0.207428
0.209731
0.205956
0.210311
0.206404
0.21744
0.215722
0.227261
0.235586
0.227384
0.226835
0.244167
0.233099
0.251228
0.27605
0.276981
0.269041
0.289517
0.28911
0.280269
0.272264
0.274603
0.28266
0.290595
0.294874
0.298595
0.301461
0.310314
0.316865
0.284716
0.294736
0.299317
0.312211
0.298468
0.314851
0.308762
0.298996
0.311938
0.290174
0.294263
0.286806
0.295158
0.283147
0.281265
0.281449
0.282412
0.281759
0.280911
0.29482
0.300079
0.295184
0.293054
0.31025
0.319739
0.313668
0.313643
0.32322
0.330273
0.31802
0.311864
0.309326
0.301732
0.297341
0.322407
0.329327
0.326206
0.314096
0.310587
0.318641
0.345925
0.355942
0.340241
0.34122
0.336498
0.351807
0.35598
0.346803
0.352052
0.353879
0.357247
0.378178
0.371792
0.375882
0.384677
0.377381
0.378432
0.357326
0.348714
0.323983
0.312864
0.320443
0.307556
0.29602
0.296599
0.276956
0.280362
0.275859
0.279397
0.275608
0.282674
0.276943
0.277922
0.265334
0.266138
0.263482
0.275825
0.264343
0.27869
0.284436
0.285378
0.285322
0.289428
0.276361
0.284991
0.259605
0.28258
0.273879
0.23765
0.213676
0.213827
0.211035
0.21678
0.224135
0.205566
0.20697
0.198736
0.195177
0.213444
0.207642
0.211077
0.200926
0.210227
0.211583
0.200588
0.192118
0.179356
0.172897
0.173268
0.187845
0.187669
0.180912
0.185063
0.185127
0.177869
0.188583
0.189195
0.182806
0.189615
0.195668
0.191592
0.177522
0.177606
0.186098
0.17172
0.175713
0.174934
0.171518
0.166175
0.160714
0.165943
0.168255
0.166653
0.147613
0.163941
0.158745
0.158501
0.15157
0.159018
0.161484
0.163457
0.152774
0.158623
0.160828
0.181955
0.178981
0.177381
0.155135
0.151286
0.142447
0.139846
0.129453
0.122233
0.136482
0.135475
0.138861
0.131772
0.144359
0.128823
0.122255
0.133392
0.119283
0.122124
0.118668
0.11656
0.129711
0.124369
0.142357
0.149665
0.141079
0.145287
0.162268
0.157862
0.165935
0.180826
0.185741
0.193138
0.19968
0.201136
0.202955
0.213652
0.192113
0.196651
0.185431
0.194671
0.199763
0.197686
0.192126
0.196939
0.198201
0.201868
0.194159
0.179167
0.182509
0.174225
0.18015
0.173629
0.194183
0.215859
0.19638
0.202757
0.21612
0.19669
0.187193
0.174424
0.170013
0.172889
0.170781
0.182201
0.21083
0.204516
0.201924
0.215527
0.210441
0.191734
0.188143
0.180997
0.181614
0.194972
0.194011
0.197041
0.199778
0.189791
0.180675
0.166811
0.156762
0.168632
0.154753
0.156985
0.151302
0.161902
0.156884
0.150435
0.14205
0.140589
0.145117
0.153876
0.161877
0.162863
0.16926
0.170927
0.153036
0.14684
0.143898
0.151985
0.181405
0.177013
0.175694
0.153831
0.165216
0.165046
0.172088
0.180003
0.175291
0.175556
0.178627
0.172556
0.166586
0.157064
0.165778
0.168008
0.192362
0.175244
0.170794
0.175813
0.183244
0.183489
0.178226
0.169127
0.15003
0.173433
0.174803
0.1713
0.161389
0.168551
0.173996
0.161052
0.168954
0.169889
0.152921
0.163189
0.155626
0.156778
0.137267
0.129687
0.134239
0.124542
0.130298
0.138557
0.145323
0.141233
0.135697
0.151657
0.145675
0.160747
0.170305
0.176932
0.182595
0.186564
0.177727
0.1733
0.182678
0.179443
0.17688
0.187671
0.185263
0.191762
0.195305
0.204799
0.215669
0.207605
0.205579
0.193532
0.18864
0.178976
0.182101
0.173967
0.166692
0.155603
0.16124
0.152971
0.156327
0.150379
0.150917
0.132255
0.128154
0.144486
0.145411
0.124614
0.108336
0.113849
0.127641
0.134863
0.119059
0.111261
0.117522
0.122553
0.127721
0.122412
0.115677
0.126284
0.146975
0.160919
0.162422
0.15028
0.138993
0.140098
0.136182
0.147707
0.144497
0.146266
0.131232
0.151171
0.146258
0.160855
0.15993
0.173734
0.205547
0.192248
0.192604
0.192251
0.188745
0.176946
0.186511
0.176006
0.175367
0.17312
0.179086
0.164958
0.154562
0.155612
0.156169
0.150147
0.17498
0.183178
0.172559
0.194508
0.189217
0.175477
0.177054
0.163607
0.160014
0.180844
0.186023
0.182446
0.172771
0.179901
0.190109
0.1977
0.197194
0.189677
0.183074
0.16325
0.168867
0.16851
0.164301
0.164621
0.160971
0.181303
0.177689
0.161028
0.167396
0.161802
0.166303
0.172289
0.179552
0.191336
0.191774
0.207139
0.21675
0.208063
0.20265
0.200358
0.18916
0.193929
0.193822
0.199795
0.202853
0.198037
0.196622
0.203819
0.207826
0.214383
0.209887
0.222226
0.22483
0.220598
0.217179
0.22214
0.210515
0.214986
0.206529
0.220471
0.221589
0.219529
0.207362
0.206492
0.208135
0.198016
0.201946
0.19217
0.198585
0.206121
0.221627
0.223582
0.23156
0.228146
0.214648
0.219294
0.224874
0.234702
0.213021
0.218288
0.210789
0.210077
0.2126
0.208883
0.219251
0.231661
0.222381
0.217713
0.212247
0.206694
0.213967
0.212329
0.214542
0.214288
0.215701
0.216866
0.207633
0.213918
0.230058
0.217267
0.207247
0.218172
0.226982
0.221427
0.217047
0.217499
0.218111
0.230824
0.240183
0.234289
0.247806
0.255823
0.241257
0.254465
0.236936
0.232024
0.216547
0.225652
0.23812
0.230814
0.222181
0.222855
0.223411
0.208498
0.227247
0.226086
0.243349
0.244714
0.251112
0.249987
0.24386
0.240678
0.24366
0.240907
0.249473
0.235703
0.231751
0.225397
0.232918
0.241904
0.260623
0.255563
0.268718
0.266551
0.26885
0.250622
0.268864
0.261485
0.265955
0.25488
0.242024
0.238988
0.22163
0.201249
0.198356
0.187745
0.18707
0.177633
0.188362
0.181606
0.180741
0.165236
0.169483
0.155727
0.141977
0.148652
0.150025
0.161488
0.162047
0.169489
0.19091
0.173517
0.162898
0.1628
0.163844
0.16446
0.178816
0.178193
0.180537
0.195869
0.196487
0.197926
0.197636
0.18354
0.183923
0.174715
0.172673
0.180951
0.182968
0.185012
0.177775
0.187424
0.183966
0.19609
0.199877
0.193961
0.217485
0.21565
0.218534
0.213942
0.20094
0.180119
0.163214
0.156124
0.150155
0.161085
0.150738
0.155524
0.147209
0.147392
0.146369
0.133484
0.133011
0.132018
0.131009
0.146256
0.152269
0.147839
0.136926
0.12848
0.132594
0.137809
0.148393
0.143543
0.124338
0.142167
0.140169
0.142034
0.158888
0.166811
0.159937
0.143422
0.13172
0.118618
0.137879
0.140221
0.139686
0.143536
0.149211
0.141597
0.124518
0.135273
0.12555
0.134728
0.17085
0.177925
0.187211
0.185541
0.197842
0.206073
0.19283
0.206325
0.215961
0.214056
0.203888
0.20293
0.221379
0.199751
0.20431
0.214367
0.217174
0.231427
0.219378
0.225115
0.219828
0.216191
0.233357
0.252287
0.248338
0.231733
0.251396
0.241103
0.241908
0.251297
0.247243
0.233584
0.23129
0.230118
0.227408
0.233307
0.243499
0.242398
0.237607
0.246031
0.256171
0.270555
0.27576
0.263721
0.262687
0.273719
0.29196
0.293608
0.294392
0.270388
0.290122
0.300709
0.317226
0.356055
0.332676
0.348038
0.352279
0.331785
0.326732
0.319346
0.293999
0.267213
0.2703
0.290527
0.294311
0.288718
0.27073
0.267209
0.242427
0.265027
0.281227
0.274638
0.280199
0.273556
0.277555
0.284091
0.30153
0.288332
0.294863
0.297832
0.312058
0.313548
0.326984
0.323353
0.320651
0.325998
0.317606
0.30828
0.292805
0.287086
0.283486
0.295123
0.299339
0.30574
0.320577
0.320939
0.321017
0.308165
0.300602
0.297915
0.308014
0.309935
0.312096
0.305641
0.312488
0.306347
0.291972
0.291706
0.289556
0.295345
0.313769
0.295967
0.28598
0.276524
0.286178
0.297853
0.314024
0.320425
0.318598
0.311544
0.304421
0.301883
0.309378
0.313631
0.333269
0.319644
0.31101
0.296326
0.309133
0.300417
0.303384
0.308711
0.304928
0.300613
0.311607
0.31345
0.313519
0.316133
0.31388
0.313832
0.316476
0.327603
0.330509
0.344225
0.334449
0.333297
0.344831
0.355186
0.348671
0.360671
0.369596
0.36704
0.370982
0.372253
0.378052
0.398927
0.404142
0.412021
0.417969
0.412557
0.406456
0.403402
0.411951
0.41805
0.413663
0.397981
0.406149
0.383672
0.36826
0.382968
0.368212
0.367335
0.36436
0.39724
0.406934
0.413086
0.403959
0.418676
0.420422
0.405826
0.385392
0.380291
0.378185
0.381332
0.402689
0.404171
0.421738
0.41174
0.405434
0.406755
0.414887
0.398669
0.394255
0.41655
0.401553
0.397788
0.388864
0.3911
0.360934
0.375938
0.381355
0.389318
0.387789
0.384567
0.366992
0.355776
0.335681
0.341015
0.345912
0.356951
0.364766
0.376433
0.397515
0.403268
0.399667
0.382558
0.359282
0.365503
0.355639
0.337814
0.326566
0.319102
0.321965
0.332394
0.341091
0.341117
0.321025
0.338792
0.353852
0.348822
0.374211
0.359832
0.364455
0.361566
0.370185
0.381641
0.390149
0.405222
0.421713
0.426927
0.422056
0.422452
0.419076
0.425213
0.428769
0.418717
0.427369
0.409466
0.41787
0.421532
0.44036
0.42084
0.411472
0.395361
0.399713
0.403698
0.413229
0.418093
0.419499
0.423595
0.42313
0.44259
0.451408
0.450255
0.445195
0.433766
0.435888
0.447652
0.456517
0.429685
0.438658
0.435922
0.444686
0.447033
0.433966
0.44493
0.44976
0.462851
0.46123
0.472383
0.469775
0.46482
0.470588
0.467944
0.465236
0.489199
0.484211
0.49015
0.48301
0.496683
0.504563
0.502178
0.509887
0.523565
0.531377
0.53997
0.532072
0.524074
0.510862
0.500234
0.50055
0.499687
0.492473
0.503837
0.508794
0.500098
0.530029
0.540864
0.524899
0.530517
0.535497
0.522313
0.527978
0.533304
0.53877
0.542205
0.539561
0.550027
0.547206
0.539354
0.530911
0.541802
0.548813
0.554595
0.564401
0.574929
0.564298
0.564495
0.55993
0.570422
0.571428
0.585525
0.581991
0.59314
0.580827
0.590631
0.591842
0.582184
0.584885
0.586919
0.609371
0.608511
0.601536
0.599181
0.611018
0.631042
0.629228
0.641958
0.624409
0.642618
0.654225
0.640629
0.650936
0.643695
0.627566
0.627168
0.635486
0.64386
0.654915
0.653803
0.651338
0.657681
0.666644
0.666732
0.665459
0.680802
0.668546
0.675625
0.673366
0.691175
0.684495
0.672797
0.665301
0.668584
0.675808
0.664209
0.667414
0.678728
0.698322
0.698407
0.714407
0.71345
0.70885
0.711208
0.717682
0.720467
0.733869
0.741363
0.735082
0.74755
0.760267
0.764264
0.776265
0.780472
0.779276
0.801043
0.823159
0.807663
0.795587
0.793665
0.809691
0.819054
0.823237
0.836668
0.832609
0.834223
0.83584
0.845608
0.839829
0.851283
0.84765
0.851773
0.847302
0.847968
0.853414
0.845868
0.834596
0.833335
0.837411
0.829633
0.827977
0.81739
0.818748
0.810095
0.803824
0.812219
0.798686
0.800258
0.786343
0.786556
0.785128
0.79998
0.799453
0.804813
0.793874
0.796249
0.797234
0.800686
0.790316
0.772891
0.761808
0.751484
0.763688
0.755176
0.747724
0.734823
0.747729
0.743835
0.726698
0.729102
0.742479
0.744788
0.73236
0.736418
0.736164
0.734023
0.728499
0.725359
0.738313
0.726581
0.711626
0.720208
0.702855
0.701586
0.692547
0.690615
0.665719
0.653026
0.642214
0.650946
0.636427
0.627776
0.610782
0.618954
0.642011
0.634944
0.630184
0.636339
0.661108
0.647688
0.651313
0.641608
0.647588
0.653508
0.647632
0.635478
0.642244
0.640997
0.657993
0.636936
0.617989
0.620838
0.621059
0.627038
0.61563
0.614528
0.612533
0.615492
0.620456
0.608078
0.61592
0.610217
0.60221
0.578402
0.569202
0.566873
0.560426
0.576289
0.596706
0.613991
0.616722
0.589067
0.588866
0.566509
0.559437
0.562373
0.580226
0.579565
0.575633
0.572451
0.565258
0.573818
0.55409
0.54501
0.534466
0.542174
0.521201
0.518909
0.524332
0.526716
0.510919
0.492419
0.495397
0.491634
0.510854
0.509613
0.510231
0.509947
0.49104
0.481016
0.47928
0.451303
0.454182
0.44306
0.455273
0.461128
0.481547
0.496729
0.504317
0.509619
0.5017
0.508496
0.513733
0.50684
0.483067
0.478038
0.47959
0.496936
0.49587
0.496095
0.499926
0.483277
0.496976
0.494792
0.493924
0.473697
0.481543
0.476532
0.462596
0.459491
0.450394
0.456334
0.459269
0.449133
0.464091
0.459555
0.461665
0.474941
0.47997
0.470274
0.484753
0.489868
0.491134
0.507363
0.490877
0.480218
0.472576
0.463475
0.437917
0.441254
0.432262
0.43458
0.418975
0.42673
0.422235
0.413202
0.412187
0.408224
0.400009
0.404672
0.374261
0.376499
0.374108
0.373522
0.37251
0.358936
0.359592
0.346498
0.323382
0.324117
0.323575
0.327341
0.331237
0.316136
0.321761
0.313598
0.290648
0.284613
0.298794
0.277684
0.285366
0.300562
0.300375
0.288114
0.283567
0.286734
0.29013
0.301878
0.299368
0.297062
0.302706
0.287105
0.299286
0.306403
0.305266
0.311023
0.309677
0.324564
0.320865
0.324048
0.334791
0.329999
0.328972
0.332671
0.335964
0.342391
0.34202
0.336035
0.334358
0.324343
0.328393
0.322645
0.310398
0.302884
0.300913
0.278929
0.308492
0.318563
0.323362
0.316527
0.311205
0.317536
0.318197
0.300772
0.282971
0.267281
0.28008
0.282511
0.264566
0.286226
0.274291
0.264543
0.271096
0.276534
0.290009
0.270703
0.263536
0.25873
0.269798
0.270922
0.255876
0.252569
0.228424
0.216664
0.228929
0.216358
0.225429
0.217009
0.238792
0.234729
0.248131
0.259058
0.266024
0.265434
0.280055
0.276713
0.271306
0.259976
0.261633
0.244968
0.260004
0.253246
0.252022
0.235465
0.226652
0.244591
0.25257
0.251749
0.249807
0.245253
0.231198
0.21829
0.213168
0.206523
0.194991
0.208372
0.212559
0.223943
0.235448
0.244281
0.23421
0.229753
0.23567
0.241659
0.2433
0.255983
0.254314
0.230132
0.232055
0.23199
0.240822
0.245322
0.240351
0.22417
0.218416
0.210386
0.192145
0.199955
0.20485
0.184199
0.172293
0.175086
0.170121
0.151462
0.145291
0.155046
0.1591
0.18682
0.198993
0.187955
0.197283
0.201619
0.198209
0.196645
0.197986
0.211322
0.217348
0.205175
0.208048
0.2189
0.227767
0.237307
0.253874
0.23949
0.245029
0.253511
0.247934
0.244526
0.24344
0.24095
0.252969
0.242081
0.238002
0.234793
0.232722
0.225844
0.216333
0.215982
0.214926
0.218891
0.206915
0.213743
0.193505
0.179566
0.179932
0.185691
0.191911
0.220248
0.216153
0.201732
0.189683
0.175195
0.19967
0.196713
0.209855
0.210373
0.210987
0.215599
0.220316
0.185274
0.199712
0.222309
0.205141
0.202942
0.212905
0.216261
0.218497
0.224263
0.221132
0.21832
0.238477
0.215999
0.219731
0.219266
0.224497
0.228326
0.238182
0.242474
0.255857
0.242723
0.246413
0.268545
0.265576
0.269596
0.267492
0.265164
0.25198
0.269996
0.264465
0.253648
0.270116
0.279886
0.297437
0.303906
0.297924
0.30569
0.305342
0.314695
0.302692
0.283203
0.272871
0.266882
0.278391
0.278771
0.271411
0.254181
0.246998
0.243411
0.253239
0.244439
0.252297
0.25642
0.250001
0.246864
0.235484
0.241349
0.252827
0.245044
0.237006
0.243878
0.227868
0.22304
0.194931
0.184369
0.193977
0.200118
0.199841
0.222334
0.221067
0.231302
0.222761
0.211714
0.20604
0.207808
0.195651
0.216289
0.223989
0.235308
0.238927
0.242082
0.233277
0.233367
0.229077
0.241045
0.250218
0.251757
0.254362
0.267746
0.267005
0.249075
0.247455
0.253537
0.256998
0.257273
0.250379
0.246469
0.220562
0.220955
0.203509
0.205139
0.191892
0.171247
0.169379
0.152249
0.155539
0.14868
0.154523
0.149952
0.152281
0.155407
0.150771
0.157088
0.17211
0.17648
0.197054
0.203212
0.190704
0.212994
0.193551
0.179527
0.171922
0.162078
0.190672
0.213932
0.215637
0.192335
0.196657
0.176631
0.181587
0.173813
0.173553
0.169423
0.148285
0.132585
0.151486
0.142336
0.122935
0.124079
0.129765
0.128358
0.129554
0.111469
0.106224
0.105184
0.0944339
0.0960146
0.100202
0.109301
0.121287
0.115748
0.107893
0.109459
0.121717
0.132203
0.149188
0.14382
0.144079
0.151532
0.137255
0.1465
0.124819
0.133277
0.139261
0.13576
0.145432
0.141706
0.161429
0.165746
0.172865
0.165691
0.172644
0.167108
0.172218
0.166879
0.168716
0.166195
0.171341
0.160724
0.167889
0.164609
0.168433
0.164954
0.173235
0.168469
0.169628
0.179532
0.174533
0.178177
0.190712
0.186783
0.170533
0.176732
0.181189
0.179599
0.175326
0.180626
0.178019
0.195117
0.203448
0.207718
0.215798
0.20429
0.197394
0.200981
0.209295
0.221717
0.226278
0.235291
0.229256
0.226284
0.236515
0.223071
0.210436
0.216446
0.223837
0.218416
0.228298
0.229264
0.234303
0.242569
0.256304
0.237682
0.2338
0.222669
0.243563
0.255085
0.24777
0.242335
0.23653
0.226483
0.226441
0.218029
0.208027
0.212265
0.202864
0.206578
0.229291
0.203824
0.206257
0.207572
0.197104
0.203332
0.208282
0.201586
0.21342
0.216371
0.217193
0.220552
0.209415
0.216639
0.210857
0.206746
0.196245
0.191819
0.183552
0.176847
0.173223
0.159621
0.158787
0.155924
0.170188
0.179864
0.184859
0.185072
0.190176
0.179099
0.168118
0.172008
0.183363
0.197059
0.20398
0.199234
0.198031
0.169658
0.182603
0.189406
0.19684
0.202425
0.192253
0.197891
0.185267
0.173118
0.180003
0.179445
0.182406
0.167015
0.141857
0.150251
0.139574
0.134801
0.156462
0.163049
0.151522
0.143924
0.151386
0.153957
0.145406
0.132877
0.138269
0.13163
0.132223
0.127793
0.119464
0.116502
0.117874
0.108841
0.10191
0.0912369
0.0841779
0.0806565
0.0974889
0.0815002
0.0956871
0.0797173
0.105372
0.120542
0.10209
0.124798
0.0977114
0.0838705
0.0742004
0.0856659
0.0859113
0.0712932
0.063026
0.0705429
0.0781166
0.0959086
0.0925797
0.0879292
0.0699139
0.0710791
0.0886008
0.0983891
0.102356
0.109972
0.118117
0.10806
0.0774166
0.106252
0.103791
0.0990355
0.109621
0.103318
0.0951706
0.0962364
0.0873599
0.0787703
0.0708352
0.0763025
0.0642283
0.0682372
0.0665297
0.0789498
0.0988773
0.0876943
0.0949004
0.106928
0.114998
0.122756
0.136599
0.144236
0.154142
0.171561
0.160385
0.158212
0.16841
0.178103
0.18606
0.172915
0.170305
0.177093
0.185895
0.191791
0.207876
0.192791
0.192014
0.18758
0.193792
0.189901
0.191573
0.187552
0.179507
0.165508
0.173677
0.175875
0.194716
0.191565
0.181853
0.175838
0.187348
0.178485
0.178905
0.185664
0.179692
0.172668
0.168866
0.166486
0.166143
0.162634
0.166821
0.155146
0.158425
0.150029
0.158346
0.161684
0.160997
0.171467
0.154303
0.156999
0.14622
0.143681
0.149415
0.137292
0.12744
0.143546
0.153636
0.151041
0.156935
0.164686
0.166488
0.182179
0.177955
0.177644
0.181517
0.184194
0.192745
0.183394
0.17122
0.183368
0.18292
0.189862
0.207569
0.201444
0.217181
0.221672
0.231927
0.242172
0.245963
0.248703
0.240776
0.245165
0.238547
0.241548
0.258023
0.252365
0.240915
0.244785
0.236429
0.241854
0.242686
0.248327
0.256899
0.244757
0.241278
0.222462
0.223185
0.221894
0.214767
0.213499
0.24168
0.245751
0.266717
0.261645
0.25271
0.248995
0.234401
0.240847
0.222238
0.227065
0.234426
0.233297
0.227632
0.245283
0.241213
0.234237
0.222547
0.247542
0.234269
0.242874
0.234813
0.229422
0.221841
0.222734
0.231972
0.244281
0.235732
0.226101
0.220742
0.216586
0.225081
0.241179
0.258492
0.271927
0.271597
0.282022
0.278362
0.287454
0.279474
0.279561
0.275319
0.292826
0.288837
0.293039
0.286206
0.28469
0.295379
0.294174
0.297389
0.292058
0.308842
0.295937
0.299693
0.313014
0.302355
0.29833
0.301014
0.288177
0.294478
0.285948
0.283908
0.303238
0.297616
0.292757
0.281336
0.304201
0.290835
0.268863
0.265471
0.259468
0.237113
0.233666
0.215285
0.215241
0.228718
0.225882
0.243629
0.245091
0.23598
0.232881
0.229752
0.229747
0.256365
0.261544
0.261252
0.268993
0.268767
0.258766
0.273139
0.264029
0.244656
0.243049
0.253741
0.255733
0.240052
0.234554
0.238347
0.233182
0.227016
0.231813
0.224312
0.243019
0.239965
0.249004
0.242193
0.257488
0.263769
0.255156
0.264727
0.26031
0.284045
0.293561
0.300662
0.300214
0.308838
0.303612
0.290296
0.303872
0.292498
0.282746
0.293226
0.283074
0.287373
0.303351
0.315258
0.330123
0.317935
0.321302
0.315341
0.31098
0.319826
0.314305
0.313624
0.293492
0.296183
0.300123
0.284883
0.266837
0.243789
0.247136
0.263318
0.252982
0.262806
0.255302
0.239725
0.244031
0.219824
0.214411
0.209496
0.220915
0.228249
0.226729
0.237253
0.231624
0.213642
0.219349
0.208937
0.221326
0.204931
0.232039
0.262001
0.249843
0.254851
0.237674
0.257874
0.266256
0.253304
0.253633
0.241726
0.228516
0.24376
0.246138
0.265971
0.262323
0.257058
0.253449
0.23723
0.255886
0.258187
0.265801
0.262522
0.251982
0.235117
0.233576
0.250679
0.251353
0.245772
0.257056
0.258703
0.250045
0.254353
0.261375
0.241254
0.24962
0.239613
0.228762
0.245096
0.238268
0.242754
0.242067
0.249074
0.254333
0.271302
0.2653
0.249126
0.227805
0.231143
0.22096
0.216056
0.204117
0.194354
0.222293
0.232964
0.23049
0.249689
0.249017
0.24296
0.25264
0.254767
0.257776
0.271753
0.281445
0.267
0.27191
0.277597
0.271009
0.288301
0.280624
0.286506
0.290889
0.287972
0.28897
0.293775
0.28168
0.283651
0.297907
0.302297
0.312888
0.311131
0.295437
0.296742
0.290593
0.287069
0.290103
0.297472
0.286444
0.278419
0.281551
0.261165
0.262404
0.275916
0.297409
0.27172
0.286405
0.280085
0.276539
0.274395
0.277129
0.273896
0.259734
0.273441
0.26572
0.245534
0.272697
0.295192
0.289682
0.289405
0.303475
0.292471
0.284418
0.289341
0.283958
0.279172
0.281783
0.283827
0.27058
0.277588
0.290987
0.294087
0.308171
0.311107
0.306781
0.303257
0.299334
0.275145
0.286605
0.320194
0.33175
0.331939
0.329717
0.321268
0.312888
0.33632
0.323758
0.311502
0.321976
0.318258
0.310743
0.292794
0.30327
0.299744
0.319381
0.327882
0.340555
0.345688
0.351575
0.35024
0.34293
0.342856
0.332249
0.331991
0.343638
0.361259
0.367374
0.366064
0.365635
0.348141
0.340331
0.337304
0.348205
0.346628
0.336336
0.344388
0.352021
0.358427
0.368024
0.372683
0.368366
0.363443
0.365905
0.383403
0.373655
0.386142
0.393409
0.412805
0.401131
0.404328
0.400521
0.402491
0.395476
0.399407
0.399927
0.39692
0.393003
0.400024
0.396674
0.393678
0.410161
0.421657
0.434216
0.454465
0.453977
0.436144
0.449853
0.445668
0.438814
0.444301
0.442288
0.461475
0.434628
0.444084
0.457145
0.450489
0.452222
0.44382
0.4427
0.453337
0.456887
0.46224
0.459643
0.462768
0.461484
0.464416
0.462381
0.450144
0.458114
0.468415
0.475964
0.470785
0.480434
0.477438
0.480876
0.472314
0.47859
0.467627
0.44741
0.455171
0.480458
0.470715
0.485415
0.509792
0.506708
0.507237
0.515694
0.495965
0.506704
0.503105
0.523638
0.538185
0.541751
0.550904
0.552826
0.548405
0.550041
0.546023
0.533844
0.534574
0.561947
0.545389
0.533932
0.534857
0.555061
0.551094
0.541814
0.558126
0.565937
0.574879
0.575195
0.56322
0.563186
0.57779
0.570816
0.556576
0.554349
0.542071
0.543779
0.552755
0.552232
0.537434
0.52513
0.530753
0.537353
0.546244
0.541951
0.545632
0.557559
0.545575
0.548591
0.547582
0.525003
0.510861
0.512997
0.515575
0.525335
0.541286
0.543403
0.541413
0.528678
0.535837
0.559065
0.554319
0.543137
0.55785
0.567872
0.564868
0.583198
0.587898
0.590176
0.603365
0.607069
0.594613
0.605814
0.609543
0.631297
0.627103
0.62864
0.617231
0.612816
0.61047
0.616626
0.622089
0.624941
0.613891
0.622454
0.62977
0.623348
0.608732
0.601324
0.606196
0.617671
0.613411
0.626861
0.630088
0.637775
0.631964
0.60405
0.605202
0.597658
0.590483
0.585493
0.568905
0.563914
0.564191
0.583419
0.591289
0.591189
0.599979
0.601058
0.605912
0.599468
0.624719
0.625821
0.632727
