-2.03444
-1.99335
-1.98374
-2.04135
-2.04545
-2.02593
-2.02982
-1.99966
-1.97113
-1.95981
-1.93156
-1.91261
-1.88653
-1.86248
-1.88392
-1.91857
-1.91478
-1.92514
-1.93255
-1.94274
-1.93167
-1.9315
-1.94833
-1.94382
-1.9353
-1.92538
-1.93605
-1.93206
-1.93559
-1.94641
-1.92997
-1.92224
-1.90625
-1.89404
-1.89049
-1.8758
-1.87536
-1.8675
-1.87776
-1.86955
-1.90373
-1.86958
-1.85571
-1.84268
-1.8713
-1.85933
-1.85217
-1.85543
-1.8637
-1.85141
-1.84144
-1.83968
-1.79552
-1.81104
-1.79878
-1.76643
-1.77264
-1.78046
-1.80338
-1.79353
-1.77108
-1.77409
-1.76759
-1.76611
-1.75941
-1.74312
-1.7471
-1.75741
-1.78023
-1.80085
-1.79498
-1.78617
-1.778
-1.7573
-1.7421
-1.73913
-1.74528
-1.74523
-1.73702
-1.74199
-1.73932
-1.76694
-1.76049
-1.76417
-1.78142
-1.77924
-1.78205
-1.77328
-1.7846
-1.78692
-1.78721
-1.80584
-1.78749
-1.79062
-1.81314
-1.82279
-1.81906
-1.82748
-1.85107
-1.85402
-1.87788
-1.85818
-1.84107
-1.83755
-1.84041
-1.81343
-1.78448
-1.78992
-1.80537
-1.81588
-1.8129
-1.80445
-1.79658
-1.79125
-1.79224
-1.77548
-1.78758
-1.81306
-1.80505
-1.81105
-1.82577
-1.81871
-1.80628
-1.82988
-1.8336
-1.8496
-1.84105
-1.82559
-1.8367
-1.83311
-1.85659
-1.83622
-1.83636
-1.83642
-1.85731
-1.86299
-1.85305
-1.88699
-1.90078
-1.89034
-1.88416
-1.89946
-1.88684
-1.89304
-1.88748
-1.85975
-1.84039
-1.86404
-1.87481
-1.87067
-1.90251
-1.89841
-1.90156
-1.90494
-1.8958
-1.8949
-1.89832
-1.90842
-1.92356
-1.93375
-1.93451
-1.92325
-1.92232
-1.92161
-1.92672
-1.91743
-1.92764
-1.9428
-1.94928
-1.9547
-1.94472
-1.97154
-1.98322
-1.99202
-1.97995
-1.99034
-1.99071
-1.98465
-1.98941
-1.97691
-1.94478
-1.94959
-1.9389
-1.93572
-1.89984
-1.87597
-1.88756
-1.87792
-1.87371
-1.86575
-1.85517
-1.86972
-1.86308
-1.85293
-1.86161
-1.8562
-1.88443
-1.88874
-1.89737
-1.90474
-1.89408
-1.89839
-1.88559
-1.90099
-1.90487
-1.90201
-1.90442
-1.91805
-1.93063
-1.93155
-1.92444
-1.9312
-1.91012
-1.90893
-1.93125
-1.91201
-1.9269
-1.90619
-1.92037
-1.91519
-1.91621
-1.93315
-1.9272
-1.92378
-1.92349
-1.92942
-1.96297
-1.94919
-1.92338
-1.90241
-1.89527
-1.90473
-1.89477
-1.91412
-1.92865
-1.92073
-1.9482
-1.93759
-1.91797
-1.89805
-1.8927
-1.9175
-1.91569
-1.92731
-1.91672
-1.91339
-1.88498
-1.89921
-1.93227
-1.93411
-1.91688
-1.92919
-1.93366
-1.91218
-1.91633
-1.92822
-1.96151
-1.96468
-1.95361
-1.94992
-1.93201
-1.91667
-1.92243
-1.94453
-1.95708
-1.97059
-1.95368
-1.95883
-1.97086
-1.95594
-1.96942
-1.98306
-1.99399
-1.96607
-1.97089
-1.96169
-1.98848
-1.99483
-1.97657
-1.96775
-1.9245
-1.94358
-1.9376
-1.93528
-1.90926
-1.90741
-1.89479
-1.91485
-1.90537
-1.88187
-1.88475
-1.86956
-1.86321
-1.85977
-1.81307
-1.79439
-1.79914
-1.79344
-1.7678
-1.78917
-1.76588
-1.75119
-1.73838
-1.72641
-1.72614
-1.74334
-1.74996
-1.75909
-1.74687
-1.78521
-1.81861
-1.84467
-1.87015
-1.85463
-1.87271
-1.84764
-1.80764
-1.79291
-1.7961
-1.7974
-1.7825
-1.78648
-1.77574
-1.75311
-1.78371
-1.79944
-1.78455
-1.78
-1.75087
-1.76218
-1.74438
-1.74759
-1.71815
-1.73612
-1.74769
-1.74075
-1.77458
-1.72472
-1.74016
-1.76885
-1.79076
-1.78223
-1.74097
-1.74318
-1.75429
-1.75753
-1.77064
-1.73215
-1.75061
-1.77665
-1.76451
-1.76866
-1.81121
-1.78141
-1.80597
-1.81778
-1.78606
-1.77288
-1.79212
-1.77905
-1.78324
-1.76145
-1.73715
-1.73072
-1.71761
-1.68945
-1.68954
-1.66032
-1.6296
-1.61252
-1.61618
-1.60228
-1.57756
-1.55347
-1.52557
-1.54335
-1.51506
-1.48108
-1.44314
-1.44095
-1.45067
-1.46846
-1.47139
-1.49701
-1.52063
-1.50479
-1.4663
-1.44694
-1.42293
-1.40153
-1.38565
-1.38772
-1.37428
-1.38414
-1.41844
-1.41083
-1.41859
-1.44704
-1.42989
-1.42677
-1.38341
-1.39677
-1.3907
-1.39909
-1.39394
-1.40288
-1.38971
-1.40136
-1.38355
-1.37544
-1.35235
-1.3532
-1.36209
-1.38101
-1.34296
-1.30538
-1.31131
-1.33763
-1.32788
-1.31972
-1.35081
-1.3441
-1.34856
-1.35156
-1.32068
-1.31237
-1.30832
-1.31778
-1.31224
-1.28722
-1.28953
-1.24647
-1.24171
-1.24251
-1.21831
-1.2376
-1.21449
-1.20503
-1.2275
-1.18161
-1.15223
-1.17234
-1.20642
-1.20892
-1.19303
-1.17835
-1.17751
-1.1854
-1.18675
-1.17494
-1.19564
-1.18597
-1.17047
-1.15925
-1.16535
-1.10417
-1.1201
-1.1584
-1.17417
-1.14483
-1.1194
-1.13922
-1.1236
-1.10221
-1.10805
-1.091
-1.11298
-1.11657
-1.11418
-1.09732
-1.09679
-1.08097
-1.07052
-1.06553
-1.03076
-1.01891
-1.05483
-1.07285
-1.07829
-1.10675
-1.09864
-1.09622
-1.0985
-1.06515
-1.07574
-1.05854
-1.04147
-1.04817
-1.02854
-1.0368
-1.03348
-0.997027
-0.992394
-0.970231
-0.973272
-0.993519
-1.00565
-1.00517
-1.01962
-0.9893
-1.00412
-1.01265
-1.07696
-1.09678
-1.09855
-1.11341
-1.11481
-1.13461
-1.15765
-1.19476
-1.21387
-1.20755
-1.20193
-1.23051
-1.21475
-1.2201
-1.23463
-1.242
-1.22942
-1.21453
-1.21297
-1.20901
-1.19308
-1.19224
-1.18765
-1.15566
-1.1677
-1.15981
-1.12154
-1.13128
-1.13911
-1.15698
-1.16321
-1.15943
-1.17368
-1.17203
-1.16544
-1.18225
-1.15205
-1.14519
-1.14112
-1.14339
-1.14393
-1.13733
-1.16523
-1.19534
-1.19812
-1.21508
-1.24381
-1.21164
-1.21703
-1.21232
-1.21008
-1.2052
-1.2106
-1.19802
-1.21567
-1.20606
-1.20613
-1.17674
-1.14698
-1.1518
-1.15186
-1.13066
-1.12895
-1.13102
-1.10915
-1.1227
-1.13229
-1.13314
-1.13247
-1.13585
-1.11731
-1.10303
-1.10089
-1.08423
-1.08187
-1.07325
-1.06653
-1.08234
-1.10604
-1.12285
-1.11445
-1.10748
-1.10595
-1.09132
-1.09827
-1.09049
-1.09198
-1.09153
-1.1117
-1.10072
-1.11721
-1.12597
-1.13394
-1.13145
-1.1303
-1.14042
-1.13313
-1.09332
-1.08509
-1.07466
-1.05462
-1.02592
-1.03894
-1.02471
-1.02117
-1.01955
-1.04685
-1.0562
-1.05091
-1.04073
-1.05778
-1.05497
-1.06603
-1.05889
-1.05551
-1.05779
-1.04959
-1.04273
-1.03588
-1.0443
-1.05268
-1.03127
-1.01251
-1.00471
-1.01735
-1.02816
-1.04451
-1.04984
-1.04563
-1.04736
-1.05795
-1.04688
-1.02932
-1.02762
-1.00824
-1.00672
-1.01129
-1.00808
-1.01228
-1.02043
-1.01077
-1.00619
-1.01586
-1.0208
-1.02677
-1.02132
-1.02099
-1.02822
-1.01898
-1.02917
-1.04228
-1.0317
-1.02122
-1.00767
-1.02247
-1.03256
-1.01634
-1.0202
-1.01206
-1.01814
-1.00386
-1.00701
-1.01379
-1.01548
-1.01897
-1.02812
-1.02937
-1.04917
-1.04967
-1.0755
-1.08759
-1.07517
-1.06655
-1.07202
-1.08563
-1.08891
-1.11664
-1.11764
-1.10877
-1.09669
-1.0934
-1.0785
-1.07849
-1.05634
-1.05375
-1.05536
-1.04817
-1.03479
-1.02992
-1.01178
-1.01902
-1.01729
-1.03231
-1.02665
-1.03863
-1.0237
-1.02098
-1.0279
-1.02955
-1.00862
-1.01253
-1.01297
-1.01938
-1.02627
-1.03467
-1.06037
-1.05584
-1.09139
-1.09944
-1.11871
-1.11313
-1.10811
-1.10905
-1.10885
-1.12134
-1.12418
-1.10188
-1.10311
-1.09743
-1.12057
-1.1214
-1.10814
-1.12239
-1.11777
-1.09672
-1.11119
-1.13352
-1.14517
-1.14453
-1.16419
-1.17109
-1.1788
-1.18684
-1.17527
-1.16239
-1.16162
-1.16632
-1.16817
-1.1878
-1.17157
-1.17163
-1.17728
-1.17254
-1.18173
-1.21452
-1.20907
-1.20161
-1.21148
-1.20807
-1.20961
-1.21958
-1.21374
-1.23062
-1.23539
-1.24846
-1.25539
-1.27109
-1.26732
-1.25557
-1.24616
-1.27786
-1.31502
-1.29552
-1.32146
-1.30235
-1.30875
-1.30259
-1.28957
-1.29655
-1.30357
-1.31187
-1.30998
-1.29299
-1.29934
-1.30964
-1.29414
-1.29771
-1.28839
-1.29649
-1.3053
-1.30302
-1.30186
-1.31288
-1.31666
-1.32087
-1.32978
-1.32623
-1.31563
-1.32003
-1.32028
-1.34467
-1.35898
-1.36131
-1.37171
-1.36259
-1.36805
-1.37
-1.3552
-1.36284
-1.35188
-1.33627
-1.33731
-1.34408
-1.36409
-1.3544
-1.36011
-1.36843
-1.37343
-1.38756
-1.41977
-1.4275
-1.41737
-1.40135
-1.40201
-1.41372
-1.41404
-1.42303
-1.42765
-1.4261
-1.45246
-1.43309
-1.42296
-1.43688
-1.44822
-1.46533
-1.43271
-1.46271
-1.42867
-1.40754
-1.42378
-1.42466
-1.42681
-1.43264
-1.46116
-1.48514
-1.47406
-1.47835
-1.46942
-1.44723
-1.453
-1.46452
-1.46081
-1.47073
-1.45945
-1.46245
-1.47352
-1.4734
-1.47484
-1.4663
-1.4781
-1.47434
-1.51283
-1.49928
-1.52783
-1.54877
-1.55616
-1.57537
-1.57863
-1.59137
-1.58309
-1.55882
-1.54638
-1.54274
-1.53515
-1.48444
-1.48609
-1.4896
-1.51863
-1.54514
-1.54273
-1.55086
-1.5243
-1.54778
-1.53439
-1.54197
-1.50214
-1.52675
-1.52155
-1.54555
-1.57737
-1.59039
-1.57293
-1.58986
-1.59883
-1.61124
-1.59026
-1.60044
-1.5976
-1.58201
-1.57166
-1.54299
-1.5338
-1.54119
-1.53264
-1.50754
-1.49113
-1.47869
-1.4865
-1.47431
-1.47388
-1.49512
-1.4673
-1.45364
-1.44805
-1.44994
-1.39647
-1.37826
-1.3838
-1.39614
-1.39537
-1.39341
-1.41166
-1.39773
-1.39145
-1.4044
-1.38407
-1.39693
-1.37172
-1.36691
-1.38034
-1.41015
-1.40841
-1.41449
-1.3826
-1.34355
-1.37836
-1.36278
-1.38045
-1.38781
-1.36507
-1.36633
-1.37602
-1.38996
-1.37097
-1.36582
-1.37449
-1.36745
-1.36831
-1.39292
-1.41428
-1.40899
-1.42274
-1.45581
-1.44985
-1.48505
-1.47209
-1.47516
-1.48036
-1.50525
-1.49736
-1.48388
-1.48399
-1.47482
-1.4724
-1.4963
-1.49741
-1.49124
-1.50129
-1.47866
-1.48509
-1.47695
-1.48873
-1.48513
-1.47618
-1.4749
-1.4875
-1.48448
-1.50127
-1.49806
-1.51501
-1.50797
-1.52065
-1.50902
-1.50096
-1.50966
-1.48245
-1.50783
-1.53902
-1.55245
-1.54405
-1.54253
-1.55197
-1.52314
-1.51143
-1.50607
-1.51888
-1.5377
-1.5253
-1.5284
-1.52986
-1.53371
-1.55325
-1.56301
-1.59511
-1.59097
-1.5999
-1.65504
-1.63791
-1.65045
-1.64629
-1.67244
-1.68107
-1.64843
-1.65006
-1.65826
-1.65023
-1.66408
-1.67395
-1.69163
-1.70783
-1.68821
-1.71743
-1.7001
-1.67597
-1.63695
-1.65601
-1.62917
-1.6074
-1.60149
-1.59534
-1.61111
-1.58548
-1.58222
-1.56144
-1.55294
-1.55122
-1.55083
-1.58293
-1.57653
-1.61697
-1.62046
-1.61935
-1.61967
-1.5757
-1.555
-1.54624
-1.56628
-1.55028
-1.52931
-1.52019
-1.50591
-1.54721
-1.56139
-1.51184
-1.49916
-1.48088
-1.47181
-1.44265
-1.44468
-1.46925
-1.46907
-1.41442
-1.39437
-1.41012
-1.39796
-1.42409
-1.38531
-1.40062
-1.40921
-1.39359
-1.39214
-1.43055
-1.39989
-1.43762
-1.45515
-1.50029
-1.50548
-1.4999
-1.46785
-1.48496
-1.49547
-1.49755
-1.50815
-1.52401
-1.51376
-1.51362
-1.44039
-1.43271
-1.43267
-1.43091
-1.42551
-1.42377
-1.41267
-1.39208
-1.42384
-1.38332
-1.32697
-1.30968
-1.30892
-1.26459
-1.28609
-1.29317
-1.30705
-1.30907
-1.30723
-1.28738
-1.29324
-1.29479
-1.29596
-1.30527
-1.30124
-1.31049
-1.28416
-1.32179
-1.29959
-1.32603
-1.32708
-1.31184
-1.31501
-1.31878
-1.32222
-1.31375
-1.28781
-1.28695
-1.26467
-1.25707
-1.26846
-1.26116
-1.25976
-1.25017
-1.24998
-1.27153
-1.27201
-1.2741
-1.21613
-1.24366
-1.25269
-1.24455
-1.27146
-1.25462
-1.27167
-1.28273
-1.29691
-1.31426
-1.29202
-1.29891
-1.31367
-1.34909
-1.34931
-1.34
-1.37746
-1.36713
-1.38557
-1.36373
-1.35281
-1.3543
-1.33569
-1.34453
-1.35471
-1.31825
-1.33168
-1.31665
-1.31868
-1.28999
-1.25818
-1.2686
-1.24606
-1.2199
-1.21765
-1.23611
-1.23821
-1.2427
-1.22901
-1.1989
-1.20174
-1.20346
-1.18764
-1.18781
-1.17536
-1.18629
-1.18066
-1.19494
-1.18341
-1.18754
-1.20286
-1.18518
-1.19778
-1.15777
-1.16866
-1.14496
-1.1336
-1.11118
-1.10014
-1.06538
-1.07551
-1.07036
-1.08564
-1.09321
-1.08271
-1.08076
-1.095
-1.09274
-1.09169
-1.09248
-1.07836
-1.09593
-1.10138
-1.08876
-1.07375
-1.07657
-1.05128
-1.05887
-1.04498
-1.05014
-1.06349
-1.06201
-1.07969
-1.06098
-1.0616
-1.05687
-1.06903
-1.06866
-1.05654
-1.03249
-1.03126
-1.01085
-1.03763
-1.02868
-1.03194
-1.0455
-1.04977
-1.08045
-1.10014
-1.11658
-1.11523
-1.10499
-1.10354
-1.10648
-1.10699
-1.1458
-1.09525
-1.06663
-1.02679
-1.07566
-1.07455
-1.118
-1.10896
-1.12917
-1.12057
-1.13161
-1.09553
-1.10446
-1.06714
-1.04831
-1.0341
-1.06063
-1.0721
-1.03652
-1.07479
-1.05931
-1.0766
-1.08303
-1.11027
-1.11798
-1.13363
-1.1298
-1.13639
-1.1658
-1.19764
-1.27201
-1.29558
-1.28645
-1.25395
-1.2566
-1.26563
-1.27947
-1.28909
-1.29618
-1.3306
-1.32885
-1.335
-1.33675
-1.35407
-1.32669
-1.3438
-1.35244
-1.33562
-1.36867
-1.38868
-1.39661
-1.41806
-1.39492
-1.37781
-1.37652
-1.39475
-1.38329
-1.3802
-1.38998
-1.34677
-1.35487
-1.36632
-1.3779
-1.39114
-1.41619
-1.44439
-1.41726
-1.42334
-1.47792
-1.50467
-1.50408
-1.49202
-1.41245
-1.37554
-1.32964
-1.37293
-1.34035
-1.27638
-1.27891
-1.26909
-1.30428
-1.28349
-1.22964
-1.27252
-1.23474
-1.26615
-1.29152
-1.28322
-1.29323
-1.29158
-1.27859
-1.3057
-1.28588
-1.28547
-1.27035
-1.27276
-1.28378
-1.24634
-1.24758
-1.27709
-1.28956
-1.2929
-1.25561
-1.28737
-1.21732
-1.2187
-1.22529
-1.23379
-1.21904
-1.20657
-1.20319
-1.16339
-1.15969
-1.16095
-1.13872
-1.11589
-1.12166
-1.12736
-1.15244
-1.14474
-1.13626
-1.09717
-1.09353
-1.09411
-1.03769
-1.07489
-1.11507
-1.12521
-1.1419
-1.12916
-1.1088
-1.07719
-1.0288
-0.964794
-0.98598
-0.981345
-0.999729
-0.999741
-1.04202
-1.02906
-1.01946
-1.02084
-1.03147
-0.978197
-0.968504
-0.987852
-0.977869
-0.938766
-0.974757
-1.041
-1.04883
-1.06322
-1.03661
-1.04352
-1.07783
-1.04421
-1.03821
-1.07323
-1.06156
-1.09637
-1.12095
-1.0976
-1.1474
-1.12902
-1.16191
-1.15997
-1.16588
-1.15381
-1.16077
-1.15865
-1.18161
-1.17911
-1.18475
-1.14749
-1.14657
-1.1442
-1.12292
-1.109
-1.1297
-1.10868
-1.14959
-1.20264
-1.20228
-1.21107
-1.27008
-1.30744
-1.28562
-1.33165
-1.35206
-1.42777
-1.40814
-1.43654
-1.41457
-1.39127
-1.35904
-1.3249
-1.35795
-1.41799
-1.39472
-1.42928
-1.36587
-1.43332
-1.42714
-1.37604
-1.3754
-1.4222
-1.4053
-1.38729
-1.4234
-1.50458
-1.56604
-1.60856
-1.5613
-1.57963
-1.55169
-1.61873
-1.62314
-1.57286
-1.65981
-1.65089
-1.64264
-1.68029
-1.68568
-1.64658
-1.64771
-1.71539
-1.79067
-1.84169
-1.79961
-1.76526
-1.71672
-1.76739
-1.76516
-1.82955
-1.84625
-1.8248
-1.85972
-1.87774
-1.83357
-1.86212
-1.87445
-1.83612
-1.87539
-1.90388
-1.88759
-1.85424
-1.75448
-1.73515
-1.79618
-1.86742
-1.86553
-1.89827
-1.89004
-1.87592
-1.88061
-1.90549
-1.88643
-1.89878
-1.91301
-1.92518
-1.90991
-1.93483
-1.92794
-1.92048
-1.9586
-1.9832
-1.98276
-1.93762
-1.89439
-1.87618
-1.82971
-1.85006
-1.82644
-1.81082
-1.79434
-1.79954
-1.82459
-1.8531
-1.92837
-1.94589
-1.90031
-1.85503
-1.8401
-1.88453
-1.87317
-1.91771
-1.95506
-1.92877
-1.85701
-1.84319
-1.80612
-1.77769
-1.80922
-1.80988
-1.83522
-1.81963
-1.83614
-1.85992
-1.83736
-1.81045
-1.76461
-1.76023
-1.77974
-1.76403
-1.77745
-1.79438
-1.85763
-1.83204
-1.87812
-1.86289
-1.86331
-1.88305
-1.90919
-1.94414
-1.91968
-1.87421
-1.89152
-1.93574
-1.9206
-1.94278
-1.94204
-1.91569
-1.82953
-1.86212
-1.86308
-1.87623
-1.84279
-1.86427
-1.8541
-1.83735
-1.88488
-1.90285
-1.86008
-1.87042
-1.87203
-1.89822
-1.87909
-1.87857
-1.85931
-1.8585
-1.88645
-1.87322
-1.89015
-1.877
-1.83593
-1.83675
-1.85276
-1.78148
-1.76909
-1.82713
-1.80981
-1.80675
-1.85989
-1.82817
-1.82671
-1.88576
-1.88195
-1.8566
-1.81078
-1.79828
-1.81728
-1.80325
-1.81996
-1.817
-1.79051
-1.79406
-1.76934
-1.6903
-1.69423
-1.70329
-1.74735
-1.77082
-1.75285
-1.78009
-1.74742
-1.75403
-1.742
-1.71354
-1.71772
-1.74284
-1.75718
-1.74902
-1.69414
-1.69807
-1.67543
-1.69361
-1.67037
-1.61782
-1.58511
-1.63519
-1.64287
-1.66448
-1.69252
-1.60798
-1.60803
-1.60902
-1.56252
-1.53795
-1.52673
-1.51131
-1.51085
-1.50852
-1.50263
-1.5412
-1.60014
-1.58177
-1.58989
-1.5654
-1.58653
-1.56099
-1.56802
-1.63121
-1.64469
-1.70388
-1.64257
-1.63886
-1.61816
-1.56988
-1.5644
-1.52065
-1.5034
-1.48105
-1.49732
-1.48894
-1.44784
-1.46258
-1.50764
-1.52773
-1.56887
-1.52498
-1.56103
-1.53593
-1.549
-1.53923
-1.52194
-1.4897
-1.54165
-1.56744
-1.62044
-1.61774
-1.62964
-1.66466
-1.62371
-1.62678
-1.61456
-1.64368
-1.65887
-1.64436
-1.64266
-1.64175
-1.66805
-1.67843
-1.69362
-1.69989
-1.7278
-1.73794
-1.72738
-1.75098
-1.74426
-1.77522
-1.7754
-1.74622
-1.73432
-1.69366
-1.68822
-1.64827
-1.64264
-1.59971
-1.60145
-1.61479
-1.63982
-1.65787
-1.61198
-1.64098
-1.64238
-1.633
-1.5781
-1.54939
-1.50416
-1.50815
-1.54634
-1.56531
-1.56527
-1.5683
-1.58005
-1.53416
-1.52632
-1.57218
-1.58536
-1.54842
-1.54023
-1.50974
-1.50445
-1.50925
-1.50507
-1.51405
-1.53443
-1.52169
-1.55759
-1.58809
-1.56299
-1.56647
-1.55123
-1.5975
-1.6439
-1.6141
-1.6212
-1.57911
-1.577
-1.60648
-1.69516
-1.73312
-1.74657
-1.74376
-1.72576
-1.80656
-1.8479
-1.83308
-1.83762
-1.822
-1.79997
-1.8297
-1.77416
-1.79156
-1.8132
-1.8334
-1.88759
-1.82808
-1.83995
-1.80132
-1.79136
-1.796
-1.83068
-1.81497
-1.8091
-1.80438
-1.77013
-1.77029
-1.75911
-1.78226
-1.72989
-1.71983
-1.68889
-1.69627
-1.6348
-1.62564
-1.63503
-1.64845
-1.68641
-1.72565
-1.73294
-1.75044
-1.74114
-1.77603
-1.71831
-1.71853
-1.71412
-1.71432
-1.72665
-1.6875
-1.72992
-1.70394
-1.70676
-1.68944
-1.70689
-1.69829
-1.66535
-1.71091
-1.71071
-1.70515
-1.74371
-1.72426
-1.69608
-1.68361
-1.67091
-1.65154
-1.68302
-1.686
-1.6927
-1.65125
-1.65766
-1.65609
-1.71624
-1.77049
-1.74131
-1.74496
-1.76349
-1.76032
-1.75949
-1.74983
-1.79511
-1.80994
-1.79475
-1.81577
-1.79778
-1.796
-1.80682
-1.86365
-1.877
-1.89956
-1.91072
-1.921
-1.92024
-1.87648
-1.86803
-1.85612
-1.86979
-1.83544
-1.85106
-1.85233
-1.85491
-1.85512
-1.86821
-1.90308
-1.92477
-1.90072
-1.91653
-1.9572
-2.02143
-1.9838
-2.01434
-2.00967
-2.04807
-2.06985
-2.06138
-2.09342
-2.06404
-2.07482
-2.0828
-2.08414
-2.09479
-2.10556
-2.09463
-2.10341
-2.11491
-2.11591
-2.15002
-2.20173
-2.1515
-2.17551
-2.16201
-2.16057
-2.18001
-2.1385
-2.14147
-2.14786
-2.14013
-2.12475
-2.09338
-2.14158
-2.10734
-2.10287
-2.09101
-2.07866
-2.08507
-2.06017
-2.05558
-2.05926
-2.10085
-2.06783
-2.05513
-2.05075
-2.06524
-2.08107
-2.12346
-2.13803
-2.13489
-2.20234
-2.18473
-2.1597
-2.18949
-2.1742
-2.20495
-2.18487
-2.15849
-2.15722
-2.17269
-2.18239
-2.19803
-2.17862
-2.19754
-2.16416
-2.14241
-2.16223
-2.17144
-2.16288
-2.17049
-2.14567
-2.15847
-2.19179
-2.16823
-2.15382
-2.20003
-2.24075
-2.226
-2.22957
-2.21486
-2.21185
-2.22676
-2.25011
-2.22216
-2.23317
-2.18383
-2.19636
-2.17917
-2.18135
-2.20772
-2.21247
-2.20797
-2.22295
-2.21703
-2.21908
-2.2554
-2.24082
-2.23007
-2.24452
-2.2255
-2.24955
-2.2072
-2.2009
-2.18199
-2.18097
-2.21931
-2.28164
-2.3233
-2.27974
-2.30235
-2.30058
-2.29581
-2.33622
-2.35035
-2.35479
-2.36271
-2.37012
-2.35876
-2.35791
-2.37956
-2.35702
-2.34862
-2.35778
-2.37225
-2.39208
-2.39995
-2.36844
-2.34408
-2.36621
-2.39343
-2.40355
-2.42626
-2.44476
-2.41799
-2.4551
-2.41821
-2.38264
-2.42558
-2.39986
-2.41771
-2.39798
-2.41558
-2.42491
-2.41266
-2.42368
-2.43259
-2.44706
-2.4433
-2.4528
-2.49516
-2.45729
-2.46485
-2.4612
-2.4481
-2.41706
-2.43788
-2.47562
-2.48615
-2.50239
-2.45146
-2.46227
-2.46544
-2.47728
-2.47709
-2.49489
-2.48367
-2.50422
-2.49694
-2.51931
-2.49237
-2.5127
-2.49607
-2.49828
-2.48174
-2.47543
-2.5088
-2.51836
-2.51639
-2.52466
-2.50617
-2.5284
-2.51816
-2.52288
-2.52102
-2.51969
-2.53043
-2.53862
-2.52318
-2.56318
-2.59431
-2.60652
-2.62184
-2.6097
-2.60627
-2.61253
-2.63677
-2.61091
-2.62002
-2.61063
-2.59293
-2.57903
-2.5868
-2.534
-2.54476
-2.55104
-2.56174
-2.58559
-2.5889
-2.58715
-2.58529
-2.59146
-2.60658
-2.59397
-2.59021
-2.59461
-2.58453
-2.58419
-2.58494
-2.58223
-2.58005
-2.61184
-2.63645
-2.64576
-2.64221
-2.6521
-2.6786
-2.68095
-2.69919
-2.7094
-2.72559
-2.73998
-2.75868
-2.74645
-2.77118
-2.79467
-2.81794
-2.80146
-2.79012
-2.77
-2.77077
-2.7616
-2.7716
-2.77568
-2.79151
-2.78563
-2.79833
-2.81706
-2.80521
-2.81538
-2.81815
-2.80272
-2.8104
-2.80654
-2.79859
-2.78432
-2.78411
-2.78788
-2.78719
-2.8024
-2.80241
-2.81084
-2.80488
-2.79121
-2.80095
-2.79195
-2.80335
-2.79499
-2.80879
-2.80381
-2.79561
-2.79393
-2.79885
-2.79411
-2.79091
-2.78364
-2.78349
-2.80767
-2.81623
-2.79456
-2.8152
-2.81077
-2.80813
-2.79083
-2.78497
-2.77529
-2.75624
-2.77009
-2.77669
-2.76161
-2.74167
-2.74127
-2.73809
-2.73513
-2.74643
-2.74471
-2.74416
-2.74148
-2.73469
-2.74082
-2.74389
-2.74838
-2.77815
-2.79232
-2.8167
-2.80648
-2.81147
-2.80712
-2.8188
-2.81039
-2.84271
-2.84306
-2.83953
-2.84115
-2.83138
-2.82718
-2.82793
-2.8275
-2.8369
-2.81398
-2.8265
-2.82126
-2.83131
-2.80857
-2.79954
-2.77122
-2.79124
-2.77599
-2.76395
-2.76988
-2.78853
-2.77341
-2.77152
-2.75319
-2.74807
-2.74456
-2.75204
-2.77685
-2.75749
-2.75325
-2.75676
-2.77642
-2.79677
-2.79101
-2.79215
-2.77539
-2.76193
-2.76246
-2.78065
-2.77065
-2.75555
-2.73752
-2.73972
-2.75624
-2.75613
-2.75504
-2.72808
-2.72724
-2.74669
-2.75704
-2.73855
-2.74208
-2.74441
-2.74159
-2.75306
-2.75051
-2.75698
-2.73887
-2.74686
-2.7487
-2.73061
-2.71481
-2.73361
-2.72273
-2.70319
-2.70319
-2.73201
-2.69636
-2.67915
-2.64449
-2.63707
-2.61964
-2.64655
-2.6906
-2.69665
-2.68408
-2.68835
-2.68962
-2.70423
-2.71776
-2.71355
-2.69512
-2.74445
-2.75797
-2.73972
-2.75456
-2.72285
-2.68607
-2.68984
-2.69187
-2.69348
-2.68976
-2.70155
-2.71499
-2.69707
-2.72246
-2.71231
-2.69657
-2.7111
-2.67247
-2.65522
-2.66037
-2.65174
-2.62095
-2.61727
-2.5824
-2.56334
-2.53845
-2.52611
-2.47509
-2.45508
-2.50312
-2.48162
-2.49842
-2.46167
-2.47063
-2.46023
-2.49118
-2.5215
-2.53158
-2.56482
-2.58079
-2.61831
-2.60565
-2.59596
-2.62352
-2.63241
-2.64448
-2.62242
-2.64805
-2.63763
-2.66388
-2.67182
-2.67239
-2.70674
-2.71513
-2.71716
-2.6955
-2.68811
-2.71368
-2.70635
-2.72199
-2.71736
-2.74208
-2.76054
-2.74366
-2.70187
-2.69112
-2.68403
-2.71159
-2.69817
-2.74167
-2.7316
-2.7319
-2.70506
-2.74378
-2.70609
-2.69754
-2.75306
-2.76358
-2.76084
-2.7793
-2.79241
-2.79809
-2.7511
-2.7592
-2.79045
-2.80498
-2.8108
-2.80845
-2.79547
-2.78942
-2.73915
-2.72331
-2.73215
-2.7412
-2.75241
-2.76712
-2.70082
-2.68401
-2.69137
-2.63383
-2.64314
-2.55114
-2.5422
-2.58474
-2.60587
-2.60331
-2.57913
-2.62343
-2.64544
-2.6475
-2.59745
-2.63016
-2.62933
-2.55969
-2.54764
-2.52162
-2.4975
-2.58285
-2.56546
-2.58936
-2.58082
-2.59162
-2.63552
-2.63233
-2.54265
-2.59766
-2.57826
-2.58484
-2.62131
-2.60608
-2.57545
-2.57464
-2.5667
-2.54197
-2.56313
-2.57633
-2.58528
-2.5993
-2.61761
-2.70255
-2.72718
-2.77147
-2.7296
-2.73215
-2.73235
-2.77758
-2.73181
-2.71667
-2.68579
-2.69408
-2.74565
-2.7836
-2.73117
-2.79774
-2.80214
-2.85274
-2.83589
-2.88562
-2.82849
-2.79816
-2.77867
-2.74808
-2.80754
-2.81849
-2.84356
-2.85161
-2.87323
-2.85584
-2.79903
-2.82837
-2.84552
-2.83847
-2.87913
-2.85849
-2.86486
-2.93992
-2.94482
-2.90987
-2.9288
-2.95643
-2.93143
-2.94455
-2.90046
-2.96144
-2.98087
-3.00385
-3.04989
-3.11973
-3.05562
-3.05186
-3.01705
-2.97844
-2.95947
-2.99903
-3.05853
-3.06625
-3.03732
-3.05928
-3.05885
-3.06067
-3.03112
-3.0441
-3.04862
-3.03948
-3.06385
-3.00062
-2.93346
-2.95457
-2.95044
-3.00054
-3.05409
-3.07523
-3.05098
-3.00326
-2.98209
-2.97272
-3.00679
-3.01591
-3.06555
-3.07267
-3.11416
3.13183
3.10921
3.10052
3.05844
2.99256
3.00873
2.97736
3.01476
3.01999
3.06784
3.08812
-3.13352
-3.07922
-3.06281
-3.07181
-3.07839
-3.08475
-3.10386
-3.09069
-3.09023
-3.07436
-3.06809
-3.04677
-3.02368
-2.9531
-2.86775
-2.86122
-2.87997
-2.85912
-2.8942
-2.96907
-3.02589
-3.05921
-3.06349
-3.11061
-3.09174
-3.07572
-3.0285
-2.98474
-2.94804
-2.86665
-2.84194
-2.85782
-2.90547
-2.91725
-2.89199
-2.94755
-2.95549
-2.88117
-2.85956
-2.85384
-2.72112
-2.7536
-2.68229
-2.64929
-2.68675
-2.61927
-2.5765
-2.54427
-2.49808
-2.44799
-2.45238
-2.44579
-2.37079
-2.35032
-2.38094
-2.37373
-2.42479
-2.43005
-2.43331
-2.48448
-2.46731
-2.49903
-2.58121
-2.57412
-2.61398
-2.65091
-2.65652
-2.65367
-2.65311
-2.69722
-2.6844
-2.72688
-2.68706
-2.73159
-2.78736
-2.78764
-2.76497
-2.76096
-2.69528
-2.68691
-2.67422
-2.68987
-2.67797
-2.71518
-2.6715
-2.68622
-2.72238
-2.79429
-2.90523
-2.89009
-2.84549
-2.8505
-2.79067
-2.7864
-2.84175
-2.9026
-2.8583
-2.85939
-2.81024
-2.80758
-2.81403
-2.84298
-2.76745
-2.77217
-2.86223
-2.77372
-2.78853
-2.77282
-2.75745
-2.75293
-2.73912
-2.787
-2.83783
-2.85322
-2.83919
-2.888
-2.96245
-3.0546
-3.07282
-3.08026
-3.06543
-3.09755
-3.05417
3.13165
-3.08649
-3.09335
-3.10921
-3.11895
-3.06491
3.11867
-2.97979
-3.02221
-3.01677
-2.98829
-2.85671
-2.79225
-2.7459
-2.61972
-2.56795
-2.51927
-2.50141
-2.49453
-2.51514
-2.62236
-2.79675
-2.89636
-2.85881
-2.85829
-2.83735
-2.89551
-2.84567
-2.72014
-2.8166
-2.64205
-2.93838
-2.94039
-3.0489
3.04604
2.92699
2.98521
3.05214
3.07184
-3.10088
-3.13532
-3.09561
3.0721
-3.13293
3.03721
3.05212
-3.09745
2.95246
2.96811
2.93027
3.10794
2.9235
3.03366
2.80641
2.81677
2.76126
2.61424
2.56679
2.62371
2.68096
2.7775
2.77535
2.82307
2.68097
2.74857
2.72263
2.91672
2.90899
2.80558
3.03476
-3.03852
-2.87916
3.12835
2.8825
2.82155
2.69677
2.71894
2.63273
2.62123
2.59537
2.55065
2.61457
2.53644
2.54206
2.46022
2.41106
2.39942
2.38417
2.29791
2.37195
2.22174
2.14214
2.14925
2.14459
2.2857
2.24821
2.1751
2.14749
2.13062
2.13947
2.12416
2.15858
2.19099
2.15606
2.02974
2.01332
1.9812
1.99695
1.95883
1.93794
1.94011
1.90242
1.88522
1.93389
1.78033
1.87348
1.92724
1.93618
1.9345
1.9706
2.11303
2.01916
1.88771
1.96105
1.99281
1.93357
1.83867
1.80702
1.839
1.89375
1.98797
2.02124
1.99156
1.92492
1.99799
2.11932
2.10683
2.28971
2.4295
2.33142
2.13024
2.10266
2.20338
2.34155
2.35354
2.18084
2.20116
2.23143
2.17637
1.93615
1.821
1.88009
1.99633
1.98398
1.97096
2.02389
1.97376
1.86228
2.00304
1.91919
1.92379
1.92506
1.86259
1.79197
1.90323
1.92011
1.86492
1.96447
2.00356
2.00609
2.0156
2.05285
1.95683
1.97695
2.01191
1.96716
1.97849
1.98287
1.93314
1.92841
1.87887
1.75179
1.79354
1.68791
1.63033
1.63191
1.57999
1.56801
1.65281
1.5967
1.57697
1.52397
1.66418
1.68637
1.61041
1.5292
1.53314
1.48225
1.57458
1.60264
1.59594
1.67344
1.56865
1.60043
1.66575
1.73311
1.65703
1.6627
1.61177
1.62578
1.70189
1.88175
1.91707
2.01378
2.07681
2.17859
2.44081
2.39999
2.36068
2.40218
2.40964
2.55085
2.61659
2.52751
2.57394
2.52325
2.49086
2.59192
2.56887
2.55586
2.44004
2.57032
2.47926
2.48541
2.47717
2.41779
2.34401
2.28047
2.36982
2.29024
2.22206
2.33699
2.41808
2.52099
2.49195
2.59099
2.6158
2.68972
2.64904
2.6314
2.68613
2.77979
2.79719
2.83192
2.90617
2.95887
2.97045
3.07252
3.06867
2.96817
3.00822
3.06443
3.00742
2.88756
3.09309
-3.11797
-3.04664
-3.01951
-2.90971
-2.81257
-2.84416
-2.77805
-2.79113
-2.87539
-2.80862
-2.70593
-2.74056
-2.75977
-2.68943
-2.69074
-2.71253
-2.6056
-2.65638
-2.76796
-2.75391
-2.7389
-2.68193
-2.66262
-2.69453
-2.64845
-2.75246
-2.69319
-2.60111
-2.62295
-2.67158
-2.6686
-2.67891
-2.69434
-2.65396
-2.60629
-2.46595
-2.48968
-2.42092
-2.47824
-2.45339
-2.38383
-2.25498
-2.27513
-2.31644
-2.27127
-2.21432
-2.26571
-2.25916
-2.31855
-2.34968
-2.34315
-2.3136
-2.18166
-2.13977
-2.08795
-2.00776
-2.12272
-2.21359
-2.19958
-2.12717
-2.17438
-2.17659
-2.14385
-2.08706
-1.96676
-1.97184
-2.00999
-1.9464
-1.92717
-1.92653
-1.89237
-1.74441
-1.74148
-1.70343
-1.67235
-1.7611
-1.82044
-1.90302
-1.82191
-1.76719
-1.75448
-1.72544
-1.62424
-1.75559
-1.7351
-1.81048
-1.74408
-1.71885
-1.72876
-1.79975
-1.87717
-2.01609
-2.12958
-2.1974
-2.23546
-2.16345
-2.11824
-2.1509
-2.15822
-2.24049
-2.13782
-2.15181
-2.17282
-2.13977
-1.99299
-2.03081
-1.98198
-2.03015
-1.98453
-1.88295
-1.86317
-1.93397
-1.9437
-1.89059
-1.80257
-1.88035
-2.00032
-2.01985
-2.07925
-1.92644
-1.93674
-2.10985
-2.24289
-2.33562
-2.46656
-2.65658
-2.47125
-2.41504
-2.38534
-2.44846
-2.3856
-2.3686
-2.36617
-2.35502
-2.26528
-2.28919
-2.23034
-2.25238
-2.21888
-2.24313
-2.22209
-2.32593
-2.29664
-2.31094
-2.32597
-2.37616
-2.39937
-2.46296
-2.49663
-2.49573
-2.41447
-2.32679
-2.25845
-2.27322
-2.23707
-2.18893
-2.23477
-2.2181
-2.22893
-2.26562
-2.22274
-2.20544
-2.16958
-2.16288
-2.23737
-2.21345
-2.2136
-2.29368
-2.34829
-2.42365
-2.42665
-2.46388
-2.50929
-2.51221
-2.51484
-2.50978
-2.38152
-2.40455
-2.43763
-2.42008
-2.48969
-2.47239
-2.50205
-2.5293
-2.60368
-2.58093
-2.58448
-2.61985
-2.62218
-2.63046
-2.60279
-2.6351
-2.60663
-2.5705
-2.60262
-2.63511
-2.65109
-2.70513
-2.60358
-2.64799
-2.6416
-2.67926
-2.64
-2.5902
-2.68588
-2.59161
-2.72998
-2.7127
-2.85302
-2.74008
-2.86552
-2.86622
-3.01692
-3.00176
-3.08574
-3.04595
-2.96042
-2.84494
-2.81417
-2.84248
-2.75134
-2.80045
-2.84404
-2.89864
-2.8197
-2.88164
-2.77726
-2.70995
-2.63646
-2.80592
-2.89339
-2.96623
-3.13958
3.09763
-3.05427
3.04174
-3.12426
-2.86896
-2.74419
2.79046
3.12638
-3.09858
3.13439
-3.07011
2.74683
2.49383
2.52503
2.5429
2.24476
2.36121
2.24239
2.10501
1.95222
1.9989
1.93459
2.02942
1.93825
1.99791
2.02809
2.1233
2.14111
2.16386
2.06109
2.09513
2.25084
2.54495
2.89386
3.03348
3.02966
3.07003
3.04931
3.07575
2.89578
3.07874
2.89199
3.01351
2.96369
2.91631
2.95779
2.98307
2.96486
2.93434
2.92383
2.79678
2.84034
2.72869
2.75422
2.81131
2.81779
2.8366
2.84031
2.91536
2.81478
2.85379
2.74925
2.60919
2.48313
2.42533
2.35572
2.38648
2.51267
2.51972
2.52598
2.4522
2.58241
2.52001
2.56455
2.57106
2.56367
2.45736
2.51423
2.56159
2.61906
2.7563
2.91409
2.78124
2.76998
2.71471
2.85105
2.79161
2.83874
2.76991
2.79172
2.71811
2.73722
2.64296
2.59589
2.59974
2.57334
2.62695
2.59172
2.7315
2.82875
2.6901
2.55479
2.60204
2.65332
2.77765
2.758
2.8046
2.83991
2.86942
2.90076
2.95189
2.99747
3.09441
3.12644
3.07884
-3.07618
3.14103
-3.10703
-3.02817
-2.99388
-3.00326
-3.01254
-2.91784
-3.03698
-3.00601
-2.97331
-2.98034
-2.89756
-2.89457
-2.78112
-2.80732
-2.73216
-2.7607
-2.70855
-2.63824
-2.63711
-2.68372
-2.67897
-2.71529
-2.80052
-2.82816
-2.87558
-2.84992
-2.89261
-3.00368
-2.84088
-2.71379
-2.71745
-2.62601
-2.67087
-2.38396
-2.48243
-2.36641
-2.36944
-2.15405
-2.10386
-1.96335
-2.12031
-2.23484
-2.27361
-2.50032
-2.52423
-2.57592
-2.54405
-2.61287
-2.56269
-2.55265
-2.52858
-2.4823
-2.45542
-2.42502
-2.41907
-2.50944
-2.52861
-2.53832
-2.53583
-2.52874
-2.50431
-2.53725
-2.48829
-2.49357
-2.4093
-2.39675
-2.27834
-2.09655
-1.92928
-1.77103
-1.90569
-2.04373
-1.93824
-1.89543
-2.08484
-2.04553
-2.17054
-2.20866
-2.1934
-2.3578
-2.29745
-2.25779
-2.19193
-2.1951
-2.26462
-2.32182
-2.27323
-2.35545
-2.38681
-2.33084
-2.35589
-2.29491
-2.25071
-2.16924
-2.31437
-2.38187
-2.39718
-2.46813
-2.41344
-2.51474
-2.51771
-2.62283
-2.49347
-2.54
-2.6135
-2.52674
-2.48795
-2.45702
-2.46178
-2.44011
-2.39111
-2.23408
-2.29608
-2.27424
-2.13455
-2.07346
-1.96251
-1.89259
-1.92731
-2.01897
-1.86434
-1.69177
-1.52191
-1.4276
-1.30445
-1.38485
-1.44759
-1.54998
-1.48446
-1.50506
-1.30836
-1.10321
-1.33557
-1.29338
-1.33881
-1.22999
-1.22614
-1.30516
-1.16029
-1.078
-1.07714
-0.998918
-0.890684
-0.977122
-1.09707
-0.982701
-1.0683
-1.09199
-1.12458
-1.31753
-1.16526
-1.10816
-1.15338
-0.991856
-0.984233
-1.44263
-1.32548
-1.70327
-1.70267
-1.70857
-1.79889
-1.77178
-1.76312
-1.81477
-1.67784
-1.40557
-1.16491
-1.29885
-1.43058
-1.54463
-1.65576
-1.62705
-1.54049
-1.3778
-1.46901
-1.28624
-1.3304
-1.31684
-1.12695
-1.05882
-1.09075
-1.1453
-0.953218
-1.0205
-1.07176
-0.936885
-0.849642
-0.797086
-0.869659
-0.836554
-0.788987
-0.837463
-0.891992
-1.04797
-1.1635
-1.24564
-1.38843
-1.41022
-1.57968
-1.64579
-1.52709
-1.66529
-1.67117
-1.77528
-1.75019
-1.73369
-1.67525
-1.63849
-1.61717
-1.62582
-1.64625
-1.66492
-1.51745
-1.57004
-1.60435
-1.55925
-1.60181
-1.64346
-1.6168
-1.56635
-1.64225
-1.61016
-1.67074
-1.58378
-1.53289
-1.61487
-1.54777
-1.59034
-1.48961
-1.59042
-1.68483
-1.72893
-1.73264
-1.84921
-1.85595
-1.90356
-1.83687
-1.82477
-1.87005
-1.82855
-1.84619
-1.74479
-1.90021
-1.90924
-1.84443
-1.68386
-1.45094
-1.40572
-1.33207
-1.31993
-1.19396
-1.04547
-1.00395
-1.17324
-1.00683
-0.703285
-0.362269
-0.17076
-0.254657
-0.431377
-0.677365
-0.562748
-0.687085
-0.636054
-0.862648
-0.573492
-0.716137
-0.881331
-1.01851
-1.10558
-0.99864
-0.971433
-1.05633
-1.07405
-0.986355
-0.846916
-0.679987
-0.772856
-0.929037
-0.830573
-0.688705
-0.803989
-0.942765
-0.931143
-0.907676
-0.834248
-0.742935
-0.468462
-0.420714
-0.316767
-0.288053
-0.31978
-0.334844
-0.299025
-0.327437
-0.116527
-0.122863
-0.158075
-0.368001
-0.413414
-0.466781
-0.407345
-0.312051
-0.24941
-0.318015
-0.32524
-0.423758
-0.268246
-0.315519
-0.188135
-0.175263
-0.11697
-0.0843072
-0.119699
-0.198843
-0.264032
-0.149197
-0.239474
-0.306249
-0.385125
-0.409415
-0.440492
-0.379289
-0.304804
-0.340589
-0.301419
-0.35062
-0.44665
-0.519507
-0.459646
-0.449144
-0.47701
-0.403901
-0.350384
-0.420532
-0.427358
-0.391599
-0.426366
-0.414476
-0.40674
-0.328682
-0.269792
-0.305176
-0.30418
-0.311586
-0.339004
-0.319964
-0.354342
-0.313761
-0.365954
-0.421409
-0.420096
-0.417005
-0.390708
-0.388264
-0.408241
-0.312634
-0.309597
-0.328344
-0.321144
-0.341084
-0.336167
-0.391901
-0.403794
-0.372766
-0.472945
-0.443127
-0.402837
-0.420721
-0.409825
-0.377774
-0.43814
-0.429333
-0.453538
-0.54872
-0.587282
-0.573141
-0.595485
-0.597994
-0.647476
-0.655942
-0.613211
-0.581427
-0.659122
-0.757893
-0.714698
-0.741388
-0.711075
-0.686306
-0.652396
-0.593468
-0.54783
-0.550577
-0.574457
-0.533164
-0.475115
-0.474224
-0.509169
-0.445568
-0.395217
-0.466101
-0.554774
-0.533381
-0.468271
-0.445244
-0.405631
-0.427812
-0.531771
-0.547181
-0.624573
-0.51093
-0.472104
-0.456484
-0.472565
-0.499002
-0.488754
-0.588948
-0.610055
-0.636691
-0.535397
-0.619943
-0.576797
-0.543109
-0.586805
-0.797523
-0.784472
-0.762287
-0.758569
-0.743569
-0.863506
-0.954852
-0.892397
-0.961875
-0.917096
-0.910005
-0.848794
-0.838495
-0.795549
-0.81488
-0.958971
-0.95739
-1.04492
-0.964297
-0.917423
-0.903768
-0.956157
-0.867525
-0.874462
-0.849521
-0.857079
-0.760749
-0.689103
-0.782768
-0.702559
-0.686827
-0.700335
-0.680462
-0.681369
-0.743167
-0.836348
-0.91002
-0.874654
-0.864661
-0.81145
-0.805407
-0.742254
-0.699208
-0.568462
-0.504985
-0.541037
-0.531625
-0.506176
-0.470176
-0.56468
-0.562381
-0.452977
-0.482019
-0.482282
-0.551214
-0.513624
-0.370587
-0.403668
-0.421337
-0.476374
-0.438482
-0.398281
-0.36398
-0.341172
-0.403346
-0.459071
-0.536182
-0.482732
-0.526416
-0.608097
-0.621528
-0.661658
-0.756774
-0.778808
-0.889425
-1.01908
-1.05726
-1.07004
-1.02585
-1.32969
-1.15851
-1.20454
-1.17379
-1.32174
-1.27043
-1.20672
-1.45239
-1.6505
-1.81243
-1.60512
-1.26783
-1.36474
-1.40574
-1.47513
-1.34646
-1.53479
-1.66078
-1.83924
-2.07451
-2.13062
-2.05902
-2.12227
-2.10734
-1.96584
-1.82039
-1.68273
-1.75102
-1.84954
-1.82086
-1.78848
-1.91148
-1.94144
-1.93838
-1.87087
-1.93009
-1.85762
-1.84947
-1.90071
-1.92138
-1.93635
-1.76281
-1.7683
-1.72612
-1.5928
-1.48655
-1.60752
-1.69849
-1.72089
-1.58544
-1.49208
-1.55397
-1.51782
-1.56473
-1.57953
-1.55378
-1.65928
-1.72931
-1.71428
-1.86741
-1.97892
-1.94293
-2.05697
-2.04095
-2.17796
-2.04766
-2.35957
-2.17058
-2.22959
-2.18407
-2.32984
-2.36493
-2.37808
-2.38628
-2.46806
-2.43703
-2.43702
-2.34022
-2.24764
-2.39984
-2.41148
-2.42218
-2.43472
-2.55986
-2.6401
-2.7037
-2.59666
-2.47548
-2.52263
-2.57962
-2.43235
-2.30383
-2.39825
-2.2825
-2.34507
-2.349
-2.47143
-2.47603
-2.33752
-2.3757
-2.34359
-2.4474
-2.50505
-2.59574
-2.62333
-2.52572
-2.56896
-2.53229
-2.3975
-2.30009
-2.33467
-2.29767
-2.4048
-2.3995
-2.53079
-2.42771
-2.48175
-2.51475
-2.43004
-2.37618
-2.39705
-2.37091
-2.42693
-2.42515
-2.45081
-2.48021
-2.52147
-2.37834
-2.70035
-2.52753
-2.57717
-2.59152
-2.58595
-2.70151
-2.77332
-2.77695
-2.77863
-2.65251
-2.62413
-2.47303
-2.48872
-2.4136
-2.29873
-2.29584
-2.23743
-2.30588
-2.22898
-2.14957
-2.21748
-2.1954
-2.23067
-2.23321
-2.25459
-2.19963
-2.31044
-2.27224
-2.30885
-2.27664
-2.30516
-2.31721
-2.33428
-2.24156
-2.21578
-2.14816
-2.10976
-2.13706
-2.07162
-2.05328
-2.10964
-2.04177
-2.00578
-2.05616
-1.97726
-1.91466
-1.94013
-1.99071
-1.98781
-1.96555
-1.99049
-2.07686
-2.04499
-2.10214
-2.10963
-2.19357
-2.20693
-2.09421
-2.03744
-2.06249
-2.01199
-1.99978
-2.01002
-2.06488
-2.06898
-2.01265
-2.02461
-1.96153
-1.83163
-1.79056
-1.83012
-1.7924
-1.80418
-1.82767
-1.82952
-1.82668
-1.80363
-1.83492
-1.83301
-1.80207
-1.81732
-1.79579
-1.84368
-1.83894
-1.93405
-1.95421
-1.90308
-1.9033
-1.98298
-1.98702
-1.94114
-1.9429
-1.94804
-1.97128
-1.97615
-1.97448
-1.96611
-1.92061
-1.89761
-1.88386
-1.80191
-1.76445
-1.76491
-1.77964
-1.72291
-1.76131
-1.64629
-1.61912
-1.73828
-1.68375
-1.66738
-1.75239
-1.70354
-1.65506
-1.63896
-1.62939
-1.66074
-1.55591
-1.52164
-1.50626
-1.52332
-1.5595
-1.66047
-1.71871
-1.79441
-1.73887
-1.87313
-1.86538
-1.86163
-1.76565
-1.81209
-1.74434
-1.72709
-1.75303
-1.6914
-1.66516
-1.58781
-1.64867
-1.62821
-1.52567
-1.5762
-1.54954
-1.55854
-1.52553
-1.5365
-1.58837
-1.65879
-1.65268
-1.6459
-1.65098
-1.71805
-1.83036
-1.87781
-1.99982
-1.92415
-1.88797
-1.89819
-1.85093
-1.84171
-1.84465
-1.97974
-1.86435
-1.8446
-1.85582
-1.86688
-1.91916
-1.91238
-1.95727
-1.88245
-1.80503
-1.84272
-1.94792
-2.04083
-1.9613
-1.88134
-2.07329
-2.06129
-2.09547
-2.14364
-2.16628
-2.23246
-2.31354
-2.48058
-2.4647
-2.46173
-2.37788
-2.31363
-2.33265
-2.20543
-2.34352
-2.32949
-2.28633
-2.3218
-2.2552
-2.209
-2.25609
-2.39564
-2.27748
-2.13249
-1.98817
-1.93214
-1.80407
-1.72757
-1.71472
-1.6046
-1.50925
-1.48692
-1.54853
-1.618
-1.79232
-1.6545
-1.49841
-1.36417
-1.26892
-1.16278
-0.95495
-0.934856
-0.897794
-0.850247
-0.907596
-0.72773
-0.646981
-0.735586
-0.521221
-0.590529
-0.685023
-0.740675
-0.725871
-0.844326
-0.799844
-0.823875
-0.785
-0.72797
-0.732046
-0.715745
-0.505959
-0.325494
-0.415827
-0.429694
-0.337083
-0.318608
-0.23966
-0.202559
-0.26078
-0.291153
-0.286311
-0.353755
-0.360729
-0.368011
-0.451004
-0.550319
-0.613963
-0.707297
-0.660485
-0.665998
-0.656039
-0.601515
-0.526256
-0.482894
-0.415025
-0.447645
-0.486776
-0.551703
-0.504266
-0.440794
-0.387085
-0.43662
-0.520556
-0.566201
-0.622804
-0.587307
-0.674474
-0.755226
-0.785899
-0.911283
-1.03669
-0.967702
-1.0429
-1.00463
-0.946928
-0.986607
-1.03877
-1.00013
-1.00739
-1.07547
-1.19274
-1.2334
-1.33485
-1.25166
-1.27868
-1.22085
-1.33643
-1.39523
-1.42068
-1.43384
-1.50904
-1.51297
-1.57075
-1.51065
-1.43671
-1.38677
-1.3521
-1.30472
-1.32059
-1.40811
-1.36238
-1.46577
-1.43243
-1.38354
-1.37194
-1.37556
-1.35229
-1.30775
-1.27541
-1.19856
-1.12062
-1.07229
-1.16709
-1.07367
-1.12117
-1.28167
-1.39278
-1.30816
-1.36344
-1.34287
-1.27472
-1.17036
-1.20221
-1.03233
-1.05115
-1.09951
-1.09676
-1.19944
-1.4286
-1.39635
-1.39702
-1.33187
-1.23508
-1.30734
-1.36846
-1.31536
-1.36256
-1.50314
-1.48744
-1.49507
-1.34925
-1.38595
-1.38353
-1.54673
-1.52001
-1.25387
-1.29655
-1.25732
-1.34755
-1.35796
-1.50553
-1.37002
-1.38234
-1.47038
-1.44001
-1.23428
-1.18383
-1.22002
-1.19075
-1.09028
-1.21882
-1.21618
-1.23769
-1.18476
-1.17417
-1.21999
-1.26739
-1.19653
-1.28389
-1.34383
-1.26009
-1.34824
-1.262
-1.3579
-1.3882
-1.38514
-1.35482
-1.36475
-1.33927
-1.3708
-1.30795
-1.40407
-1.35653
-1.35742
-1.35802
-1.27488
-1.25339
-1.21825
-1.22148
-1.16751
-1.07775
-1.07461
-1.07636
-1.03893
-1.04252
-1.05239
-0.924218
-0.973771
-1.01826
-1.00355
-1.01356
-0.987323
-0.914792
-0.886035
-0.851646
-0.882378
-0.895896
-0.975777
-0.933337
-0.954127
-0.940528
-0.938757
-0.939463
-0.951056
-0.946779
-0.918083
-0.945941
-0.943073
-0.952208
-0.9444
-0.873704
-0.828639
-0.84478
-0.86959
-0.919367
-0.890224
-0.924517
-0.9777
-0.970027
-1.04055
-1.05933
-1.07196
-1.04223
-1.10425
-1.11247
-1.09786
-1.14084
-1.10439
-1.11303
-1.10699
-1.08221
-1.14808
-1.16432
-1.17715
-1.1593
-1.17111
-1.204
-1.22288
-1.26425
-1.30256
-1.25835
-1.38776
-1.28089
-1.24201
-1.28231
-1.26515
-1.23658
-1.22541
-1.1853
-1.15066
-1.17469
-1.15073
-1.08402
-1.18829
-1.251
-1.18891
-1.17881
-1.19763
-1.19042
-1.1757
-1.18884
-1.26922
-1.2209
-1.21127
-1.12523
-1.1258
-1.10223
-1.05977
-1.03403
-1.01536
-1.05559
-0.942767
-0.83284
-0.879541
-0.895685
-0.928801
-0.852488
-0.858217
-0.81872
-0.947693
-0.915628
-0.684436
-0.68381
-0.703058
-0.770463
-0.797477
-0.765813
-0.534236
-0.604043
-0.683941
-0.506317
-0.423882
-0.576609
-0.522202
-0.56623
-0.552582
-0.679944
-0.643014
-0.747134
-0.922226
-0.912061
-0.813589
-0.845875
-0.678907
-0.713992
-0.731458
-0.709647
-0.739252
-0.839139
-0.937512
-0.902655
-0.781968
-0.707709
-0.570809
-0.667355
-0.803398
-0.786958
-0.595
-0.631343
-0.625078
-0.499509
-0.504066
-0.401815
-0.469564
-0.326878
-0.316382
-0.393609
-0.473504
-0.414718
-0.515907
-0.59755
-0.663345
-0.698861
-0.549575
-0.520617
-0.49218
-0.482825
-0.452905
-0.407794
-0.386905
-0.292631
-0.314921
-0.270964
-0.248787
-0.262604
-0.223995
-0.0975695
-0.123317
-0.168129
-0.0561955
-0.0686285
-0.0733641
-0.0488723
-0.13447
-0.106646
-0.0520681
0.0898964
-0.00673809
0.0824048
0.0814933
0.0648444
0.0806255
0.055059
0.103745
0.00042875
0.00482535
0.100198
0.00463619
-0.0186977
-0.0927568
-0.0721501
0.0212127
-0.0100693
0.0356107
0.129298
0.0232876
-0.0385547
-0.113633
-0.124016
-0.152211
-0.0813562
0.206271
0.092038
0.285006
0.561466
0.677534
0.769558
0.733593
0.873143
0.924076
0.867159
1.06936
0.957004
0.999136
1.05261
0.903395
0.916037
0.965472
0.703764
0.783496
0.780586
0.570308
0.648918
0.633794
0.716365
0.831578
0.653625
0.518934
0.792892
0.664553
0.702169
0.539453
0.368174
0.28418
0.315444
0.285307
0.130103
-0.0613232
-0.0515535
-0.263893
-0.256242
-0.383596
-0.271193
-0.00185285
0.162743
0.169455
0.222658
0.292948
0.374921
0.497924
0.362868
0.35006
0.390687
0.469167
0.464807
0.585994
0.470683
0.569081
0.585002
0.612452
0.459705
0.453102
0.462107
0.3304
0.442365
0.264915
0.40934
0.330521
0.334588
0.197722
0.247832
0.177373
0.267372
0.293249
0.200963
0.122627
0.0852768
0.139048
0.232699
0.0391441
0.0128772
-0.0707487
-0.143151
-0.161429
-0.113792
-0.149691
0.044812
-0.0702679
-0.208529
-0.0955765
-0.003315
0.0513425
0.352466
0.279561
0.167082
0.219762
0.236306
0.207271
0.185793
0.116157
0.0744946
0.112662
0.135694
0.163909
0.144128
0.122937
0.0377956
0.0626264
0.146768
0.0812059
0.0194052
-0.0410822
-0.074377
-0.0731974
-0.0922046
-0.071183
-0.169379
-0.125645
-0.144032
-0.241438
-0.173961
-0.151881
-0.178251
-0.144993
-0.259225
-0.355153
-0.423853
-0.328555
-0.360393
-0.327594
-0.34773
-0.457173
-0.592611
-0.712938
-0.753708
-0.866949
-0.820912
-0.746543
-0.721199
-0.757297
-0.781373
-0.68201
-0.700153
-0.772169
-0.807182
-0.841644
-0.830784
-0.867014
-0.904312
-0.954179
-1.00273
-0.954791
-0.937422
-0.949281
-0.951329
-0.986908
-0.985112
-0.930631
-0.830344
-0.843014
-0.82451
-0.870981
-0.839276
-0.893939
-0.894719
-0.815123
-0.865498
-0.911437
-0.881489
-0.968124
-1.04723
-1.05739
-1.01536
-1.1162
-1.11312
-1.15895
-1.06963
-1.04469
-1.12558
-1.11771
-1.16981
-1.2189
-1.28313
-1.24969
-1.28875
-1.26191
-1.31915
-1.28972
-1.32357
-1.43224
-1.48957
-1.46088
-1.53055
-1.4885
-1.53857
-1.50443
-1.48527
-1.45146
-1.47088
-1.57079
-1.56609
-1.56336
-1.56577
-1.54496
-1.49396
-1.45082
-1.49597
-1.4747
-1.45404
-1.47927
-1.45446
-1.46745
-1.43408
-1.45314
-1.39847
-1.30438
-1.21542
-1.22616
-1.31468
-1.40255
-1.38146
-1.5548
-1.43552
-1.44455
-1.52187
-1.50775
-1.60631
-1.65011
-1.60835
-1.59036
-1.65216
-1.69612
-1.67252
-1.79328
-1.78959
-1.77928
-1.71534
-1.63882
-1.58427
-1.57089
-1.52465
-1.45847
-1.48778
-1.53346
-1.45321
-1.42416
-1.40807
-1.39003
-1.41573
-1.39863
-1.41305
-1.4888
-1.45824
-1.45308
-1.47077
-1.51881
-1.52347
-1.50989
-1.6019
-1.53493
-1.53601
-1.55108
-1.48522
-1.48552
-1.46936
-1.42252
-1.50011
-1.52233
-1.48558
-1.48383
-1.38393
-1.41446
-1.42942
-1.46833
-1.35519
-1.37548
-1.35874
-1.37789
-1.43065
-1.40939
-1.47407
-1.35918
-1.33161
-1.22355
-1.2145
-1.16689
-1.17196
-1.1292
-1.07036
-1.12299
-1.06556
-1.0085
-1.04135
-1.01351
-0.974344
-0.995312
-1.02916
-1.10494
-1.09151
-1.13524
-1.11707
-1.14428
-1.14381
-1.09784
-1.12919
-1.17918
-1.21227
-1.14493
-1.14735
-1.17936
-1.13212
-1.11484
-1.04263
-1.00641
-1.00808
-0.962986
-0.981233
-0.996211
-1.0333
-0.98287
-0.967265
-0.830556
-0.857935
-0.918086
-0.951272
-0.89356
-0.914184
-0.896807
-0.895136
-0.851372
-0.722931
-0.709992
-0.776194
-0.754611
-0.7798
-0.760609
-0.708702
-0.857319
-0.868256
-0.91356
-0.891314
-0.862703
-0.901971
-0.818056
-0.709966
-0.732917
-0.680198
-0.628763
-0.532435
-0.46749
-0.497929
-0.468036
-0.448776
-0.464626
-0.447542
-0.442407
-0.4435
-0.443308
-0.439401
-0.38287
-0.411887
-0.37459
-0.449439
-0.461326
-0.44805
-0.511296
-0.567958
-0.510737
-0.569635
-0.57673
-0.530189
-0.551724
-0.484953
-0.568499
-0.594868
-0.572238
-0.521582
-0.502373
-0.460475
-0.501346
-0.448439
-0.503136
-0.451143
-0.481302
-0.46196
-0.35983
-0.379406
-0.393732
-0.454292
-0.504804
-0.518183
-0.510462
-0.529308
-0.43271
-0.364304
-0.328756
-0.30346
-0.301025
-0.200142
-0.196559
-0.211372
-0.210826
-0.158662
-0.215406
-0.266681
-0.310542
-0.283757
-0.233003
-0.268907
-0.318809
-0.284461
-0.316263
-0.33989
-0.310861
-0.342253
-0.324723
-0.289616
-0.25786
-0.322086
-0.275831
-0.263338
-0.266447
-0.303753
-0.244492
-0.274324
-0.218651
-0.242581
-0.204811
-0.301332
-0.298424
-0.279601
-0.31745
-0.345075
-0.37362
-0.323693
-0.297595
-0.305842
-0.31182
-0.336045
-0.276432
-0.223258
-0.321028
-0.33718
-0.349611
-0.369105
-0.43883
-0.450811
-0.437497
-0.409944
-0.33159
-0.416858
-0.295934
-0.243228
-0.228898
-0.170476
-0.107122
-0.159003
-0.198117
-0.0908555
-0.114703
-0.12093
-0.134278
-0.135317
-0.065623
-0.0213845
-0.0108594
-0.0847901
-0.0676947
-0.0583234
-0.0356885
-0.0865686
-0.0474138
-0.10755
-0.0674035
-0.0332126
0.0706779
0.0346785
0.00699816
-0.0987036
-0.114095
-0.055357
-0.119979
-0.0866401
-0.139494
-0.133695
-0.165537
-0.126345
-0.0555577
-0.136353
-0.117938
-0.193553
-0.175272
-0.16022
-0.154678
-0.129294
-0.149003
-0.113604
-0.0746958
-0.102553
-0.12464
-0.143164
-0.190262
-0.252529
-0.259686
-0.241884
-0.279635
-0.28116
-0.245784
-0.273517
-0.206232
-0.146199
-0.0839156
0.013472
0.108566
0.0708558
0.0647226
0.0486355
0.0852651
0.0214544
0.0457552
0.0449848
0.0836449
0.0925678
0.111926
0.152144
0.14702
0.176342
0.162416
0.151781
0.175649
0.173348
0.190523
0.2654
0.172544
0.202131
0.186955
0.215474
0.294443
0.243644
0.195828
0.154322
0.193018
0.16187
0.211346
0.161678
0.117707
0.166247
0.153864
0.108014
0.0828362
0.040175
0.0335195
0.042092
0.0411353
0.0318684
0.0322451
0.0698662
0.0508239
0.0954096
0.108671
0.116795
0.119457
0.0977507
0.110989
0.196588
0.179148
0.213113
0.270566
0.26991
0.302391
0.295585
0.34154
0.272852
0.270522
0.200306
0.237091
0.211384
0.179597
0.144327
0.0883097
0.0302132
0.00217846
5.60304e-05
-0.025562
-0.00972818
-0.0304158
0.0227956
0.00978589
0.0449921
0.00845314
-0.0141329
-0.035874
-0.0334499
-0.0355701
-0.0251384
-0.0204707
-0.0105116
-0.0416776
-0.0717869
-0.0876742
-0.119864
-0.0833479
-0.0800253
-0.107896
-0.0890651
-0.0422863
-0.0219172
-0.06495
-0.0885132
-0.0651576
-0.0447825
-0.0613332
-0.00560569
-0.0339479
-0.0616656
-0.0503816
-0.0538884
-0.0134792
-0.0222041
-0.0110174
0.0320694
0.04173
0.0603036
0.00999388
0.0417097
0.0601689
0.0634813
0.0630849
0.11715
0.118502
0.104163
0.119804
0.0829177
0.0702437
0.0846432
0.111979
0.0877877
0.0551153
0.0362026
0.0347313
0.00211523
-0.00369191
0.015695
-0.023248
-0.0178431
0.0558166
0.00724519
0.0283715
0.0531346
0.0731144
0.0281173
-0.0209376
-0.0011175
-0.0852837
-0.110545
-0.178038
-0.201777
-0.225088
-0.226716
-0.218223
-0.164896
-0.150982
-0.148943
-0.171005
-0.155711
-0.230538
-0.192656
-0.178208
-0.202473
-0.225934
-0.192191
-0.251793
-0.232364
-0.25136
-0.242823
-0.247147
-0.216193
-0.180141
-0.191095
-0.156271
-0.0961458
-0.0757007
-0.07985
-0.0834118
-0.0945086
-0.0699462
-0.0558827
-0.0610609
-0.0624915
-0.0916259
-0.105374
-0.103031
-0.0886286
-0.171795
-0.157137
-0.165833
-0.180597
-0.150343
-0.116941
-0.108994
-0.147417
-0.123426
-0.148624
-0.112806
-0.0914475
-0.0956823
-0.0947832
-0.0749135
-0.0726325
-0.072786
-0.0779479
-0.0699853
-0.0424151
-0.0486983
0.00807699
0.0519632
0.0895423
0.0708746
0.0260238
0.0340456
0.0502465
0.0606003
0.0652666
0.0917863
0.121305
0.127199
0.0847171
0.10982
0.13103
0.172273
0.164772
0.17484
0.127797
0.189886
0.249294
0.228509
0.247011
0.24704
0.222127
0.275322
0.302015
0.343285
0.357892
0.423941
0.454009
0.464882
0.464689
0.45168
0.483189
0.480415
0.48632
0.495603
0.532876
0.505095
0.499922
0.465915
0.448151
0.448073
0.438881
0.43124
0.424137
0.447197
0.466591
0.478032
0.484683
0.485935
0.485262
0.471829
0.440502
0.445153
0.470264
0.454547
0.395603
0.403556
0.390178
0.316328
0.301817
0.308372
0.281765
0.244138
0.234908
0.2638
0.279545
0.271604
0.277973
0.306009
0.302744
0.329396
0.322257
0.291799
0.320315
0.3043
0.332278
0.333486
0.310399
0.288416
0.284707
0.269761
0.242342
0.242894
0.201166
0.228828
0.20858
0.228555
0.23353
0.238601
0.232194
0.218049
0.209621
0.249371
0.255595
0.26288
0.251252
0.276137
0.264401
0.257495
0.260281
0.263716
0.244398
0.262654
0.276244
0.284954
0.306552
0.300428
0.327865
0.347438
0.321674
0.333854
0.319259
0.343224
0.338054
0.383282
0.365523
0.36549
0.370733
0.383397
0.386226
0.401909
0.406913
0.379979
0.372695
0.407614
0.417664
0.444435
0.452224
0.484626
0.500197
0.496868
0.508372
0.505839
0.509335
0.516143
0.51224
0.500102
0.487401
0.484402
0.474666
0.459822
0.443048
0.450648
0.436038
0.412872
0.425003
0.398106
0.387487
0.398324
0.38762
0.384571
0.383024
0.379032
0.400215
0.399751
0.372688
0.354781
0.350837
0.335019
0.32686
0.301699
0.308947
0.323513
0.304159
0.297193
0.314012
0.316227
0.297934
0.281495
0.285944
0.291975
0.294982
0.282271
0.29491
0.285256
0.27999
0.297373
0.293137
0.295302
0.298999
0.282989
0.301828
0.304433
0.302041
0.305657
0.314468
0.331799
0.333636
0.326467
0.317415
0.342894
0.325484
0.319426
0.311755
0.29918
0.287037
0.286693
0.280076
0.275566
0.284128
0.30356
0.293259
0.281927
0.288998
0.2802
0.26301
0.250898
0.271536
0.269578
0.243492
0.26018
0.27059
0.262144
0.270591
0.273721
0.262532
0.270751
0.279998
0.290101
0.286254
0.2696
0.262
0.244701
0.229594
0.237963
0.252481
0.264021
0.252834
0.263668
0.261276
0.259819
0.274883
0.279641
0.272164
0.261158
0.258145
0.232779
0.247046
0.258207
0.269606
0.274615
0.26483
0.274986
0.27286
0.253689
0.251134
0.258899
0.28914
0.306729
0.301664
0.276997
0.240768
0.235779
0.240171
0.257658
0.24499
0.24419
0.236672
0.236509
0.233444
0.223233
0.179361
0.163283
0.161953
0.189844
0.176394
0.155675
0.123399
0.089715
0.071939
0.0631904
0.0728219
0.13191
0.14802
0.153977
0.169492
0.157168
0.171739
0.192867
0.201503
0.229519
0.242356
0.249073
0.294337
0.282537
0.291182
0.303309
0.290756
0.286317
0.241867
0.280285
0.248262
0.254109
0.222529
0.250024
0.2653
0.258939
0.240913
0.231707
0.265908
0.255176
0.254902
0.200967
0.216925
0.253118
0.249283
0.228254
0.214974
0.191059
0.217106
0.237761
0.202797
0.208431
0.179202
0.176998
0.243994
0.26094
0.180191
0.121034
0.128763
0.135143
0.20337
0.227551
0.227273
0.219028
0.191468
0.156103
0.154357
0.161847
0.168722
0.209804
0.20905
0.177226
0.138131
0.113282
0.0918794
0.0850163
0.0863404
0.0903927
0.102871
0.0933677
0.119149
0.0976277
0.0998368
0.10054
0.0758945
0.0438804
0.0177682
0.00503088
-0.0332945
-0.0307652
-0.0565839
-0.0898857
-0.078745
-0.0718941
-0.0633186
-0.0675592
-0.0580116
-0.04425
-0.0640044
-0.0573071
-0.125189
-0.120548
-0.107329
-0.142283
-0.113984
-0.114342
-0.121285
-0.182164
-0.153527
-0.142798
-0.108161
-0.127166
-0.112427
-0.0559352
-0.0628159
-0.0526884
-0.00625856
-0.0358475
-0.0676556
-0.102169
-0.121343
-0.133763
-0.152622
-0.130693
-0.141311
-0.141567
-0.158209
-0.181714
-0.193434
-0.174635
-0.169888
-0.0875682
-0.0827166
-0.105273
-0.125525
-0.164176
-0.188152
-0.189934
-0.108505
-0.0704364
-0.0365612
-0.0267232
-0.0171274
0.0662148
-0.0160734
0.0155771
0.0132894
0.0229362
0.099455
0.0762301
0.114503
0.111656
0.104394
0.0815569
0.0990849
0.0994243
0.0852615
0.0409429
0.0222797
0.054678
0.144579
0.146103
0.19607
0.224543
0.243029
0.217927
0.245094
0.204769
0.204296
0.199414
0.204442
0.233933
0.211494
0.229591
0.153517
0.213215
0.230261
0.288178
0.261733
0.233851
0.172249
0.189
0.264236
0.259705
0.263928
0.277242
0.297655
0.244488
0.252915
0.243624
0.202801
0.289127
0.246401
0.173743
0.209799
0.212852
0.215035
0.205431
0.350476
0.387706
0.386815
0.291788
0.272533
0.247628
0.271701
0.277507
0.246248
0.137394
0.273339
0.322695
0.349535
0.283196
0.308583
0.313894
0.387709
0.438397
0.386528
0.424516
0.445815
0.469405
0.497352
0.470534
0.464253
0.480273
0.507104
0.562396
0.588876
0.700497
0.677273
0.643571
0.610769
0.684169
0.742753
0.751949
0.750441
0.672053
0.657248
0.683199
0.658897
0.645268
0.595639
0.652659
0.622208
0.738805
0.765507
0.844807
0.805875
0.917993
0.939664
1.0444
1.06782
1.06366
1.07138
1.10842
1.06619
1.06259
1.10934
1.16269
1.22731
1.22194
1.27307
1.28299
1.16357
1.17163
1.26656
1.2125
1.1172
1.19743
1.20029
1.13916
1.10491
1.07523
1.06203
1.06221
1.03236
1.02721
1.09779
1.18257
1.20493
1.20748
1.2341
1.19266
1.21879
1.25626
1.28681
1.34189
1.32856
1.33301
1.35954
1.23532
1.20874
1.20765
1.24209
1.26876
1.21878
1.21374
1.22949
1.24517
1.20574
1.19399
1.18211
1.06298
1.0768
1.04412
1.0845
1.03839
1.04699
0.940252
0.979657
1.07258
1.0071
0.992343
0.888759
1.02491
0.985053
1.01325
1.04521
1.0727
0.987132
0.945344
0.967925
0.981211
0.830556
0.906073
0.8841
0.933693
1.09424
1.085
1.10446
1.08039
1.06754
0.917174
0.841863
0.873957
0.808213
0.738259
0.713373
0.871046
0.872109
0.705984
0.561695
0.600007
0.586614
0.543074
0.430703
0.383627
0.379051
0.43912
0.502224
0.474177
0.498831
0.494818
0.513232
0.491521
0.600796
0.597172
0.479523
0.456016
0.377654
0.370898
0.42088
0.36285
0.308167
0.305788
0.278283
0.273787
0.184769
0.197422
0.220306
0.187568
0.162844
-0.0101724
0.012091
0.00392529
-0.0225312
-0.00875426
-0.0137429
0.0425932
0.0488623
0.119969
-0.0150406
-0.0510785
-0.12998
-0.0348137
-0.151477
-0.0736708
-0.135533
-0.158768
-0.0605243
-0.117219
-0.103426
-0.142936
-0.18418
-0.195595
-0.283957
-0.295575
-0.307941
-0.329967
-0.271392
-0.237667
-0.298107
-0.265677
-0.238698
-0.296159
-0.384378
-0.366147
-0.354939
-0.448401
-0.457882
-0.419992
-0.405312
-0.396349
-0.428716
-0.486374
-0.489051
-0.428778
-0.374238
-0.368984
-0.299958
-0.257735
-0.215282
-0.287056
-0.327956
-0.281711
-0.30254
-0.316747
-0.251434
-0.294977
-0.436328
-0.422925
-0.401572
-0.490789
-0.546501
-0.566243
-0.643634
-0.627384
-0.585077
-0.623946
-0.531218
-0.431746
-0.438241
-0.503473
-0.491221
-0.392776
-0.385018
-0.378633
-0.405124
-0.432306
-0.417292
-0.404828
-0.397363
-0.482834
-0.495569
-0.463821
-0.485371
-0.477197
-0.486325
-0.550909
-0.528642
-0.550247
-0.492478
-0.449552
-0.516696
-0.563055
-0.515949
-0.551358
-0.535168
-0.608218
-0.658609
-0.53985
-0.632515
-0.674181
-0.691358
-0.614742
-0.68014
-0.713089
-0.708275
-0.80068
-0.769199
-0.804512
-0.814051
-0.757677
-0.786359
-0.842248
-0.92308
-0.927495
-0.890338
-0.91265
-0.861344
-0.838989
-0.818231
-0.806431
-0.753136
-0.744462
-0.825924
-0.821713
-0.80901
-0.741089
-0.664092
-0.643141
-0.601337
-0.543794
-0.49011
-0.477689
-0.5576
-0.498363
-0.532096
-0.566299
-0.487244
-0.530077
-0.54335
-0.545612
-0.574661
-0.645872
-0.646688
-0.636967
-0.617401
-0.686481
-0.685792
-0.714722
-0.687884
-0.686266
-0.629737
-0.708095
-0.64742
-0.602066
-0.563996
-0.56433
-0.611286
-0.608802
-0.566509
-0.542956
-0.506595
-0.568505
-0.625378
-0.543085
-0.422455
-0.52743
-0.543031
-0.574538
-0.640626
-0.63092
-0.679971
-0.731977
-0.737986
-0.768447
-0.830439
-0.873427
-0.869228
-0.869885
-0.734104
-0.745305
-0.770542
-0.757669
-0.65314
-0.580435
-0.536616
-0.47291
-0.498696
-0.434993
-0.508875
-0.474466
-0.503485
-0.470183
-0.477757
-0.504046
-0.427732
-0.456414
-0.338092
-0.2896
-0.359558
-0.4197
-0.394262
-0.559002
-0.431269
-0.343853
-0.455012
-0.433849
-0.439773
-0.344146
-0.31708
-0.299734
-0.348946
-0.340239
-0.397512
-0.373154
-0.285477
-0.253876
-0.303795
-0.279956
-0.29238
-0.314917
-0.290485
-0.28354
-0.315685
-0.237781
-0.22877
-0.34417
-0.335248
-0.232901
-0.219073
-0.251826
-0.253547
-0.298502
-0.377127
-0.292312
-0.277017
-0.19781
-0.220872
-0.112523
-0.161059
-0.276289
-0.292046
-0.325086
-0.298935
-0.389853
-0.322759
-0.294299
-0.260066
-0.102061
-0.109255
-0.100023
-0.181271
-0.037121
-0.173972
-0.0267035
-0.107207
-0.276429
-0.547461
-0.516145
-0.444776
-0.482852
-0.368396
-0.570286
-0.689783
-0.720275
-0.724224
-0.578287
-0.462141
-0.376833
-0.181502
-0.309566
-0.382759
-0.44983
-0.37821
-0.179808
-0.131668
-0.286695
-0.186975
-0.104753
-0.0225431
-0.160663
-0.0247684
-0.107997
-0.0301359
-0.0284024
0.020862
0.0801673
0.111053
0.0687968
0.15326
0.188724
0.217442
0.206836
0.167202
0.199818
0.283339
0.236703
0.277573
0.281113
0.405916
0.316207
0.46302
0.434931
0.395293
0.523394
0.397872
0.593749
0.580813
0.456552
0.495754
0.131005
0.0280001
-0.0180066
0.0210777
0.232149
0.362263
0.158048
0.103338
0.0175969
0.251785
0.202424
0.225593
0.152072
0.206865
0.219967
0.369433
-0.269075
-0.231915
-0.181214
-0.0457328
0.0103575
0.0555297
-0.110961
-0.0739101
-0.00394701
0.0669206
0.160593
0.175102
0.336782
0.315304
0.127652
0.143952
0.395586
0.304569
0.577627
0.658813
0.707457
0.684068
0.83008
0.699319
0.761419
0.683148
0.755799
0.602405
0.468386
0.481709
0.441961
0.527052
0.783206
0.745736
0.593975
0.686543
0.707305
0.87008
0.921919
0.876912
0.819635
0.803084
0.901903
1.05966
1.19096
1.24085
1.20784
1.12395
1.10513
1.09798
1.26857
1.19254
1.17957
1.21787
1.23162
1.23238
1.24152
1.19926
1.12979
1.01366
1.1071
1.19528
1.29309
1.24724
1.24376
1.31592
1.35774
1.43571
1.50298
1.4976
1.47558
1.40911
1.50618
1.42349
1.35912
1.3733
1.35545
1.38487
1.3916
1.44231
1.53173
1.54272
1.57092
1.66544
1.51593
1.37781
1.42145
1.38287
1.46074
1.45731
1.31217
1.30773
1.40412
1.45694
1.5497
1.53023
1.53371
1.47309
1.41603
1.48406
1.51756
1.52359
1.55344
1.64372
1.62646
1.69752
1.70022
1.66322
1.7075
1.67771
1.81076
1.85983
1.85018
2.01145
2.04349
2.04924
2.08614
2.07523
2.05846
1.96549
1.89282
1.91394
1.89763
1.92036
1.83166
1.85041
1.82162
1.80858
1.78012
1.78804
1.71303
1.73217
1.69404
1.70875
1.64566
1.60698
1.57475
1.54138
1.58178
1.60359
1.65625
1.69667
1.70111
1.64999
1.57175
1.65446
1.58694
1.57675
1.52903
1.4617
1.34255
1.2505
1.41195
1.40713
1.42297
1.40688
1.44094
1.37908
1.32949
1.28912
1.11629
1.1421
1.20686
1.10003
1.17689
1.18422
1.16157
1.15229
1.12032
1.22884
1.10965
1.02051
0.957873
1.03819
1.03249
0.976506
0.97155
1.00229
0.96656
0.96911
1.11039
1.12663
1.24957
1.16171
1.31948
1.43513
1.31256
1.39963
1.29873
1.37443
1.51273
1.33477
1.38862
1.50672
1.57788
1.65953
1.78333
2.02021
1.9467
2.00408
1.98099
1.92825
1.81542
1.83602
1.91653
1.81636
1.85088
1.90266
2.03812
2.01228
1.99417
2.0491
2.02072
2.06056
2.13081
2.21158
2.19249
2.21486
2.28532
2.32588
2.32139
2.28788
2.25465
2.16236
2.15448
2.18629
2.27207
2.27116
2.38795
2.45004
2.47163
2.53934
2.4952
2.51695
2.60354
2.59439
2.52031
2.49453
2.45764
2.50814
2.46692
2.4638
2.42609
2.45529
2.49115
2.51435
2.55004
2.66135
2.69921
2.65452
2.64879
2.69602
2.6108
2.61949
2.72918
2.73422
2.68426
2.67852
2.62584
2.63401
2.6598
2.57542
2.52766
2.44014
2.51559
2.65736
2.67029
2.60871
2.53936
2.60141
2.69006
2.60108
2.54587
2.54412
2.46579
2.51053
2.39697
2.25564
2.3112
2.25538
2.31875
2.23506
2.22942
2.22279
2.14682
2.13895
2.12718
2.17276
2.09327
2.09704
2.04085
2.10353
2.03236
2.09961
2.14567
2.11025
2.06629
1.99684
1.9488
2.00399
2.06274
1.9816
2.09014
1.98399
2.09223
2.17257
2.1801
2.25164
2.23713
2.29329
2.2957
2.32335
2.32232
2.36205
2.379
2.4131
2.46095
2.46387
2.43528
2.47431
2.46594
2.54038
2.43681
2.38694
2.39797
2.2623
2.2605
2.28512
2.31708
2.20235
2.28494
2.23757
2.30047
2.32329
2.19097
2.226
2.23902
2.24855
2.25417
2.25261
2.26928
2.22164
2.21217
2.20294
2.26386
2.28543
2.23206
2.21707
2.26434
2.21158
2.18666
2.18425
2.20833
2.17521
2.15824
2.13463
2.09881
2.0795
1.90347
1.8688
1.80431
1.78986
1.74285
1.69912
1.71916
1.65101
1.5578
1.78397
1.81371
1.80656
1.84472
1.73003
1.78558
1.7066
1.70603
1.75254
1.73247
1.79117
1.93853
1.96794
2.01821
2.21291
2.23407
2.19725
2.38682
2.41813
2.49745
2.51278
2.46476
2.35153
2.3551
2.4905
2.41722
2.48848
2.52754
2.53648
2.43959
2.4976
2.41134
2.46339
2.40991
2.28799
2.27127
2.19826
2.15986
2.23372
2.3241
2.36852
2.41986
2.44984
2.41141
2.35734
2.36595
2.42208
2.55086
2.47074
2.62194
2.64478
2.75278
2.62024
2.435
2.29554
2.51549
2.4952
2.55255
2.52781
2.59185
2.51526
2.4676
2.49646
2.57982
2.50169
2.44333
2.30793
2.30858
2.26224
2.26736
2.26666
2.20051
2.08659
2.05814
2.01066
1.92873
1.84873
1.79153
1.86252
1.90657
1.91796
1.92443
1.88554
1.86683
1.82187
1.9021
1.89385
1.81401
1.75712
1.80468
1.80539
1.72827
1.74931
1.73165
1.77622
1.76152
1.75768
1.79053
1.71041
1.67219
1.68017
1.64303
1.60069
1.58793
1.52857
1.5094
1.50837
1.43015
1.44746
1.48494
1.43296
1.51795
1.558
1.63242
1.63168
1.68822
1.74723
1.71345
1.8066
1.76238
1.75711
1.51959
1.51341
1.64077
1.72947
1.6756
1.79759
1.80073
1.69277
2.00856
2.06924
2.06943
2.12193
2.29508
2.30214
2.27279
2.13274
2.02687
1.92387
1.98412
2.00472
2.00953
2.08238
2.06516
2.18207
2.16584
2.10453
2.2099
2.39712
2.4305
2.28275
2.37784
2.35328
2.42558
2.48874
2.47834
2.4415
2.45372
2.48552
2.54893
2.51275
2.40943
2.43639
2.43604
2.39372
2.26922
2.29129
2.2221
2.09097
2.07098
2.04617
2.05203
2.01503
2.11729
2.14283
2.26602
2.14946
2.18557
2.16566
2.1114
2.092
2.0912
2.21442
2.33915
2.15148
1.974
2.0925
2.11845
2.16813
2.02554
2.09758
1.96439
1.93344
1.96628
1.93264
1.94868
1.98731
2.00608
2.02844
1.9807
2.08234
2.00718
1.96956
1.95344
1.93471
1.9444
1.91933
1.82993
1.80616
1.87112
1.83623
1.84916
1.8294
1.8315
1.85694
1.89791
1.9257
1.92985
1.91593
1.83813
1.95845
2.00894
1.96848
2.02381
2.1052
1.99793
2.04021
2.03823
2.05449
2.05236
2.08371
2.02612
2.01419
2.0088
2.03446
1.99808
1.99368
2.00546
2.04387
2.07017
2.04018
2.03592
1.99732
2.00913
2.00796
2.00077
2.03494
2.00563
2.04271
2.049
2.03373
2.05192
2.02682
2.03849
2.04676
2.1052
2.12325
2.06976
2.02045
2.00973
2.07306
2.04215
2.09353
2.13391
2.10609
2.15735
2.05963
2.09928
2.21115
2.21896
2.31769
2.26784
2.31618
2.32828
2.27587
2.29764
2.18608
2.19017
2.12844
2.11355
2.10697
2.03145
2.20767
2.30379
2.38655
2.52372
2.52422
2.50392
2.55057
2.7782
2.85077
2.78013
2.79962
2.84033
2.97279
2.94274
2.95871
2.87443
2.87336
2.93733
2.96924
3.02844
3.06046
3.04153
3.06245
3.00503
3.00172
3.062
2.97531
2.9993
2.88795
2.8666
3.01089
3.08075
3.02516
2.99642
3.06154
2.91696
2.94805
2.94993
3.09264
3.14004
3.07793
3.08571
3.08802
3.08904
3.10278
-3.13423
3.1092
3.06298
3.09334
-3.11466
3.09703
3.07546
3.06468
3.1361
-3.0702
-3.11794
-3.12488
-3.09777
3.09483
3.10898
3.08752
3.13295
-3.13945
-3.11388
-3.08205
-3.12603
-3.08048
-3.0684
-3.00435
-2.9136
-2.90669
-2.90551
-2.89774
-2.89236
-2.9429
-2.86777
-2.85914
-2.87378
-2.82514
-2.80521
-2.8106
-2.8268
-2.84792
-2.93595
-2.9477
-2.94195
-2.98598
-2.98762
-2.95478
-2.97093
-2.87662
-2.86326
-2.86082
-2.78456
-2.72661
-2.77028
-2.78104
-2.84486
-2.82224
-2.83099
-2.87144
-2.8918
-2.84704
-2.89949
-2.90807
-2.88981
-2.86264
-2.81911
-2.85406
-2.81022
-2.79082
-2.80173
-2.76375
-2.75388
-2.76956
-2.69466
-2.71736
-2.76329
-2.71006
-2.68414
-2.67539
-2.6134
-2.67158
-2.61634
-2.62467
-2.62751
-2.661
-2.63202
-2.64091
-2.57168
-2.62251
-2.63216
-2.69767
-2.78253
-2.79179
-2.77901
-2.83072
-2.87857
-2.81811
-2.8561
-2.84298
-2.81056
-2.75947
-2.7702
-2.7902
-2.81512
-2.79388
-2.74262
-2.63199
-2.59757
-2.61022
-2.63133
-2.6543
-2.54299
-2.56243
-2.56078
-2.59695
-2.55825
-2.46655
-2.47847
-2.4689
-2.37101
-2.30497
-2.29473
-2.24264
-2.26897
-2.25712
-2.22427
-2.21022
-2.25095
-2.27781
-2.26567
-2.26646
-2.21456
-2.17989
-2.09148
-2.05888
-1.98177
-1.95165
-2.0238
-1.98356
-2.03917
-1.99974
-1.97136
-2.06447
-2.07261
-2.04151
-1.97074
-1.90382
-1.89909
-1.8812
-1.84796
-1.90508
-1.9954
-1.98431
-1.96319
-2.02397
-2.05684
-2.06043
-2.06326
-2.07231
-2.13185
-2.0305
-2.04465
-2.0308
-2.01405
-2.00077
-2.02296
-1.99821
-1.98662
-1.91499
-1.97069
-1.9943
-2.01101
-1.91567
-1.92373
-1.96698
-1.9999
-2.00013
-1.97862
-1.94775
-1.97203
-1.98499
-1.96757
-1.97873
-1.9555
-1.97919
-2.01524
-2.01691
-2.01687
-1.98651
-1.96986
-2.00857
-1.97651
-2.03694
-2.06577
-2.07763
-2.09593
-2.15107
-2.12446
-2.18527
-2.22635
-2.26889
-2.24814
-2.191
-2.21443
-2.21392
-2.20756
-2.18415
-2.20282
-2.18897
-2.22544
-2.22171
-2.2219
-2.21632
-2.20357
-2.19697
-2.2443
-2.26894
-2.28986
-2.31779
-2.29334
-2.26392
-2.27353
-2.22408
-2.24702
-2.19728
-2.16227
-2.15415
-2.17255
-2.15814
-2.16768
-2.15415
-2.19635
-2.22303
-2.21147
-2.16052
-2.14394
-2.1165
-2.14408
-2.14047
-2.13196
-2.11458
-2.08256
-2.10058
-2.11609
-2.11357
-2.10976
-2.14912
-2.17765
-2.22617
-2.24295
-2.24383
-2.15331
-2.17395
-2.17261
-2.20232
-2.22625
-2.24794
-2.28465
-2.29065
-2.2284
-2.28402
-2.29859
-2.30995
-2.3729
-2.37771
-2.32063
-2.35873
-2.34802
-2.41724
-2.49623
-2.49349
-2.49702
-2.51026
-2.53844
-2.54753
-2.51916
-2.52003
-2.5055
-2.48664
-2.46326
-2.43173
-2.41892
-2.39651
-2.42498
-2.4535
-2.40407
-2.36259
-2.36129
-2.37794
-2.37279
-2.36488
-2.3585
-2.3328
-2.33883
-2.29534
-2.29744
-2.28176
-2.28778
-2.29445
-2.29618
-2.29534
-2.28399
-2.33533
-2.36232
-2.40978
-2.41153
-2.45685
-2.42137
-2.35765
-2.35464
-2.36967
-2.34764
-2.39016
-2.31963
-2.29533
-2.26409
-2.29702
-2.30392
-2.24676
-2.25236
-2.25783
-2.27611
-2.27618
-2.28066
-2.257
-2.27917
-2.27325
-2.26548
-2.27167
-2.32575
-2.29242
-2.31876
-2.32351
-2.31074
-2.23931
-2.24245
-2.25098
-2.25031
-2.27783
-2.29466
-2.32699
-2.33222
-2.33898
-2.34374
-2.35664
-2.356
-2.38688
-2.4598
-2.48439
-2.49717
-2.52884
-2.55366
-2.49034
-2.46152
-2.47762
-2.4971
-2.47025
-2.53353
-2.55402
-2.56698
-2.58334
-2.6331
-2.61003
-2.59399
-2.60111
-2.59599
-2.58077
-2.60787
-2.6396
-2.67194
-2.66809
-2.66956
-2.66857
-2.66377
-2.65759
-2.67652
-2.68583
-2.70316
-2.73003
-2.67743
-2.65929
-2.64358
-2.65987
-2.68683
-2.70165
-2.71264
-2.70675
-2.75326
-2.72713
-2.76604
-2.7799
-2.78119
-2.78384
-2.74457
-2.74439
-2.72443
-2.72395
-2.73076
-2.73161
-2.7328
-2.76005
-2.79585
-2.79072
-2.81198
-2.81987
-2.83307
-2.82263
-2.82386
-2.79806
-2.83194
-2.77678
-2.8072
-2.81341
-2.79799
-2.81913
-2.81093
-2.80156
-2.77043
-2.76587
-2.79042
-2.82055
-2.82607
-2.84027
-2.84461
-2.816
-2.83141
-2.82848
-2.82672
-2.82796
-2.81604
-2.77906
-2.76478
-2.75776
-2.7348
-2.71974
-2.69345
-2.68304
-2.71432
-2.6941
-2.66983
-2.66283
-2.64517
-2.64506
-2.68441
-2.68842
-2.67795
-2.70428
-2.73506
-2.74262
-2.71858
-2.72468
-2.73418
-2.72663
-2.70917
-2.70555
-2.71314
-2.76016
-2.73352
-2.71276
-2.70918
-2.68274
-2.68091
-2.69223
-2.69019
-2.71699
-2.74306
-2.72454
-2.7556
-2.75202
-2.78966
-2.83452
-2.84024
-2.84561
-2.85994
-2.86144
-2.87031
-2.85444
-2.90146
-2.90699
-2.89781
-2.92569
-2.92871
-2.92865
-2.93115
-2.93659
-2.96604
-2.9351
-2.95011
-2.92882
-2.955
-2.94978
-2.94508
-2.94077
-2.95369
-2.94778
-2.94633
-2.94417
-2.96297
-2.96368
-2.95953
-2.95768
-2.96357
-2.9543
-2.95945
-2.95432
-2.94216
-2.9835
-2.99966
-2.99429
-2.99084
-2.98384
-2.97354
-3.00284
-2.99427
-2.98812
-3.00535
-3.02985
-3.02595
-3.00655
-2.99792
-3.00873
-2.99725
-3.0174
-3.02734
-3.0212
-3.01514
-3.01295
-3.02146
-3.02079
-3.02895
-3.0215
-3.01332
-3.02259
-3.00703
-2.99657
-2.96477
-2.95966
-2.93514
-2.9438
-2.94691
-2.92149
-2.92374
-2.93178
-2.93969
-2.94732
-2.94062
-2.93242
-2.92572
-2.93465
-2.93031
-2.92603
-2.91847
-2.90726
-2.90459
-2.91551
-2.91305
-2.93327
-2.93229
-2.92482
-2.90619
-2.89609
-2.8827
-2.87116
-2.87522
-2.87171
-2.86211
-2.84669
-2.84905
-2.8499
-2.84839
-2.84711
-2.85133
-2.84184
-2.83911
-2.85641
-2.84998
-2.86024
-2.86829
-2.86042
-2.86138
-2.84596
-2.85248
-2.83479
-2.83033
-2.83148
-2.83124
-2.8354
-2.84637
-2.84946
-2.83147
-2.83679
-2.8365
-2.83597
-2.84857
-2.84609
-2.86184
-2.84285
-2.86129
-2.85997
-2.88096
-2.90164
-2.90329
-2.89258
-2.87828
-2.89096
-2.89265
-2.89596
-2.88207
-2.88215
-2.88941
-2.9098
-2.90093
-2.89164
-2.90383
-2.89997
-2.91154
-2.92562
-2.91842
-2.91205
-2.90826
-2.90257
-2.91506
-2.9264
-2.91538
-2.91787
-2.91539
-2.90687
-2.93047
-2.95942
-2.92986
-2.93133
-2.92039
-2.91449
-2.92305
-2.87973
-2.84731
-2.82555
-2.8206
-2.82557
-2.82591
-2.80541
-2.79945
-2.79547
-2.80847
-2.82012
-2.81095
-2.80675
-2.80925
-2.83868
-2.83413
-2.79563
-2.79145
-2.80666
-2.79639
-2.79712
-2.76021
-2.758
-2.75728
-2.76455
-2.75394
-2.75168
-2.7694
-2.79609
-2.82355
-2.81955
-2.82986
-2.844
-2.83953
-2.85749
-2.83762
-2.86156
-2.85208
-2.83124
-2.8393
-2.83631
-2.82939
-2.81064
-2.82314
-2.82802
-2.82615
-2.82633
-2.80347
-2.83518
-2.86263
-2.85341
-2.87378
-2.87332
-2.8952
-2.87807
-2.88022
-2.88382
-2.83917
-2.86772
-2.87205
-2.84185
-2.86558
-2.85689
-2.87975
-2.90967
-2.90069
-2.86908
-2.84351
-2.85918
-2.87128
-2.85686
-2.85345
-2.86527
-2.82519
-2.81509
-2.77532
-2.76226
-2.78234
-2.78552
-2.72242
-2.68116
-2.67686
-2.66582
-2.71612
-2.68134
-2.70594
-2.70218
-2.7085
-2.70512
-2.73166
-2.73978
-2.71954
-2.75524
-2.78523
-2.72612
-2.73702
-2.70251
-2.6836
-2.64035
-2.61082
-2.57699
-2.62298
-2.60038
-2.62114
-2.60866
-2.5822
-2.59394
-2.58914
-2.64909
-2.66199
-2.64969
-2.62242
-2.60186
-2.59172
-2.62674
-2.61801
-2.60529
-2.61853
-2.64943
-2.67579
-2.68619
-2.64487
-2.61658
-2.66918
-2.68001
-2.72509
-2.69756
-2.73537
-2.75219
-2.75017
-2.74044
-2.70276
-2.60011
-2.58705
-2.60371
-2.59457
-2.54998
-2.56319
-2.63062
-2.59402
-2.60124
-2.63224
-2.58186
-2.56616
-2.53439
-2.5252
-2.57162
-2.52821
-2.56004
-2.56434
-2.45867
-2.50245
-2.46606
-2.40829
-2.40495
-2.43579
-2.39628
-2.30411
-2.31538
-2.22152
-2.21961
-2.18931
-2.11647
-2.13088
-2.13719
-2.0681
-2.06661
-2.1144
-2.12986
-2.12716
-2.143
-2.10988
-2.13944
-2.15646
-2.20084
-2.16714
-2.17906
-2.2522
-2.22276
-2.24105
-2.20492
-2.27658
-2.24103
-2.21814
-2.24648
-2.24287
-2.22656
-2.22828
-2.27914
-2.25351
-2.27061
-2.3312
-2.37695
-2.34633
-2.33542
-2.31598
-2.31221
-2.31759
-2.29661
-2.35504
-2.32749
-2.31637
-2.34574
-2.34524
-2.3351
-2.38537
-2.42495
-2.42168
-2.4298
-2.39878
-2.43152
-2.45411
-2.36586
-2.34907
-2.38093
-2.38976
-2.38148
-2.33765
-2.38181
-2.45875
-2.42556
-2.45548
-2.45593
-2.51308
-2.57587
-2.58582
-2.55037
-2.5653
-2.58932
-2.64663
-2.67088
-2.69781
-2.68155
-2.66187
-2.65792
-2.6882
-2.67306
-2.68674
-2.69355
-2.70084
-2.71639
-2.62526
-2.61951
-2.60501
-2.61147
-2.61095
-2.5726
-2.58313
-2.61784
-2.62277
-2.57994
-2.57833
-2.55134
-2.55794
-2.5448
-2.43221
-2.45156
-2.44697
-2.46898
-2.47477
-2.51706
-2.54007
-2.60942
-2.53587
-2.49078
-2.49658
-2.50382
-2.53512
-2.55599
-2.58186
-2.61624
-2.55997
-2.6224
-2.63808
-2.621
-2.63948
-2.67771
-2.63556
-2.62276
-2.6521
-2.64463
-2.72372
-2.75969
-2.72789
-2.82864
-2.75538
-2.8143
-2.77891
-2.75288
-2.77677
-2.77941
-2.70278
-2.70283
-2.6365
-2.74318
-2.67671
-2.6779
-2.74912
-2.75575
-2.73062
-2.73514
-2.66987
-2.62989
-2.57705
-2.61581
-2.63569
-2.62988
-2.69805
-2.63944
-2.58904
-2.5855
-2.66871
-2.66699
-2.53719
-2.57456
-2.6628
-2.64561
-2.60367
-2.57231
-2.45498
-2.57492
-2.72722
-2.79583
-2.79199
-2.79004
-2.78025
-2.75079
-2.65457
-2.64502
-2.57026
-2.5505
-2.5431
-2.57811
-2.48529
-2.48994
-2.42016
-2.43035
-2.37817
-2.47919
-2.40063
-2.48512
-2.38224
-2.46314
-2.51742
-2.39502
-2.22417
-2.25224
-2.3046
-2.45504
-2.42237
-2.44915
-2.37176
-2.37561
-2.38364
-2.43697
-2.34624
-2.24309
-2.17248
-2.27855
-2.35082
-2.39187
-2.34494
-2.3369
-2.30731
-2.40904
-2.39914
-2.30302
-2.30975
-2.28729
-2.29242
-2.2932
-2.24101
-2.21306
-2.12068
-2.15394
-2.16114
-2.15173
-2.15403
-2.197
-2.14239
-2.0594
-2.00709
-2.05526
-2.07112
-2.14323
-2.11574
-2.14594
-2.16263
-2.09828
-1.96985
-1.9012
-1.91719
-1.99815
-2.05811
-2.08286
-2.11189
-2.11575
-2.14293
-2.19077
-2.16918
-2.17426
-2.19398
-2.1477
-2.15075
-2.15462
-2.13006
-2.19367
-2.22703
-2.18624
-2.27078
-2.22097
-2.0764
-2.0667
-2.03687
-2.09262
-2.04741
-1.95115
-1.94862
-2.031
-1.92315
-1.91298
-2.09958
-2.00475
-1.98052
-1.99031
-1.9856
-1.95357
-2.04975
-2.11176
-2.15629
-2.10414
-2.07165
-2.0588
-1.96083
-1.99972
-1.94966
-1.84371
-1.77302
-1.81606
-1.90694
-1.83661
-1.93421
-1.82287
-1.92133
-1.89636
-1.93809
-2.02603
-1.90963
-1.81633
-1.8487
-1.86634
-1.88135
-1.83039
-1.81463
-1.83422
-1.86043
-1.81179
-1.83478
-1.87438
-1.85172
-1.92787
-1.98607
-2.06973
-2.00968
-1.92888
-1.95166
-1.95859
-1.88788
-1.94231
-1.89048
-1.87979
-1.79925
-1.91701
-1.79939
-1.76637
-1.84729
-1.77131
-1.78511
-1.75544
-1.70672
-1.65613
-1.53741
-1.58555
-1.69034
-1.71462
-1.71522
-1.71176
-1.6356
-1.61243
-1.5342
-1.51609
-1.5305
-1.50701
-1.47845
-1.49515
-1.49512
-1.41961
-1.36535
-1.28284
-1.28523
-1.35802
-1.2992
-1.12875
-1.0533
-1.12169
-1.16217
-1.1276
-1.0769
-1.07636
-1.0162
-1.06531
-0.907923
-0.823273
-0.920018
-0.814605
-0.873285
-0.858778
-0.937458
-0.875522
-0.933154
-0.900357
-0.854512
-1.06535
-1.09495
-1.06626
-0.912347
-0.877493
-0.851482
-0.854065
-0.845331
-0.743192
-0.849697
-0.851807
-0.831473
-0.844658
-0.928729
-0.865668
-0.791349
-0.682516
-0.612742
-0.488484
-0.538724
-0.541144
-0.546841
-0.52116
-0.50258
-0.532696
-0.588276
-0.566879
-0.698208
-0.687239
-0.740843
-0.82968
-0.804582
-0.787562
-0.779736
-0.770083
-0.824742
-0.805213
-0.791974
-0.754416
-0.78945
-0.690494
-0.666735
-0.664879
-0.534612
-0.522207
-0.566654
-0.513953
-0.472035
-0.403274
-0.382968
-0.388524
-0.347526
-0.34887
-0.33383
-0.325877
-0.280547
-0.279199
-0.358685
-0.45804
-0.498151
-0.588152
-0.517989
-0.558146
-0.557515
-0.636253
-0.542644
-0.598162
-0.5525
-0.531226
-0.569992
-0.585716
-0.554745
-0.577534
-0.6131
-0.561755
-0.526904
-0.667517
-0.709957
-0.719586
-0.691945
-0.787276
-0.681753
-0.747372
-0.812026
-0.862817
-0.771766
-0.747058
-0.717174
-0.691715
-0.645533
-0.631731
-0.652982
-0.656306
-0.638422
-0.691325
-0.665155
-0.71744
-0.764066
-0.838307
-0.817875
-0.818577
-0.799158
-0.728583
-0.771679
-0.792784
-0.845136
-0.925273
-0.931504
-0.973925
-0.926196
-0.976737
-0.99704
-1.06446
-1.05984
-1.08733
-1.08062
-1.14765
-1.15246
-1.14809
-1.17744
-1.09869
-1.13668
-1.09907
-1.07711
-1.15919
-1.12949
-1.11262
-1.09659
-1.06365
-1.03472
-1.06216
-1.16161
-1.1574
-1.11894
-1.17698
-1.17373
-1.16353
-1.26513
-1.20073
-1.22743
-1.25693
-1.27442
-1.34137
-1.35716
-1.3151
-1.2712
-1.20924
-1.24256
-1.2376
-1.20409
-1.2829
-1.27697
-1.31048
-1.28035
-1.28735
-1.17663
-1.21321
-1.15925
-1.13504
-1.10087
-1.10233
-1.09843
-1.04654
-1.14045
-1.17385
-1.23173
-1.27375
-1.20433
-1.20918
-1.27555
-1.2689
-1.31329
-1.3159
-1.26853
-1.20857
-1.24612
-1.32907
-1.23357
-1.21014
-1.13941
-1.17931
-1.13338
-1.1272
-1.12105
-1.10461
-1.08598
-1.12995
-1.06903
-1.04586
-1.07611
-1.11427
-1.08345
-1.05656
-1.00947
-1.09036
-1.09413
-1.06758
-1.06483
-0.980958
-0.894855
-0.767958
-0.735858
-0.778572
-0.649418
-0.583381
-0.591047
-0.554118
-0.588889
-0.495244
-0.504687
-0.500028
-0.561136
-0.6025
-0.614613
-0.586112
-0.563653
-0.595375
-0.633485
-0.637393
-0.718233
-0.719538
-0.734667
-0.687186
-0.660516
-0.732176
-0.72501
-0.77813
-0.786794
-0.803011
-0.793759
-0.802243
-0.77979
-0.728487
-0.695813
-0.733356
-0.740515
-0.752679
-0.73866
-0.657688
-0.638787
-0.657792
-0.75327
-0.783966
-0.833623
-0.875962
-0.896609
-0.857144
-0.823636
-0.922053
-0.869395
-0.711964
-0.754233
-0.84884
-0.794018
-0.833312
-0.839747
-0.892898
-0.960592
-0.958734
-0.938758
-0.935117
-0.810885
-0.906658
-0.899989
-0.908873
-0.930505
-0.877825
-0.859605
-0.934422
-0.854768
-0.924993
-0.96651
-0.956308
-0.98428
-1.0022
-0.993497
-0.912547
-0.858366
-0.71613
-0.853947
-0.847207
-0.916058
-0.912859
-0.946528
-0.873255
-0.965944
-0.986278
-0.933841
-0.939387
-0.932004
-0.904832
-0.841697
-0.840885
-0.85523
-0.749593
-0.747041
-0.738242
-0.679138
-0.716267
-0.709772
-0.713816
-0.677301
-0.705381
-0.730324
-0.778682
-0.69992
-0.771451
-0.708086
-0.70774
-0.734802
-0.77673
-0.71894
-0.724009
-0.732991
-0.704354
-0.700426
-0.762856
-0.812284
-0.750736
-0.789923
-0.718963
-0.70472
-0.681571
-0.693821
-0.707565
-0.731081
-0.707326
-0.713519
-0.65504
-0.59499
-0.63633
-0.564859
-0.555447
-0.526499
-0.512269
-0.469207
-0.422016
-0.447878
-0.443741
-0.452867
-0.381661
-0.387466
-0.419452
-0.471816
-0.430936
-0.372048
-0.37649
-0.418845
-0.395097
-0.445523
-0.432911
-0.403046
-0.411313
-0.475473
-0.460682
-0.484876
-0.532485
-0.527718
-0.579016
-0.63251
-0.658785
-0.686318
-0.717353
-0.7221
-0.675647
-0.737911
-0.790274
-0.769567
-0.714152
-0.752913
-0.75969
-0.717229
-0.738156
-0.71535
-0.691903
-0.717136
-0.774927
-0.772994
-0.763212
-0.7833
-0.775648
-0.782629
-0.790683
-0.768067
-0.770311
-0.676668
-0.68187
-0.721311
-0.670724
-0.684117
-0.719746
-0.706771
-0.682134
-0.70158
-0.69058
-0.692952
-0.66936
-0.719066
-0.73299
-0.706113
-0.681619
-0.714467
-0.689649
-0.716142
-0.738968
-0.694663
-0.677674
-0.679714
-0.68887
-0.72047
-0.742574
-0.679355
-0.665734
-0.664559
-0.622666
-0.528258
-0.508859
-0.529949
-0.509263
-0.479774
-0.488364
-0.481644
-0.456936
-0.440357
-0.439712
-0.402899
-0.415936
-0.39131
-0.38341
-0.382702
-0.344544
-0.387335
-0.393834
-0.398036
-0.403632
-0.369995
-0.358431
-0.3665
-0.334199
-0.320106
-0.291071
-0.286455
-0.307881
-0.327798
-0.376376
-0.350142
-0.340225
-0.375254
-0.369569
-0.378507
-0.398696
-0.408477
-0.408705
-0.384512
-0.385886
-0.412756
-0.385621
-0.3683
-0.40272
-0.398596
-0.403685
-0.372541
-0.368845
-0.349656
-0.354702
-0.343129
-0.349366
-0.414983
-0.429666
-0.46739
-0.4957
-0.510074
-0.512692
-0.506014
-0.493885
-0.472951
-0.515991
-0.509169
-0.472609
-0.514597
-0.482582
-0.460566
-0.407636
-0.37947
-0.367519
-0.350895
-0.35726
-0.315108
-0.302934
-0.265709
-0.23673
-0.187998
-0.217971
-0.235439
-0.253068
-0.252828
-0.256289
-0.272432
-0.271033
-0.256086
-0.267571
-0.226008
-0.209932
-0.156566
-0.142423
-0.130416
-0.153686
-0.157077
-0.178837
-0.162861
-0.192997
-0.186563
-0.142937
-0.136875
-0.123177
-0.127141
-0.148747
-0.129676
-0.125244
-0.16411
-0.163131
-0.181297
-0.196281
-0.220976
-0.220296
-0.212706
-0.221443
-0.239291
-0.270331
-0.291059
-0.325913
-0.32197
-0.326274
-0.276037
-0.254672
-0.268003
-0.295463
-0.319494
-0.332331
-0.374367
-0.35574
-0.312811
-0.3365
-0.379199
-0.337627
-0.361324
-0.349202
-0.353049
-0.331345
-0.32366
-0.328105
-0.338214
-0.364111
-0.387339
-0.375403
-0.423409
-0.423119
-0.403646
-0.405421
-0.408904
-0.39221
-0.384236
-0.386213
-0.355454
-0.377849
-0.389712
-0.36069
-0.34928
-0.382497
-0.381819
-0.382444
-0.37591
-0.360525
-0.390737
-0.382983
-0.400554
-0.395199
-0.403734
-0.409804
-0.402499
-0.418674
-0.408241
-0.405958
-0.392404
-0.388497
-0.393801
-0.377321
-0.388704
-0.378841
-0.393239
-0.361864
-0.369415
-0.40069
-0.405105
-0.40849
-0.39623
-0.425531
-0.442321
-0.418014
-0.431615
-0.430026
-0.42517
-0.435605
-0.43743
-0.435492
-0.445027
-0.419594
-0.404762
-0.403736
-0.398684
-0.407206
-0.404558
-0.415102
-0.417084
-0.389223
-0.418469
-0.404482
-0.385798
-0.400763
-0.39124
-0.361898
-0.354454
-0.346849
-0.350874
-0.365548
-0.358155
-0.381329
-0.365713
-0.362403
-0.354715
-0.362653
-0.359615
-0.344915
-0.319635
-0.335357
-0.355643
-0.37523
-0.372643
-0.360506
-0.336562
-0.343676
-0.362345
-0.390256
-0.381919
-0.388474
-0.380152
-0.378136
-0.381438
-0.374782
-0.376916
-0.392911
-0.400888
-0.387182
-0.372387
-0.368576
-0.362993
-0.351224
-0.340659
-0.349094
-0.346645
-0.333732
-0.336286
-0.337723
-0.340258
-0.330512
-0.334129
-0.324222
-0.306901
-0.341071
-0.368293
-0.36119
-0.349149
-0.34086
-0.321079
-0.314015
-0.319797
-0.322423
-0.328769
-0.329345
-0.323832
-0.32766
-0.325152
-0.324039
-0.335035
-0.319966
-0.324804
-0.302351
-0.298819
-0.311345
-0.315051
-0.313643
-0.313799
-0.313059
-0.306639
-0.329872
-0.335954
-0.333973
-0.352745
-0.347357
-0.364902
-0.361092
-0.353198
-0.365994
-0.364281
-0.3782
-0.384442
-0.393038
-0.387522
-0.369748
-0.36969
-0.386345
-0.376731
-0.376716
-0.389186
-0.382993
-0.384403
-0.384177
-0.368876
-0.358493
-0.364527
-0.360176
-0.3555
-0.378316
-0.380709
-0.377927
-0.371604
-0.385461
-0.411222
-0.404052
-0.389853
-0.393062
-0.428045
-0.431797
-0.451846
-0.461086
-0.455026
-0.444691
-0.40894
-0.424013
-0.412887
-0.415333
-0.419413
-0.416316
-0.409868
-0.402936
-0.419305
-0.416331
-0.417416
-0.419716
-0.432596
-0.440092
-0.416456
-0.4188
-0.438868
-0.455671
-0.468817
-0.474693
-0.462339
-0.46307
-0.451223
-0.468645
-0.476223
-0.502134
-0.495492
-0.478549
-0.48939
-0.470541
-0.480499
-0.47973
-0.478165
-0.490941
-0.492317
-0.502589
-0.471366
-0.465057
-0.443686
-0.44747
-0.454966
-0.489082
-0.459343
-0.450336
-0.469249
-0.48062
-0.472873
-0.455185
-0.450561
-0.470595
-0.418325
-0.430179
-0.427924
-0.433446
-0.428715
-0.41689
-0.434767
-0.490308
-0.489338
-0.485507
-0.497403
-0.494516
-0.492338
-0.500122
-0.47805
-0.470436
-0.463138
-0.468204
-0.423548
-0.411084
-0.396859
-0.371924
-0.400276
-0.376706
-0.349741
-0.315644
-0.309685
-0.323612
-0.352449
-0.345276
-0.37461
-0.419348
-0.428682
-0.449771
-0.43928
-0.451552
-0.462979
-0.464913
-0.510388
-0.509504
-0.4997
-0.484528
-0.474998
-0.52344
-0.564432
-0.569379
-0.576931
-0.588009
-0.560822
-0.538215
-0.486754
-0.502399
-0.507559
-0.494557
-0.495811
-0.534501
-0.502023
-0.526168
-0.529374
-0.511386
-0.505508
-0.486775
-0.480342
-0.507579
-0.536272
-0.566106
-0.588794
-0.595455
-0.572096
-0.582366
-0.595232
-0.566782
-0.531993
-0.531017
-0.569399
-0.556478
-0.583683
-0.585655
-0.583661
-0.580019
-0.56998
-0.561993
-0.555907
-0.540826
-0.552122
-0.588764
-0.589781
-0.568785
-0.559474
-0.562817
-0.617249
-0.569482
-0.622545
-0.681017
-0.708722
-0.681004
-0.688758
-0.707356
-0.67448
-0.658965
-0.627883
-0.635014
-0.666972
-0.672292
-0.636988
-0.624768
-0.652804
-0.660073
-0.664122
-0.667851
-0.60405
-0.566124
-0.5641
-0.545415
-0.548663
-0.553284
-0.519724
-0.495965
-0.499172
-0.522987
-0.507024
-0.468703
-0.481782
-0.453855
-0.461328
-0.442422
-0.486272
-0.523471
-0.523813
-0.480436
-0.48823
-0.455728
-0.478314
-0.481204
-0.494442
-0.504812
-0.505605
-0.48668
-0.478505
-0.478321
-0.460563
-0.466379
-0.436379
-0.432489
-0.42424
-0.435415
-0.439214
-0.404673
-0.425195
-0.348923
-0.26059
-0.279652
-0.281158
-0.255478
-0.272009
-0.262624
-0.329982
-0.321495
-0.25226
-0.25953
-0.348727
-0.305304
-0.325576
-0.279744
-0.28137
-0.299452
-0.240602
-0.244561
-0.247546
-0.25147
-0.191456
-0.167344
-0.138639
-0.147356
-0.148898
-0.237975
-0.206266
-0.173843
-0.196776
-0.159538
-0.107568
-0.0610749
-0.0892929
-0.165306
-0.174205
-0.121879
-0.0948257
-0.0905264
-0.10309
-0.118124
-0.154669
-0.17824
-0.167518
-0.174401
-0.192743
-0.268098
-0.26256
-0.264195
-0.198147
-0.233353
-0.280422
-0.291412
-0.287672
-0.320215
-0.331547
-0.285383
-0.342554
-0.376243
-0.375972
-0.29564
-0.232016
-0.246061
-0.255862
-0.256982
-0.316885
-0.29698
-0.319445
-0.33222
-0.319418
-0.355556
-0.418346
-0.431228
-0.403406
-0.412896
-0.377979
-0.376213
-0.362401
-0.317961
-0.277789
-0.322514
-0.264904
-0.215155
-0.217727
-0.329978
-0.340393
-0.364495
-0.260279
-0.147092
-0.0245859
0.0291335
0.00982084
0.0177704
-0.0378639
-0.0639144
-0.147193
-0.167171
-0.140546
-0.219309
-0.254355
-0.234416
-0.212989
-0.269364
-0.216592
-0.226215
-0.327952
-0.310001
-0.270392
-0.286456
-0.245268
-0.197393
-0.235143
-0.255862
-0.316926
-0.285509
-0.272961
-0.222381
-0.250349
-0.361049
-0.351052
-0.339295
-0.321065
-0.297338
-0.32245
-0.344832
-0.35001
-0.381464
-0.37604
-0.347543
-0.41904
-0.393486
-0.420877
-0.436734
-0.514063
-0.590914
-0.611337
-0.51512
-0.544058
-0.543152
-0.506745
-0.448853
-0.489743
-0.555565
-0.547631
-0.520218
-0.630944
-0.618757
-0.655494
-0.665955
-0.514421
-0.529015
-0.494312
-0.52979
-0.532415
-0.474622
-0.501872
-0.528246
-0.522782
-0.504823
-0.507606
-0.551708
-0.461775
-0.43632
-0.402554
-0.426182
-0.434322
-0.436506
-0.470525
-0.404744
-0.40509
-0.440634
-0.398719
-0.400148
-0.394193
-0.369518
-0.324393
-0.324298
-0.38766
-0.430058
-0.442029
-0.446732
-0.439863
-0.481809
-0.51225
-0.560632
-0.561669
-0.574838
-0.594042
-0.641082
-0.654433
-0.672846
-0.700887
-0.78923
-0.761088
-0.677713
-0.631146
-0.595689
-0.640283
-0.70285
-0.734103
-0.760999
-0.822971
-0.814596
-0.768686
-0.753174
-0.686011
-0.711473
-0.689241
-0.752566
-0.793126
-0.746544
-0.767405
-0.789569
-0.756293
-0.74597
-0.776001
-0.868364
-0.868731
-0.849085
-0.892725
-0.846035
-0.986417
-1.03687
-1.02388
-1.0548
-1.01764
-0.996542
-0.980301
-1.00785
-0.985877
-0.949848
-0.92459
-0.954035
-0.913609
-0.963787
-0.921404
-0.922341
-0.948181
-0.874154
-0.851644
-0.920138
-0.917157
-0.933235
-0.954964
-1.00287
-0.971817
-0.979872
-0.854659
-0.920618
-0.863533
-0.854362
-0.918489
-0.924769
-0.963343
-0.771183
-0.664098
-0.628609
-0.72718
-0.629779
-0.617916
-0.645673
-0.599936
-0.677591
-0.613073
-0.614965
-0.687538
-0.661315
-0.701138
-0.752653
-0.829254
-0.770165
-0.798527
-0.761413
-0.805449
-0.858341
-0.851074
-0.872355
-0.864872
-0.783145
-0.89613
-0.781481
-0.846034
-0.963886
-1.04278
-1.02103
-1.09435
-1.2849
-1.21357
-1.29734
-1.32611
-1.27089
-1.24045
-1.18693
-1.11143
-1.08712
-0.969374
-0.937391
-0.999313
-0.912244
-1.01764
-1.05976
-1.12133
-1.0508
-1.06308
-1.13242
-1.14172
-1.0334
-1.01931
-1.00184
-1.08309
-1.07858
-1.12293
-1.13709
-1.25014
-1.24206
-1.23018
-1.25718
-1.27852
-1.3119
-1.37185
-1.48591
-1.46923
-1.42707
-1.5457
-1.54466
-1.53565
-1.59587
-1.55238
-1.58529
-1.58001
-1.55644
-1.48893
-1.43041
-1.371
-1.45222
-1.51701
-1.60617
-1.60037
-1.55675
-1.64135
-1.61709
-1.59016
-1.65929
-1.5637
-1.5214
-1.40753
-1.48912
-1.46083
-1.41776
-1.48859
-1.54741
-1.5351
-1.54976
-1.6446
-1.68133
-1.65803
-1.72239
-1.74493
-1.81174
-1.73399
-1.65752
-1.58262
-1.55616
-1.51617
-1.48628
-1.50076
-1.52827
-1.59983
-1.59174
-1.62588
-1.67154
-1.76654
-1.66666
-1.67717
-1.69876
-1.71651
-1.72344
-1.72913
-1.77735
-1.74898
-1.77004
-1.68851
-1.8349
-1.90456
-1.81314
-1.82849
-1.8445
-1.87135
-1.89249
-1.91686
-1.96168
-1.90403
-1.90006
-1.8475
-1.8256
-1.79282
-1.7867
-1.73547
-1.70925
-1.65823
-1.77093
-1.68195
-1.7558
-1.66888
-1.63644
-1.71982
-1.70935
-1.77917
-1.63075
-1.71891
-1.61104
-1.61279
-1.56311
-1.61283
-1.77221
-1.74029
-1.78797
-1.73872
-1.79198
-1.76933
-1.77311
-1.76016
-1.61274
-1.61232
-1.69033
-1.73093
-1.87448
-1.7734
-1.85521
-1.83712
-1.76781
-1.81188
-1.87547
-1.83864
-1.84661
-1.82414
-1.86606
-1.78894
-1.88816
-1.94261
-1.93533
-2.08432
-2.10091
-2.09107
-2.10845
-2.15345
-2.21185
-2.19921
-2.22365
-2.20583
-2.15327
-2.04493
-1.95256
-1.83752
-1.8643
-2.10781
-1.98529
-1.8121
-1.81642
-1.76748
-1.67841
-1.6588
-1.63291
-1.49635
-1.47393
-1.66152
-1.74442
-1.76978
-1.73515
-1.72616
-1.76058
-1.57644
-1.69788
-1.46152
-1.43808
-1.39389
-1.55254
-1.76105
-1.88965
-1.9866
-1.9428
-1.86206
-1.99199
-1.88167
-1.8951
-1.92458
-1.84895
-1.8982
-2.05473
-2.12704
-2.1236
-1.97003
-2.08636
-2.20607
-2.11118
-2.10158
-2.29587
-2.47498
-2.71556
-2.78429
-2.73069
-2.87023
-2.79696
-2.80302
-2.87113
-2.7831
-2.75463
-2.76901
-2.82867
-2.81179
-2.81079
-2.7797
-2.85224
-2.80966
-2.78348
-2.8214
-2.89477
-2.8482
-2.7974
-2.82365
-2.8917
-2.84328
-2.90793
-2.93066
-2.97323
-2.96762
-2.96324
-2.95155
-2.84512
-2.88954
-2.89426
-2.84218
-2.82694
-2.8283
-2.84922
-2.82719
-2.83213
-2.86378
-2.85645
-2.83719
-2.87232
-2.8339
-2.80724
-2.81869
-2.74064
-2.6517
-2.66554
-2.76666
-2.70653
-2.78104
-2.7547
-2.71501
-2.71006
-2.73538
-2.75859
-2.74507
-2.7082
-2.68092
-2.60407
-2.64125
-2.49675
-2.57703
-2.60148
-2.58033
-2.56104
-2.55878
-2.67107
-2.67271
-2.68541
-2.63065
-2.63859
-2.7082
-2.67932
-2.73277
-2.76913
-2.77591
-2.80784
-2.78862
-2.77128
-2.88017
-2.91056
-2.83931
-2.88687
-2.83789
-2.86128
-2.84837
-2.80696
-2.76101
-2.7477
-2.81299
-2.8222
-2.83924
-2.86437
-2.84607
-2.78555
-2.73203
-2.74535
-2.74281
-2.71202
-2.73594
-2.79676
-2.87897
-2.938
-2.82918
-2.86523
-2.83205
-2.80844
-2.88838
-2.91183
-2.93815
-2.95481
-3.03067
-3.07234
-3.03413
-2.98504
-2.96227
-3.02415
-3.05444
-2.97288
-2.98742
-3.02816
-3.09678
-3.09479
-3.04138
-3.03997
-3.02109
-3.02828
-3.11141
-3.03804
-2.99771
-2.93954
-2.90579
-2.88643
-2.87193
-2.89272
-2.96398
-2.89841
-2.92163
-2.87355
-2.89238
-2.85173
-2.75317
-2.78263
-2.78362
-2.7446
-2.80408
-2.85288
-2.83411
-2.81789
-2.87036
-2.86699
-2.86241
-2.9012
-2.91974
-2.93092
-2.94484
-3.00448
-2.99538
-2.98246
-2.95971
-2.90795
-2.90972
-2.94298
-2.93377
-2.97408
-2.9169
-2.93531
-2.9451
-2.9689
-2.93769
-2.98994
-3.00651
-2.99384
-3.01846
-3.01786
-3.03112
-3.00129
-2.94044
-2.90606
-2.80223
-2.79472
-2.74349
-2.76177
-2.74377
-2.73845
-2.72581
-2.71066
-2.72167
-2.69894
-2.6892
-2.63595
-2.62186
-2.62822
-2.64595
-2.61221
-2.6218
-2.66347
-2.64138
-2.66474
-2.67449
-2.67738
-2.60034
-2.64525
-2.71349
-2.69551
-2.65321
-2.60475
-2.62183
-2.60573
-2.55803
-2.57351
-2.55979
-2.59688
-2.58182
-2.6043
-2.6077
-2.60956
-2.64012
-2.68063
-2.69937
-2.67324
-2.63899
-2.6341
-2.58379
-2.64773
-2.66419
-2.65333
-2.61283
-2.59324
-2.5924
-2.66373
-2.67167
-2.72353
-2.71054
-2.72074
-2.6779
-2.71557
-2.79585
-2.7687
-2.79033
-2.82911
-2.8336
-2.85018
-2.79124
-2.78373
-2.83066
-2.86084
-2.83732
-2.83838
-2.86077
-2.82594
-2.78348
-2.8147
-2.80615
-2.84313
-2.74213
-2.80675
-2.81391
-2.86235
-2.82567
-2.80971
-2.82118
-2.80511
-2.84727
-2.79536
-2.8733
-2.8336
-2.85818
-2.86861
-2.85692
-2.83166
-2.84898
-2.86644
-2.81254
-2.85405
-2.8605
-2.80506
-2.7645
-2.76802
-2.7783
-2.74734
-2.69235
-2.69574
-2.68815
-2.6223
-2.60589
-2.59942
-2.62298
-2.62355
-2.6007
-2.64186
-2.63391
-2.58414
-2.56175
-2.54436
-2.49649
-2.56969
-2.47201
-2.46815
-2.44249
-2.38388
-2.42421
-2.43943
-2.45279
-2.46687
-2.50046
-2.45603
-2.45753
-2.52685
-2.52602
-2.44045
-2.43097
-2.46123
-2.41008
-2.43741
-2.39133
-2.35361
-2.33288
-2.3487
-2.35458
-2.35652
-2.33086
-2.27846
-2.29637
-2.33581
-2.38911
-2.39344
-2.40995
-2.42644
-2.45628
-2.43281
-2.42368
-2.39151
-2.37209
-2.38954
-2.39734
-2.32732
-2.29392
-2.33211
-2.34205
-2.3304
-2.31878
-2.32111
-2.26651
-2.32256
-2.33976
-2.33202
-2.30727
-2.30642
-2.33896
-2.33897
-2.32249
-2.33211
-2.34533
-2.32514
-2.35258
-2.33048
-2.33482
-2.40621
-2.3996
-2.36962
-2.40808
-2.37958
-2.39442
-2.41459
-2.47971
-2.49061
-2.45713
-2.42404
-2.39039
-2.40258
-2.40362
-2.39276
-2.41543
-2.40388
-2.31576
-2.29519
-2.31099
-2.29015
-2.27518
-2.27983
-2.27759
-2.3174
-2.28948
-2.3361
-2.22916
-2.26905
-2.27778
-2.2343
-2.26595
-2.29222
-2.30498
-2.33895
-2.35386
-2.3959
-2.40631
-2.36718
-2.36627
-2.3452
-2.37248
-2.38267
-2.34933
-2.31719
-2.26108
-2.26572
-2.25873
-2.31801
-2.35996
-2.33114
-2.36364
-2.34748
-2.3272
-2.27788
-2.22419
-2.25376
-2.32563
-2.27728
-2.30063
-2.30572
-2.32033
-2.33698
-2.32716
-2.25962
-2.23919
-2.22306
-2.25426
-2.24478
-2.26041
-2.2444
-2.29497
-2.2722
-2.28522
-2.33067
-2.31009
-2.3399
-2.3756
-2.34347
-2.31844
-2.29336
-2.24107
-2.27562
-2.24737
-2.24885
-2.26608
-2.27902
-2.26223
-2.24258
-2.21489
-2.21082
-2.20604
-2.24177
-2.18983
-2.16761
-2.15816
-2.11697
-2.11239
-2.11477
-2.11137
-2.11835
-2.10042
-2.19027
-2.18951
-2.18496
-2.18732
-2.21918
-2.21186
-2.21603
-2.24892
-2.27295
-2.27404
-2.28522
-2.24616
-2.20656
-2.19852
-2.1924
-2.20929
-2.20032
-2.16867
-2.1471
-2.15367
-2.18047
-2.12853
-2.12836
-2.16757
-2.20739
-2.20239
-2.21755
-2.20268
-2.19345
-2.19391
-2.1755
-2.19889
-2.19988
-2.24204
-2.22377
-2.18779
-2.18815
-2.18881
-2.17942
-2.18066
-2.16202
-2.14192
-2.16161
-2.16788
-2.16908
-2.19954
-2.19937
-2.18373
-2.17326
-2.19826
-2.19727
-2.19672
-2.20703
-2.20382
-2.19091
-2.17965
-2.17651
-2.1978
-2.22668
-2.23576
-2.23515
-2.23703
-2.2264
-2.26436
-2.25208
-2.26368
-2.2732
-2.26855
-2.26414
-2.27376
-2.27718
-2.30404
-2.31399
-2.32475
-2.32216
-2.3121
-2.32117
-2.32365
-2.34679
-2.33686
-2.33002
-2.28844
-2.30174
-2.30224
-2.29235
-2.28231
-2.27713
-2.28843
-2.29746
-2.3005
-2.2929
-2.2748
-2.26981
-2.2822
-2.29454
-2.30051
-2.28536
-2.30484
-2.29314
-2.26623
-2.25951
-2.30677
-2.29011
-2.27287
-2.27806
-2.27252
-2.27621
-2.27619
-2.28549
-2.28585
-2.29618
-2.30335
-2.29859
-2.30325
-2.28343
-2.28118
-2.29547
-2.29215
-2.30913
-2.34625
-2.34491
-2.37093
-2.39566
-2.39697
-2.39373
-2.38228
-2.36631
-2.37403
-2.37522
-2.38209
-2.37305
-2.39335
-2.38396
-2.37891
-2.38248
-2.38187
-2.37988
-2.36245
-2.33857
-2.3531
-2.34978
-2.34081
-2.37032
-2.36441
-2.37715
-2.40068
-2.40049
-2.40397
