-1	0
-0.999006	0.00198095
-0.998019	0.00394323
-0.997037	0.00588723
-0.996062	0.00781332
-0.995092	0.00972186
-0.994127	0.0116132
-0.993168	0.0134877
-0.992214	0.0153457
-0.991266	0.0171876
-0.990322	0.0190136
-0.989383	0.0208241
-0.988449	0.0226194
-0.987519	0.0243998
-0.986593	0.0261657
-0.985672	0.0279172
-0.984755	0.0296547
-0.983842	0.0313785
-0.982933	0.0330889
-0.982027	0.0347861
-0.981126	0.0364704
-0.980227	0.038142
-0.979333	0.0398013
-0.978441	0.0414484
-0.977553	0.0430836
-0.976667	0.0447072
-0.975785	0.0463193
-0.974906	0.0479202
-0.974029	0.0495102
-0.973155	0.0510894
-0.972283	0.0526581
-0.971414	0.0542165
-0.970548	0.0557647
-0.969683	0.057303
-0.968821	0.0588316
-0.967961	0.0603507
-0.967102	0.0618604
-0.966246	0.063361
-0.965392	0.0648526
-0.964539	0.0663354
-0.963688	0.0678096
-0.962839	0.0692753
-0.961991	0.0707328
-0.961144	0.0721821
-0.960299	0.0736235
-0.959455	0.0750571
-0.958612	0.076483
-0.95777	0.0779014
-0.95693	0.0793124
-0.95609	0.0807163
-0.955251	0.082113
-0.954413	0.0835028
-0.953576	0.0848858
-0.952739	0.0862622
-0.951904	0.087632
-0.951068	0.0889953
-0.950233	0.0903524
-0.949399	0.0917033
-0.948565	0.0930482
-0.947732	0.0943871
-0.946898	0.0957201
-0.946065	0.0970475
-0.945232	0.0983692
-0.944399	0.0996855
-0.943566	0.100996
-0.942734	0.102302
-0.941901	0.103602
-0.941068	0.104897
-0.940234	0.106188
-0.939401	0.107473
-0.938567	0.108753
-0.937733	0.110029
-0.936899	0.1113
-0.936064	0.112567
-0.935229	0.113829
-0.934394	0.115086
-0.933557	0.11634
-0.932721	0.117589
-0.931883	0.118834
-0.931045	0.120074
-0.930207	0.121311
-0.929367	0.122544
-0.928527	0.123773
-0.927686	0.124998
-0.926844	0.126219
-0.926001	0.127437
-0.925157	0.128651
-0.924313	0.129862
-0.923467	0.131069
-0.92262	0.132272
-0.921772	0.133472
-0.920923	0.134669
-0.920073	0.135863
-0.919222	0.137053
-0.91837	0.138241
-0.917516	0.139425
-0.916661	0.140606
-0.915805	0.141784
-0.914947	0.142959
-0.914088	0.144131
-0.913228	0.145301
-0.912366	0.146467
-0.911503	0.147631
-0.910639	0.148792
-0.909773	0.149951
-0.908905	0.151107
-0.908036	0.15226
-0.907165	0.15341
-0.906293	0.154558
-0.905419	0.155704
-0.904543	0.156847
-0.903666	0.157988
-0.902787	0.159126
-0.901906	0.160262
-0.901024	0.161396
-0.90014	0.162528
-0.899254	0.163657
-0.898366	0.164784
-0.897477	0.165909
-0.896586	0.167031
-0.895692	0.168152
-0.894797	0.16927
-0.8939	0.170387
-0.893001	0.171501
-0.8921	0.172614
-0.891198	0.173724
-0.890293	0.174833
-0.889386	0.175939
-0.888477	0.177044
-0.887567	0.178147
-0.886654	0.179248
-0.885739	0.180347
-0.884822	0.181444
-0.883903	0.18254
-0.882982	0.183634
-0.882058	0.184726
-0.881133	0.185816
-0.880205	0.186905
-0.879276	0.187992
-0.878344	0.189077
-0.87741	0.190161
-0.876473	0.191243
-0.875535	0.192323
-0.874594	0.193402
-0.873651	0.194479
-0.872706	0.195555
-0.871758	0.196629
-0.870808	0.197702
-0.869856	0.198773
-0.868902	0.199843
-0.867945	0.200911
-0.866986	0.201978
-0.866024	0.203043
-0.86506	0.204107
-0.864094	0.205169
-0.863126	0.20623
-0.862155	0.20729
-0.861181	0.208348
-0.860205	0.209405
-0.859227	0.210461
-0.858247	0.211515
-0.857264	0.212568
-0.856278	0.21362
-0.85529	0.21467
-0.8543	0.215719
-0.853307	0.216767
-0.852311	0.217814
-0.851313	0.218859
-0.850313	0.219903
-0.84931	0.220945
-0.848304	0.221987
-0.847296	0.223027
-0.846286	0.224066
-0.845273	0.225104
-0.844257	0.226141
-0.843239	0.227176
-0.842218	0.228211
-0.841195	0.229244
-0.840169	0.230276
-0.83914	0.231307
-0.838109	0.232336
-0.837075	0.233365
-0.836039	0.234392
-0.835	0.235419
-0.833958	0.236444
-0.832914	0.237468
-0.831867	0.238491
-0.830817	0.239513
-0.829765	0.240534
-0.82871	0.241553
-0.827652	0.242572
-0.826592	0.243589
-0.825529	0.244606
-0.824463	0.245621
-0.823395	0.246636
-0.822324	0.247649
-0.82125	0.248661
-0.820174	0.249673
-0.819094	0.250683
-0.818012	0.251692
-0.816928	0.2527
-0.81584	0.253707
-0.81475	0.254714
-0.813657	0.255719
-0.812562	0.256723
-0.811463	0.257726
-0.810362	0.258728
-0.809258	0.259729
-0.808151	0.26073
-0.807042	0.261729
-0.80593	0.262727
-0.804815	0.263724
-0.803697	0.264721
-0.802576	0.265716
-0.801453	0.26671
-0.800326	0.267704
-0.799197	0.268696
-0.798065	0.269688
-0.796931	0.270678
-0.795793	0.271668
-0.794653	0.272657
-0.793509	0.273644
-0.792363	0.274631
-0.791214	0.275617
-0.790063	0.276602
-0.788908	0.277586
-0.78775	0.278569
-0.78659	0.279551
-0.785427	0.280533
-0.784261	0.281513
-0.783092	0.282492
-0.78192	0.283471
-0.780745	0.284449
-0.779567	0.285425
-0.778387	0.286401
-0.777203	0.287376
-0.776017	0.28835
-0.774828	0.289324
-0.773636	0.290296
-0.772441	0.291267
-0.771243	0.292238
-0.770042	0.293208
-0.768838	0.294176
-0.767631	0.295144
-0.766421	0.296111
-0.765209	0.297077
-0.763993	0.298043
-0.762774	0.299007
-0.761553	0.299971
-0.760329	0.300934
-0.759101	0.301895
-0.757871	0.302856
-0.756637	0.303817
-0.755401	0.304776
-0.754162	0.305734
-0.752919	0.306692
-0.751674	0.307649
-0.750426	0.308605
-0.749175	0.30956
-0.74792	0.310514
-0.746663	0.311467
-0.745403	0.31242
-0.744139	0.313371
-0.742873	0.314322
-0.741604	0.315272
-0.740332	0.316222
-0.739056	0.31717
-0.737778	0.318118
-0.736496	0.319064
-0.735212	0.32001
-0.733924	0.320955
-0.732634	0.3219
-0.73134	0.322843
-0.730044	0.323786
-0.728744	0.324728
-0.727441	0.325669
-0.726135	0.326609
-0.724826	0.327548
-0.723514	0.328487
-0.722199	0.329425
-0.720881	0.330362
-0.71956	0.331298
-0.718235	0.332233
-0.716908	0.333168
-0.715577	0.334101
-0.714244	0.335034
-0.712907	0.335967
-0.711567	0.336898
-0.710224	0.337829
-0.708878	0.338758
-0.707529	0.339688
-0.706177	0.340616
-0.704821	0.341543
-0.703462	0.34247
-0.702101	0.343396
-0.700736	0.344321
-0.699368	0.345245
-0.697996	0.346169
-0.696622	0.347092
-0.695244	0.348014
-0.693864	0.348935
-0.69248	0.349855
-0.691093	0.350775
-0.689702	0.351694
-0.688309	0.352612
-0.686912	0.35353
-0.685512	0.354446
-0.684109	0.355362
-0.682703	0.356277
-0.681293	0.357192
-0.679881	0.358105
-0.678465	0.359018
-0.677046	0.35993
-0.675623	0.360841
-0.674197	0.361752
-0.672769	0.362662
-0.671336	0.363571
-0.669901	0.364479
-0.668462	0.365387
-0.66702	0.366294
-0.665575	0.3672
-0.664127	0.368105
-0.662675	0.36901
-0.66122	0.369914
-0.659762	0.370817
-0.6583	0.371719
-0.656835	0.372621
-0.655367	0.373522
-0.653895	0.374422
-0.65242	0.375322
-0.650942	0.37622
-0.649461	0.377118
-0.647976	0.378016
-0.646488	0.378912
-0.644996	0.379808
-0.643501	0.380703
-0.642003	0.381598
-0.640501	0.382492
-0.638996	0.383385
-0.637488	0.384277
-0.635976	0.385168
-0.634461	0.386059
-0.632943	0.386949
-0.631421	0.387839
-0.629895	0.388728
-0.628367	0.389616
-0.626835	0.390503
-0.625299	0.39139
-0.62376	0.392276
-0.622218	0.393161
-0.620672	0.394045
-0.619122	0.394929
-0.61757	0.395813
-0.616013	0.396695
-0.614454	0.397577
-0.612891	0.398458
-0.611324	0.399338
-0.609754	0.400218
-0.60818	0.401097
-0.606603	0.401975
-0.605022	0.402853
-0.603438	0.40373
-0.60185	0.404606
-0.600259	0.405482
-0.598664	0.406357
-0.597066	0.407231
-0.595464	0.408105
-0.593859	0.408978
-0.59225	0.40985
-0.590638	0.410722
-0.589021	0.411593
-0.587402	0.412463
-0.585778	0.413333
-0.584152	0.414202
-0.582521	0.41507
-0.580887	0.415938
-0.579249	0.416805
-0.577608	0.417672
-0.575963	0.418537
-0.574314	0.419402
-0.572662	0.420267
-0.571006	0.421131
-0.569346	0.421994
-0.567683	0.422856
-0.566016	0.423718
-0.564346	0.424579
-0.562671	0.42544
-0.560993	0.4263
-0.559311	0.427159
-0.557626	0.428018
-0.555937	0.428876
-0.554244	0.429734
-0.552547	0.430591
-0.550846	0.431447
-0.549142	0.432302
-0.547434	0.433157
-0.545722	0.434012
-0.544007	0.434866
-0.542287	0.435719
-0.540564	0.436571
-0.538837	0.437423
-0.537106	0.438274
-0.535371	0.439125
-0.533633	0.439975
-0.53189	0.440825
-0.530144	0.441674
-0.528394	0.442522
-0.52664	0.44337
-0.524882	0.444217
-0.52312	0.445063
-0.521355	0.445909
-0.519585	0.446755
-0.517811	0.447599
-0.516034	0.448444
-0.514252	0.449287
-0.512467	0.45013
-0.510678	0.450973
-0.508884	0.451814
-0.507087	0.452656
-0.505285	0.453496
-0.50348	0.454337
-0.501671	0.455176
-0.499857	0.456015
-0.49804	0.456854
-0.496218	0.457692
-0.494393	0.458529
-0.492563	0.459366
-0.490729	0.460202
-0.488891	0.461038
-0.48705	0.461873
-0.485204	0.462707
-0.483353	0.463541
-0.481499	0.464375
-0.479641	0.465208
-0.477778	0.46604
-0.475911	0.466872
-0.47404	0.467703
-0.472165	0.468534
-0.470286	0.469364
-0.468402	0.470194
-0.466514	0.471023
-0.464622	0.471852
-0.462726	0.47268
-0.460825	0.473507
-0.458921	0.474334
-0.457012	0.475161
-0.455098	0.475987
-0.45318	0.476812
-0.451258	0.477638
-0.449332	0.478462
-0.447401	0.479286
-0.445466	0.48011
-0.443527	0.480933
-0.441583	0.481755
-0.439635	0.482577
-0.437682	0.483398
-0.435725	0.48422
-0.433763	0.48504
-0.431797	0.48586
-0.429827	0.48668
-0.427852	0.487499
-0.425873	0.488317
-0.423889	0.489135
-0.4219	0.489953
-0.419907	0.49077
-0.41791	0.491587
-0.415908	0.492403
-0.413901	0.493219
-0.41189	0.494034
-0.409874	0.494849
-0.407854	0.495663
-0.405829	0.496477
-0.403799	0.49729
-0.401765	0.498103
-0.399726	0.498916
-0.397682	0.499728
-0.395634	0.50054
-0.39358	0.501351
-0.391523	0.502161
-0.38946	0.502972
-0.387393	0.503782
-0.385321	0.504591
-0.383244	0.5054
-0.381162	0.506209
-0.379075	0.507017
-0.376984	0.507824
-0.374888	0.508632
-0.372786	0.509439
-0.37068	0.510245
-0.36857	0.511051
-0.366454	0.511857
-0.364333	0.512662
-0.362207	0.513467
-0.360077	0.514271
-0.357941	0.515075
-0.3558	0.515879
-0.353655	0.516682
-0.351504	0.517485
-0.349348	0.518287
-0.347187	0.519089
-0.345021	0.519891
-0.34285	0.520692
-0.340674	0.521493
-0.338493	0.522294
-0.336306	0.523094
-0.334115	0.523893
-0.331918	0.524693
-0.329716	0.525492
-0.327508	0.526291
-0.325296	0.527089
-0.323078	0.527887
-0.320855	0.528684
-0.318627	0.529482
-0.316393	0.530278
-0.314154	0.531075
-0.31191	0.531871
-0.30966	0.532667
-0.307405	0.533462
-0.305144	0.534258
-0.302878	0.535052
-0.300606	0.535847
-0.298329	0.536641
-0.296047	0.537435
-0.293759	0.538228
-0.291465	0.539022
-0.289166	0.539815
-0.286862	0.540607
-0.284551	0.541399
-0.282235	0.542191
-0.279914	0.542983
-0.277587	0.543774
-0.275254	0.544565
-0.272915	0.545356
-0.270571	0.546146
-0.268221	0.546937
-0.265865	0.547726
-0.263503	0.548516
-0.261136	0.549305
-0.258762	0.550094
-0.256383	0.550883
-0.253998	0.551672
-0.251607	0.55246
-0.24921	0.553248
-0.246807	0.554035
-0.244398	0.554823
-0.241983	0.55561
-0.239563	0.556397
-0.237136	0.557184
-0.234703	0.55797
-0.232263	0.558756
-0.229818	0.559542
-0.227367	0.560328
-0.224909	0.561113
-0.222445	0.561898
-0.219975	0.562683
-0.217499	0.563468
-0.215017	0.564253
-0.212528	0.565037
-0.210033	0.565821
-0.207531	0.566605
-0.205023	0.567389
-0.202509	0.568172
-0.199988	0.568955
-0.197461	0.569739
-0.194927	0.570521
-0.192387	0.571304
-0.18984	0.572087
-0.187287	0.572869
-0.184727	0.573651
-0.182161	0.574433
-0.179588	0.575215
-0.177008	0.575996
-0.174421	0.576778
-0.171828	0.577559
-0.169228	0.57834
-0.166621	0.579121
-0.164007	0.579902
-0.161387	0.580683
-0.158759	0.581463
-0.156125	0.582244
-0.153484	0.583024
-0.150835	0.583804
-0.14818	0.584584
-0.145518	0.585364
-0.142848	0.586143
-0.140172	0.586923
-0.137488	0.587702
-0.134797	0.588482
-0.132099	0.589261
-0.129394	0.59004
-0.126682	0.590819
-0.123962	0.591598
-0.121235	0.592377
-0.1185	0.593156
-0.115758	0.593934
-0.113009	0.594713
-0.110252	0.595491
-0.107488	0.59627
-0.104716	0.597048
-0.101937	0.597827
-0.0991498	0.598605
-0.0963551	0.599383
-0.0935528	0.600161
-0.0907428	0.600939
-0.087925	0.601717
-0.0850995	0.602495
-0.0822661	0.603273
-0.0794249	0.604051
-0.0765757	0.604829
-0.0737187	0.605607
-0.0708536	0.606385
-0.0679806	0.607162
-0.0650995	0.60794
-0.0622103	0.608718
-0.0593129	0.609496
-0.0564074	0.610273
-0.0534937	0.611051
-0.0505718	0.611829
-0.0476415	0.612607
-0.044703	0.613385
-0.041756	0.614163
-0.0388007	0.61494
-0.0358369	0.615718
-0.0328645	0.616496
-0.0298837	0.617274
-0.0268943	0.618052
-0.0238962	0.61883
-0.0208895	0.619608
-0.017874	0.620387
-0.0148498	0.621165
-0.0118168	0.621943
-0.00877494	0.622721
-0.00572419	0.6235
-0.0026645	0.624278
0.000404172	0.625057
0.00346449	0.625836
0.00651644	0.626615
0.00956002	0.627393
0.0125952	0.628172
0.0156221	0.628951
0.0186405	0.62973
0.0216506	0.630509
0.0246523	0.631288
0.0276457	0.632067
0.0306306	0.632846
0.0336072	0.633625
0.0365755	0.634405
0.0395353	0.635184
0.0424869	0.635963
0.04543	0.636742
0.0483649	0.637521
0.0512914	0.6383
0.0542096	0.639079
0.0571194	0.639858
0.060021	0.640637
0.0629143	0.641416
0.0657992	0.642195
0.068676	0.642974
0.0715444	0.643752
0.0744046	0.644531
0.0772566	0.64531
0.0801004	0.646088
0.0829359	0.646867
0.0857633	0.647646
0.0885825	0.648424
0.0913935	0.649203
0.0941964	0.649981
0.0969912	0.650759
0.0997779	0.651537
0.102556	0.652316
0.105327	0.653094
0.108089	0.653872
0.110844	0.65465
0.11359	0.655428
0.116329	0.656205
0.119059	0.656983
0.121782	0.657761
0.124496	0.658538
0.127203	0.659316
0.129902	0.660093
0.132593	0.660871
0.135276	0.661648
0.137951	0.662425
0.140618	0.663202
0.143278	0.66398
0.14593	0.664757
0.148574	0.665534
0.151211	0.66631
0.153839	0.667087
0.15646	0.667864
0.159074	0.668641
0.16168	0.669417
0.164278	0.670194
0.166869	0.67097
0.169452	0.671747
0.172028	0.672523
0.174596	0.673299
0.177156	0.674076
0.17971	0.674852
0.182255	0.675628
0.184794	0.676404
0.187325	0.67718
0.189849	0.677956
0.192365	0.678732
0.194874	0.679508
0.197376	0.680284
0.19987	0.68106
0.202358	0.681835
0.204838	0.682611
0.207311	0.683387
0.209777	0.684163
0.212236	0.684938
0.214687	0.685714
0.217132	0.68649
0.21957	0.687265
0.222	0.688041
0.224424	0.688816
0.226841	0.689592
0.22925	0.690367
0.231653	0.691143
0.234049	0.691919
0.236438	0.692694
0.23882	0.69347
0.241196	0.694245
0.243565	0.695021
0.245927	0.695797
0.248282	0.696572
0.25063	0.697348
0.252972	0.698124
0.255307	0.698899
0.257636	0.699675
0.259958	0.700451
0.262273	0.701227
0.264582	0.702002
0.266885	0.702778
0.269181	0.703554
0.27147	0.70433
0.273753	0.705106
0.27603	0.705883
0.2783	0.706659
0.280564	0.707435
0.282821	0.708211
0.285072	0.708988
0.287317	0.709764
0.289556	0.710541
0.291788	0.711318
0.294014	0.712094
0.296234	0.712871
0.298448	0.713648
0.300656	0.714425
0.302857	0.715202
0.305053	0.71598
0.307242	0.716757
0.309426	0.717535
0.311603	0.718312
0.313774	0.71909
0.31594	0.719868
0.318099	0.720646
0.320253	0.721424
0.3224	0.722202
0.324542	0.722981
0.326678	0.723759
0.328808	0.724538
0.330932	0.725317
0.333051	0.726096
0.335163	0.726875
0.33727	0.727655
0.339372	0.728434
0.341467	0.729214
0.343557	0.729994
0.345641	0.730774
0.34772	0.731555
0.349793	0.732335
0.35186	0.733116
0.353922	0.733897
0.355979	0.734678
0.35803	0.735459
0.360075	0.736241
0.362115	0.737023
0.364149	0.737805
0.366178	0.738587
0.368202	0.73937
0.37022	0.740152
0.372233	0.740935
0.37424	0.741718
0.376243	0.742502
0.37824	0.743286
0.380231	0.74407
0.382217	0.744854
0.384199	0.745638
0.386175	0.746423
0.388145	0.747208
0.390111	0.747994
0.392071	0.748779
0.394026	0.749565
0.395976	0.750351
0.397921	0.751138
0.399861	0.751925
0.401796	0.752712
0.403726	0.753499
0.405651	0.754287
0.407571	0.755075
0.409485	0.755863
0.411395	0.756652
0.4133	0.757441
0.4152	0.75823
0.417095	0.75902
0.418985	0.75981
0.420871	0.7606
0.422751	0.761391
0.424627	0.762182
0.426498	0.762974
0.428364	0.763766
0.430225	0.764558
0.432081	0.76535
0.433933	0.766143
0.43578	0.766937
0.437622	0.76773
0.43946	0.768524
0.441292	0.769319
0.443121	0.770114
0.444944	0.770909
0.446763	0.771705
0.448577	0.772501
0.450387	0.773297
0.452192	0.774094
0.453993	0.774891
0.455789	0.775689
0.45758	0.776487
0.459367	0.777286
0.46115	0.778085
0.462928	0.778884
0.464701	0.779684
0.46647	0.780485
0.468235	0.781286
0.469995	0.782087
0.471751	0.782889
0.473502	0.783691
0.475249	0.784494
0.476992	0.785297
0.47873	0.7861
0.480464	0.786904
0.482194	0.787709
0.483919	0.788514
0.48564	0.78932
0.487357	0.790126
0.489069	0.790932
0.490777	0.791739
0.492481	0.792547
0.494181	0.793355
0.495877	0.794163
0.497568	0.794973
0.499255	0.795782
0.500938	0.796592
0.502617	0.797403
0.504292	0.798214
0.505962	0.799026
0.507629	0.799838
0.509291	0.800651
0.51095	0.801465
0.512604	0.802278
0.514254	0.803093
0.5159	0.803908
0.517542	0.804724
0.51918	0.80554
0.520814	0.806357
0.522444	0.807174
0.52407	0.807992
0.525692	0.80881
0.52731	0.809629
0.528924	0.810449
0.530534	0.811269
0.532141	0.81209
0.533743	0.812911
0.535341	0.813733
0.536936	0.814556
0.538526	0.815379
0.540113	0.816203
0.541696	0.817028
0.543275	0.817853
0.54485	0.818679
0.546422	0.819505
0.547989	0.820332
0.549553	0.821159
0.551113	0.821988
0.552669	0.822817
0.554221	0.823646
0.55577	0.824476
0.557315	0.825307
0.558856	0.826139
0.560393	0.826971
0.561927	0.827804
0.563456	0.828637
0.564983	0.829471
0.566505	0.830306
0.568024	0.831141
0.569539	0.831978
0.57105	0.832814
0.572558	0.833652
0.574062	0.83449
0.575563	0.835329
0.577059	0.836169
0.578553	0.837009
0.580042	0.83785
0.581528	0.838692
0.58301	0.839534
0.584489	0.840377
0.585964	0.841221
0.587436	0.842066
0.588904	0.842911
0.590369	0.843757
0.59183	0.844604
0.593287	0.845451
0.594741	0.846299
0.596191	0.847148
0.597638	0.847998
0.599081	0.848848
0.600521	0.849699
0.601958	0.850551
0.60339	0.851404
0.60482	0.852257
0.606246	0.853111
0.607668	0.853966
0.609087	0.854822
0.610503	0.855678
0.611915	0.856535
0.613323	0.857393
0.614729	0.858252
0.616131	0.859112
0.617529	0.859972
0.618924	0.860833
0.620316	0.861695
0.621704	0.862558
0.623089	0.863421
0.62447	0.864285
0.625848	0.86515
0.627223	0.866016
0.628594	0.866883
0.629962	0.86775
0.631327	0.868618
0.632689	0.869487
0.634047	0.870357
0.635401	0.871228
0.636753	0.8721
0.638101	0.872972
0.639446	0.873845
0.640787	0.874719
0.642125	0.875594
0.64346	0.87647
0.644792	0.877346
0.64612	0.878223
0.647445	0.879102
0.648767	0.879981
0.650085	0.88086
0.651401	0.881741
0.652713	0.882623
0.654021	0.883505
0.655327	0.884388
0.656629	0.885272
0.657928	0.886157
0.659224	0.887043
0.660517	0.88793
0.661806	0.888818
0.663093	0.889706
0.664376	0.890595
0.665655	0.891486
0.666932	0.892377
0.668206	0.893269
0.669476	0.894161
0.670743	0.895055
0.672007	0.89595
0.673268	0.896845
0.674525	0.897742
0.675779	0.898639
0.677031	0.899537
0.678279	0.900436
0.679524	0.901336
0.680766	0.902237
0.682004	0.903139
0.68324	0.904042
0.684472	0.904945
0.685702	0.90585
0.686928	0.906755
0.688151	0.907662
0.689371	0.908569
0.690587	0.909477
0.691801	0.910386
0.693012	0.911296
0.694219	0.912207
0.695424	0.913119
0.696625	0.914032
0.697823	0.914946
0.699018	0.915861
0.70021	0.916776
0.701399	0.917693
0.702585	0.918611
0.703768	0.919529
0.704948	0.920449
0.706124	0.921369
0.707298	0.92229
0.708469	0.923213
