1.10715
1.10586
1.10456
1.10325
1.10193
1.10059
1.09925
1.09789
1.09652
1.09514
1.09375
1.09235
1.09093
1.08951
1.08807
1.08663
1.08517
1.0837
1.08222
1.08073
1.07923
1.07772
1.0762
1.07467
1.07313
1.07158
1.07002
1.06845
1.06687
1.06528
1.06369
1.06208
1.06046
1.05884
1.05721
1.05556
1.05391
1.05226
1.05059
1.04891
1.04723
1.04554
1.04384
1.04213
1.04042
1.0387
1.03697
1.03524
1.03349
1.03175
1.02999
1.02823
1.02646
1.02469
1.0229
1.02112
1.01932
1.01753
1.01572
1.01391
1.0121
1.01028
1.00845
1.00662
1.00479
1.00295
1.0011
0.999256
0.997403
0.995546
0.993685
0.99182
0.989952
0.988079
0.986203
0.984323
0.98244
0.980554
0.978665
0.976773
0.974878
0.97298
0.971079
0.969176
0.96727
0.965362
0.963452
0.96154
0.959625
0.957709
0.955791
0.953871
0.95195
0.950026
0.948102
0.946176
0.944249
0.942321
0.940391
0.938461
0.936529
0.934597
0.932664
0.930731
0.928797
0.926862
0.924927
0.922992
0.921056
0.91912
0.917184
0.915248
0.913312
0.911377
0.909441
0.907506
0.905571
0.903636
0.901702
0.899768
0.897835
0.895902
0.89397
0.892039
0.890109
0.888179
0.886251
0.884323
0.882397
0.880471
0.878547
0.876624
0.874702
0.872782
0.870862
0.868945
0.867028
0.865113
0.8632
0.861288
0.859378
0.857469
0.855562
0.853657
0.851753
0.849852
0.847952
0.846054
0.844158
0.842264
0.840372
0.838482
0.836594
0.834708
0.832824
0.830942
0.829063
0.827185
0.82531
0.823437
0.821567
0.819699
0.817833
0.815969
0.814108
0.812249
0.810393
0.808539
0.806688
0.804839
0.802993
0.801149
0.799308
0.79747
0.795634
0.7938
0.79197
0.790142
0.788317
0.786494
0.784674
0.782857
0.781043
0.779231
0.777422
0.775616
0.773813
0.772013
0.770215
0.768421
0.766629
0.76484
0.763054
0.761271
0.759491
0.757713
0.755939
0.754168
0.752399
0.750634
0.748871
0.747112
0.745355
0.743602
0.741851
0.740104
0.738359
0.736618
0.73488
0.733144
0.731412
0.729683
0.727957
0.726234
0.724514
0.722797
0.721083
0.719373
0.717665
0.715961
0.714259
0.712561
0.710866
0.709174
0.707485
0.705799
0.704117
0.702437
0.700761
0.699088
0.697418
0.695751
0.694088
0.692427
0.69077
0.689115
0.687464
0.685817
0.684172
0.68253
0.680892
0.679257
0.677625
0.675996
0.67437
0.672748
0.671128
0.669512
0.667899
0.666289
0.664683
0.663079
0.661479
0.659882
0.658288
0.656697
0.65511
0.653525
0.651944
0.650366
0.648791
0.647219
0.645651
0.644085
0.642523
0.640964
0.639408
0.637855
0.636306
0.634759
0.633216
0.631676
0.630139
0.628605
0.627074
0.625547
0.624022
0.622501
0.620983
0.619468
0.617956
0.616448
0.614942
0.61344
0.61194
0.610444
0.608951
0.607461
0.605974
0.604491
0.60301
0.601532
0.600058
0.598587
0.597119
0.595653
0.594191
0.592732
0.591277
0.589824
0.588374
0.586928
0.585484
0.584044
0.582606
0.581172
0.57974
0.578312
0.576887
0.575465
0.574046
0.57263
0.571217
0.569807
0.5684
0.566996
0.565595
0.564197
0.562802
0.56141
0.560021
0.558635
0.557253
0.555873
0.554496
0.553122
0.551751
0.550383
0.549018
0.547656
0.546297
0.544941
0.543588
0.542237
0.54089
0.539546
0.538204
0.536866
0.535531
0.534198
0.532868
0.531542
0.530218
0.528897
0.527579
0.526264
0.524951
0.523642
0.522336
0.521032
0.519731
0.518434
0.517139
0.515847
0.514557
0.513271
0.511987
0.510707
0.509429
0.508154
0.506882
0.505612
0.504346
0.503082
0.501821
0.500563
0.499308
0.498055
0.496806
0.495559
0.494314
0.493073
0.491835
0.490599
0.489366
0.488135
0.486908
0.485683
0.484461
0.483242
0.482025
0.480811
0.4796
0.478392
0.477186
0.475983
0.474783
0.473586
0.472391
0.471199
0.470009
0.468823
0.467638
0.466457
0.465278
0.464102
0.462929
0.461758
0.46059
0.459424
0.458262
0.457101
0.455944
0.454789
0.453637
0.452487
0.45134
0.450195
0.449054
0.447914
0.446778
0.445644
0.444512
0.443383
0.442257
0.441133
0.440012
0.438893
0.437777
0.436663
0.435552
0.434444
0.433338
0.432234
0.431133
0.430035
0.428939
0.427846
0.426755
0.425667
0.424581
0.423497
0.422417
0.421338
0.420262
0.419189
0.418118
0.417049
0.415983
0.414919
0.413858
0.4128
0.411743
0.410689
0.409638
0.408589
0.407542
0.406498
0.405456
0.404417
0.40338
0.402345
0.401313
0.400283
0.399256
0.398231
0.397208
0.396188
0.39517
0.394154
0.393141
0.39213
0.391121
0.390115
0.389111
0.38811
0.38711
0.386113
0.385119
0.384126
0.383136
0.382149
0.381163
0.38018
0.379199
0.378221
0.377244
0.37627
0.375298
0.374329
0.373362
0.372397
0.371434
0.370473
0.369515
0.368559
0.367605
0.366653
0.365704
0.364757
0.363812
0.362869
0.361928
0.36099
0.360054
0.35912
0.358188
0.357258
0.356331
0.355405
0.354482
0.353561
0.352642
0.351726
0.350811
0.349899
0.348988
0.34808
0.347174
0.34627
0.345368
0.344469
0.343571
0.342676
0.341782
0.340891
0.340002
0.339114
0.338229
0.337346
0.336466
0.335587
0.33471
0.333835
0.332962
0.332092
0.331223
0.330357
0.329492
0.32863
0.327769
0.326911
0.326054
0.3252
0.324347
0.323497
0.322648
0.321802
0.320957
0.320115
0.319274
0.318436
0.317599
0.316765
0.315932
0.315102
0.314273
0.313446
0.312621
0.311798
0.310977
0.310158
0.309341
0.308526
0.307713
0.306902
0.306092
0.305285
0.304479
0.303675
0.302873
0.302073
0.301275
0.300479
0.299685
0.298892
0.298102
0.297313
0.296526
0.295741
0.294958
0.294177
0.293397
0.29262
0.291844
0.29107
0.290298
0.289527
0.288759
0.287992
0.287227
0.286464
0.285703
0.284943
0.284185
0.283429
0.282675
0.281923
0.281172
0.280423
0.279676
0.278931
0.278187
0.277445
0.276705
0.275967
0.27523
0.274496
0.273762
0.273031
0.272301
0.271573
0.270847
0.270122
0.2694
0.268679
0.267959
0.267241
0.266525
0.265811
0.265098
0.264387
0.263678
0.26297
0.262264
0.26156
0.260857
0.260156
0.259457
0.258759
0.258063
0.257368
0.256676
0.255984
0.255295
0.254607
0.25392
0.253236
0.252553
0.251871
0.251191
0.250513
0.249836
0.249161
0.248488
0.249163
0.249839
0.250517
0.251196
0.251877
0.25256
0.253244
0.253929
0.254616
0.255305
0.255995
0.256687
0.25738
0.258075
0.258772
0.25947
0.26017
0.260871
0.261575
0.26228
0.262986
0.263694
0.264404
0.265116
0.26583
0.266545
0.267262
0.267981
0.268701
0.269424
0.270148
0.270874
0.271601
0.272331
0.273063
0.273796
0.274531
0.275268
0.276007
0.276748
0.277491
0.278236
0.278982
0.279731
0.280482
0.281234
0.281989
0.282745
0.283503
0.284264
0.285026
0.285791
0.286558
0.287326
0.288097
0.288869
0.289644
0.290421
0.2912
0.291981
0.292764
0.29355
0.294337
0.295126
0.295918
0.296712
0.297508
0.298306
0.299107
0.299909
0.300714
0.301521
0.30233
0.303142
0.303955
0.304771
0.305589
0.30641
0.307233
0.308058
0.308885
0.309714
0.310546
0.311381
0.312217
0.313056
0.313897
0.314741
0.315587
0.316435
0.317286
0.318139
0.318994
0.319852
0.320712
0.321575
0.32244
0.323308
0.324178
0.32505
0.325925
0.326803
0.327683
0.328565
0.32945
0.330337
0.331227
0.332119
0.333014
0.333912
0.334812
0.335714
0.33662
0.337527
0.338437
0.33935
0.340266
0.341184
0.342104
0.343028
0.343954
0.344882
0.345813
0.346747
0.347683
0.348623
0.349564
0.350509
0.351456
0.352406
0.353358
0.354314
0.355272
0.356232
0.357196
0.358162
0.359131
0.360102
0.361077
0.362054
0.363034
0.364017
0.365002
0.365991
0.366982
0.367976
0.368972
0.369972
0.370975
0.37198
0.372988
0.373999
0.375013
0.37603
0.377049
0.378072
0.379097
0.380126
0.381157
0.382191
0.383228
0.384268
0.385311
0.386357
0.387406
0.388458
0.389513
0.39057
0.391631
0.392695
0.393762
0.394831
0.395904
0.39698
0.398059
0.399141
0.400225
0.401313
0.402404
0.403498
0.404596
0.405696
0.406799
0.407905
0.409015
0.410128
0.411243
0.412362
0.413484
0.414609
0.415737
0.416869
0.418003
0.419141
0.420282
0.421426
0.422573
0.423724
0.424877
0.426034
0.427194
0.428357
0.429524
0.430693
0.431866
0.433042
0.434222
0.435405
0.436591
0.43778
0.438972
0.440168
0.441367
0.44257
0.443775
0.444984
0.446197
0.447412
0.448631
0.449854
0.451079
0.452308
0.453541
0.454776
0.456015
0.457258
0.458504
0.459753
0.461006
0.462262
0.463521
0.464784
0.466051
0.46732
0.468594
0.46987
0.47115
0.472434
0.473721
0.475011
0.476305
0.477603
0.478904
0.480208
0.481516
0.482828
0.484143
0.485461
0.486783
0.488109
0.489438
0.49077
0.492107
0.493446
0.49479
0.496137
0.497487
0.498841
0.500199
0.50156
0.502925
0.504293
0.505665
0.507041
0.50842
0.509803
0.51119
0.51258
0.513974
0.515371
0.516772
0.518177
0.519586
0.520998
0.522414
0.523833
0.525256
0.526683
0.528114
0.529548
0.530986
0.532428
0.533874
0.535323
0.536776
0.538233
0.539693
0.541157
0.542625
0.544097
0.545573
0.547052
0.548535
0.550022
0.551513
0.553007
0.554505
0.556008
0.557513
0.559023
0.560537
0.562054
0.563575
0.5651
0.566629
0.568162
0.569699
0.571239
0.572783
0.574331
0.575884
0.577439
0.578999
0.580563
0.582131
0.583702
0.585277
0.586857
0.58844
0.590027
0.591618
0.593213
0.594812
0.596415
0.598021
0.599632
0.601247
0.602865
0.604488
0.606114
0.607744
0.609379
0.611017
0.61266
0.614306
0.615956
0.61761
0.619269
0.620931
0.622597
0.624267
0.625941
0.62762
0.629302
0.630988
0.632678
0.634373
0.636071
0.637773
0.63948
0.64119
0.642904
0.644623
0.646345
0.648072
0.649802
0.651537
0.653276
0.655018
0.656765
0.658516
0.660271
0.66203
0.663793
0.66556
0.667331
0.669106
0.670885
0.672669
0.674456
0.676248
0.678043
0.679843
0.681647
0.683454
0.685266
0.687082
0.688902
0.690727
0.692555
0.694387
0.696224
0.698064
0.699909
0.701758
0.703611
0.705468
0.707329
0.709194
0.711063
0.712937
0.714814
0.716696
0.718582
0.720472
0.722366
0.724264
0.726166
0.728072
0.729983
0.731897
0.733816
0.735739
0.737665
0.739596
0.741532
0.743471
0.745414
0.747361
0.749313
0.751269
0.753228
0.755192
0.75716
0.759132
0.761108
0.763089
0.765073
0.767062
0.769054
0.771051
0.773052
0.775056
0.777065
0.779078
0.781096
0.783117
0.785142
0.787172
0.789205
0.791243
0.793284
0.79533
0.79738
0.799434
0.801492
0.803554
0.80562
0.80769
0.809764
0.811842
0.813924
0.816011
0.818101
0.820196
0.822294
0.824397
0.826503
0.828614
0.830728
0.832847
0.834969
0.837096
0.839227
0.841361
0.8435
0.845643
0.847789
0.84994
0.852094
0.854253
0.856415
0.858582
0.860752
0.862927
0.865105
0.867287
0.869474
0.871664
0.873858
0.876056
0.878258
0.880464
0.882674
0.884887
0.887105
0.889326
0.891552
0.893781
0.896014
0.898251
0.900492
0.902736
0.904985
0.907237
0.909493
0.911753
0.914017
0.916284
0.918556
0.920831
0.92311
0.925393
0.927679
0.929969
0.932263
0.934561
0.936862
0.939168
0.941476
0.943789
0.946105
0.948425
0.950749
0.953076
0.955407
0.957742
0.96008
0.962422
0.964768
0.967117
0.96947
0.971826
0.974186
0.97655
0.978917
0.981287
0.983661
0.986039
0.98842
0.990805
0.993193
0.995585
0.99798
1.00038
1.00278
1.00519
1.0076
1.01001
1.01242
1.01484
1.01727
1.01969
1.02212
1.02455
1.02699
1.02943
1.03187
1.03432
1.03677
1.03922
1.04168
1.04414
1.0466
1.04906
1.05153
1.054
1.05648
1.05896
1.06144
1.06392
1.06641
1.0689
1.0714
1.07389
1.0764
1.0789
1.0814
1.08391
1.08643
1.08894
1.09146
1.09398
1.09651
1.09903
1.10156
1.1041
1.10663
1.10917
1.11171
1.11426
1.11681
1.11936
1.12191
1.12447
1.12702
1.12959
1.13215
1.13472
1.13729
1.13986
1.14243
1.14501
1.14759
1.15017
1.15276
1.15535
1.15794
1.16053
1.16313
1.16573
1.16833
1.17093
1.17354
1.17615
1.17876
1.18137
1.18398
1.1866
1.18922
1.19185
1.19447
1.1971
1.19973
1.20236
1.20499
1.20763
1.21027
1.21291
1.21555
1.2182
1.22085
1.22349
1.22615
1.2288
1.23146
1.23411
1.23677
1.23944
1.2421
1.24476
1.24743
1.2501
1.25277
1.25545
1.25812
1.2608
1.26348
1.26616
1.26884
1.27153
1.27421
1.2769
1.27959
1.28228
1.28498
1.28767
1.29037
1.29307
1.29576
1.29847
1.30117
1.30387
1.30658
1.30929
1.31199
1.3147
1.31742
1.32013
1.32284
1.32556
1.32828
1.331
1.33372
1.33644
1.33916
1.34188
1.34461
1.34733
1.35006
1.35279
1.35552
1.35825
1.36098
1.36371
1.36645
1.36918
1.37192
1.37466
1.37739
1.38013
1.38287
1.38561
1.38835
1.3911
1.39384
1.39658
1.39933
1.40207
1.40482
1.40757
1.41032
1.41306
1.41581
1.41856
1.42131
1.42406
1.42682
1.42957
1.43232
1.43507
1.43783
1.44058
1.44334
1.44609
1.44885
1.4516
1.45436
1.45711
1.45987
1.46263
1.46539
1.46814
1.4709
1.47366
1.47642
1.47918
1.48194
1.48469
1.48745
1.49021
1.49297
1.49573
1.49849
1.50125
1.50401
1.50677
1.50952
1.51228
1.51504
1.5178
1.52056
1.52332
1.52607
1.52883
1.53159
1.53435
1.5371
1.53986
1.54262
1.54537
1.54813
1.55088
1.55364
1.55639
1.55915
1.5619
1.56465
1.56741
1.57016
1.57291
1.57566
1.57841
1.58116
1.58391
1.58666
1.5894
1.59215
1.5949
1.59764
1.60039
1.60313
1.60587
1.60862
1.61136
1.6141
1.61684
1.61958
1.62231
1.62505
1.62779
1.63052
1.63326
1.63599
1.63872
1.64145
1.64418
1.64691
1.64964
1.65236
1.65509
1.65781
1.66054
1.66326
1.66598
1.6687
1.67141
1.67413
1.67685
1.67956
1.68227
1.68498
1.68769
1.6904
1.69311
1.69581
1.69852
1.70122
1.70392
1.70662
1.70932
1.71202
1.71471
1.7174
1.7201
1.72279
1.72547
1.72816
1.73085
1.73353
1.73621
1.73889
1.74157
1.74424
1.74692
1.74959
1.75226
1.75493
1.7576
1.76027
1.76293
1.76559
1.76825
1.77091
1.77356
1.77622
1.77887
1.78152
1.78417
1.78681
1.78946
1.7921
1.79474
1.79738
1.80001
1.80265
1.80528
1.80791
1.81053
1.81316
1.81578
1.8184
1.82102
1.82364
1.82625
1.82886
1.83147
1.83408
1.83668
1.83928
1.84188
1.84448
1.84708
1.84967
1.85226
1.85485
1.85743
1.86002
1.8626
1.86518
1.86775
1.87033
1.8729
1.87546
1.87803
1.88059
1.88315
1.88571
1.88827
1.89082
1.89337
1.89592
1.89846
1.90101
1.90355
1.90608
1.90862
1.91115
1.91368
1.9162
1.91873
1.92125
1.92377
1.92628
1.92879
1.9313
1.93381
1.93632
1.93882
1.94132
1.94381
1.9463
1.94879
1.95128
1.95377
1.95625
1.95873
1.9612
1.96367
1.96614
1.96861
1.97108
1.97354
1.97599
1.97845
1.9809
1.98335
1.9858
1.98824
1.99068
1.99312
1.99555
1.99798
2.00041
2.00283
2.00526
2.00767
2.01009
2.0125
2.01491
2.01732
2.01972
2.02212
2.02452
2.02691
2.0293
2.03169
2.03407
2.03645
2.03883
2.04121
2.04358
2.04595
2.04831
2.05067
2.05303
2.05539
2.05774
2.06009
2.06243
2.06478
2.06712
2.06945
2.07178
2.07411
2.07644
2.07876
2.08108
2.0834
2.08571
2.08802
2.09033
2.09263
2.09493
2.09722
2.09952
2.10181
2.10409
2.10637
2.10865
2.11093
2.1132
2.11547
2.11774
2.12
2.12226
2.12451
2.12677
2.12901
2.13126
2.1335
2.13574
2.13798
2.14021
2.14244
2.14466
2.14688
2.1491
2.15131
2.15353
2.15573
2.15794
2.16014
2.16233
2.16453
2.16672
2.16891
2.17109
2.17327
2.17544
2.17762
2.17979
2.18195
2.18411
2.18627
2.18843
2.19058
2.19273
2.19487
2.19701
2.19915
2.20129
2.20342
2.20554
2.20767
2.20979
2.2119
2.21402
2.21613
2.21823
2.22034
2.22243
2.22453
2.22662
2.22871
2.2308
2.23288
2.23495
2.23703
2.2391
2.24117
2.24323
2.24529
2.24735
2.2494
2.25145
2.25349
2.25554
2.25757
2.25961
2.26164
2.26367
2.26569
2.26771
2.26973
2.27175
2.27376
2.27576
2.27777
2.27976
2.28176
2.28375
2.28574
2.28773
2.28971
2.29169
2.29366
2.29563
2.2976
2.29956
2.30152
2.30348
2.30543
2.30738
2.30933
2.31127
2.31321
2.31515
2.31708
2.31901
2.32093
2.32285
2.32477
2.32669
2.3286
2.3305
2.33241
2.33431
2.3362
2.3381
2.33999
2.34187
2.34375
2.34563
2.34751
2.34938
2.35125
2.35311
2.35497
2.35683
2.35869
2.36054
2.36238
2.36423
2.36607
2.3679
2.36974
2.37157
2.37339
2.37522
2.37703
2.37885
2.38066
2.38247
2.38428
2.38608
2.38787
2.38967
2.39146
2.39325
2.39503
2.39681
2.39859
2.40036
2.40213
2.4039
2.40566
2.40742
2.40918
2.41093
2.41268
2.41443
2.41617
2.41791
2.41964
2.42138
2.42311
2.42483
2.42655
2.42827
2.42999
2.4317
2.43341
2.43511
2.43681
2.43851
2.4402
2.4419
2.44358
2.44527
2.44695
2.44863
2.4503
2.45197
2.45364
2.4553
2.45696
2.45862
2.46027
2.46192
2.46357
2.46521
2.46686
2.46849
2.47013
2.47176
2.47338
2.47501
2.47663
2.47824
2.47986
2.48147
2.48308
2.48468
2.48628
2.48788
2.48947
2.49106
2.49265
2.49423
2.49581
2.49739
2.49896
2.50053
2.5021
2.50367
2.50523
2.50679
2.50834
2.50989
2.51144
2.51298
2.51453
2.51606
2.5176
2.51913
2.52066
2.52218
2.52371
2.52523
2.52674
2.52825
2.52976
2.53127
2.53277
2.53427
2.53577
2.53726
2.53875
2.54024
2.54172
2.5432
2.54468
2.54615
2.54763
2.54909
2.55056
2.55202
2.55348
2.55494
2.55639
2.55784
2.55928
2.56073
2.56217
2.5636
2.56504
2.56647
2.5679
2.56932
2.57074
2.57216
2.57358
2.57499
2.5764
2.5778
2.57921
2.58061
2.582
2.5834
2.58479
2.58618
2.58756
2.58894
2.59032
2.5917
2.59307
2.59444
2.59581
2.59717
2.59853
2.59989
2.60125
2.6026
2.60395
2.60529
2.60664
2.60798
2.60931
2.61065
2.61198
2.61331
2.61463
2.61596
2.61728
2.61859
2.61991
2.62122
2.62253
2.62383
2.62513
2.62643
2.62773
2.62902
2.63031
2.6316
2.63289
2.63417
2.63545
2.63673
2.638
2.63927
2.64054
2.6418
2.64307
2.64433
2.64558
2.64684
2.64809
2.64934
2.65058
2.65182
2.65306
2.6543
2.65554
2.65677
2.658
2.65922
2.66045
2.66167
2.66289
2.6641
2.66531
2.66652
2.66773
2.66894
2.67014
2.67134
2.67253
2.67373
2.67492
2.67611
2.67729
2.67847
2.67965
2.68083
2.68201
2.68318
2.68435
2.68552
2.68668
2.68784
2.689
2.69016
2.69131
2.69246
2.69361
2.69476
2.6959
2.69704
2.69818
2.69931
2.70045
2.70158
2.70271
2.70383
2.70495
2.70607
2.70719
2.70831
2.70942
2.71053
2.71164
2.71274
2.71384
2.71494
2.71604
2.71714
2.71823
2.71932
2.72041
2.72149
2.72257
2.72365
2.72473
2.72581
2.72688
2.72795
2.72902
2.73008
2.73114
2.73221
2.73326
2.73432
2.73537
2.73642
2.73747
2.73852
2.73956
2.7406
2.74164
2.74268
2.74371
2.74474
2.74577
2.7468
2.74782
2.74884
2.74986
2.75088
2.7519
2.75291
2.75392
2.75493
2.75593
2.75694
2.75794
2.75894
2.75993
2.76093
2.76192
2.76291
2.7639
2.76488
2.76586
2.76684
2.76782
2.7688
2.76977
2.77074
2.77171
2.77268
2.77364
2.77461
2.77557
2.77652
2.77748
2.77843
2.77938
2.78033
2.78128
2.78223
2.78317
2.78411
2.78505
2.78598
2.78692
2.78785
2.78878
2.78971
2.79063
2.79155
2.79247
2.79339
2.79431
2.79522
2.79614
2.79705
2.79796
2.79886
2.79977
2.80067
2.80157
2.80246
2.80336
2.80425
2.80515
2.80603
2.80692
2.80781
2.80869
2.80957
2.81045
2.81133
2.8122
2.81308
2.81395
2.81482
2.81568
2.81655
2.81741
2.81827
2.81913
2.81999
2.82084
2.82169
2.82255
2.82339
2.82424
2.82509
2.82593
2.82677
2.82761
2.82845
2.82928
2.83011
2.83095
2.83178
2.8326
2.83343
2.83425
2.83507
2.83589
2.83671
2.83753
2.83834
2.83915
2.83996
2.84077
2.84158
2.84238
2.84319
2.84399
2.84479
2.84558
2.84638
2.84717
2.84796
2.84875
2.84954
2.85033
2.85111
2.85189
2.85111
2.85032
2.84954
2.84875
2.84796
2.84717
2.84637
2.84558
2.84478
2.84398
2.84318
2.84238
2.84157
2.84076
2.83996
2.83915
2.83833
2.83752
2.8367
2.83588
2.83506
2.83424
2.83342
2.83259
2.83177
2.83094
2.8301
2.82927
2.82843
2.8276
2.82676
2.82591
2.82507
2.82422
2.82337
2.82252
2.82167
2.82082
2.81996
2.8191
2.81824
2.81737
2.81651
2.81564
2.81477
2.8139
2.81302
2.81215
2.81127
2.81039
2.8095
2.80862
2.80773
2.80684
2.80594
2.80505
2.80415
2.80325
2.80235
2.80144
2.80053
2.79962
2.79871
2.7978
2.79688
2.79596
2.79504
2.79411
2.79319
2.79226
2.79132
2.79039
2.78945
2.78851
2.78757
2.78663
2.78568
2.78473
2.78378
2.78282
2.78186
2.7809
2.77994
2.77897
2.77801
2.77703
2.77606
2.77509
2.77411
2.77312
2.77214
2.77115
2.77016
2.76917
2.76818
2.76718
2.76618
2.76517
2.76417
2.76316
2.76215
2.76113
2.76011
2.75909
2.75807
2.75705
2.75602
2.75499
2.75395
2.75291
2.75187
2.75083
2.74978
2.74874
2.74768
2.74663
2.74557
2.74451
2.74345
2.74238
2.74131
2.74024
2.73916
2.73809
2.73701
2.73592
2.73483
2.73374
2.73265
2.73155
2.73045
2.72935
2.72825
2.72714
2.72603
2.72491
2.72379
2.72267
2.72155
2.72042
2.71929
2.71816
2.71702
2.71588
2.71474
2.71359
2.71244
2.71129
2.71014
2.70898
2.70782
2.70665
2.70548
2.70431
2.70314
2.70196
2.70078
2.69959
2.69841
2.69721
2.69602
2.69482
2.69362
2.69242
2.69121
2.69
2.68879
2.68757
2.68635
2.68512
2.6839
2.68267
2.68143
2.68019
2.67895
2.67771
2.67646
2.67521
2.67396
2.6727
2.67144
2.67017
2.66891
2.66763
2.66636
2.66508
2.6638
2.66251
2.66123
2.65993
2.65864
2.65734
2.65604
2.65473
2.65342
2.65211
2.65079
2.64947
2.64815
2.64682
2.64549
2.64415
2.64282
2.64148
2.64013
2.63878
2.63743
2.63607
2.63471
2.63335
2.63198
2.63061
2.62924
2.62786
2.62648
2.6251
2.62371
2.62232
2.62092
2.61952
2.61812
2.61671
2.6153
2.61389
2.61247
2.61105
2.60962
2.60819
2.60676
2.60533
2.60389
2.60244
2.60099
2.59954
2.59809
2.59663
2.59517
2.5937
2.59223
2.59076
2.58928
2.5878
2.58631
2.58482
2.58333
2.58183
2.58033
2.57883
2.57732
2.57581
2.57429
2.57277
2.57125
2.56972
2.56819
2.56666
2.56512
2.56358
2.56203
2.56048
2.55892
2.55737
2.5558
2.55424
2.55267
2.55109
2.54952
2.54793
2.54635
2.54476
2.54317
2.54157
2.53997
2.53836
2.53675
2.53514
2.53352
2.5319
2.53028
2.52865
2.52701
2.52538
2.52374
2.52209
2.52044
2.51879
2.51713
2.51547
2.51381
2.51214
2.51047
2.50879
2.50711
2.50542
2.50373
2.50204
2.50034
2.49864
2.49694
2.49523
2.49352
2.4918
2.49008
2.48835
2.48662
2.48489
2.48315
2.48141
2.47967
2.47792
2.47616
2.4744
2.47264
2.47088
2.46911
2.46733
2.46556
2.46377
2.46199
2.4602
2.4584
2.4566
2.4548
2.45299
2.45118
2.44937
2.44755
2.44573
2.4439
2.44207
2.44023
2.43839
2.43655
2.4347
2.43285
2.43099
2.42913
2.42727
2.4254
2.42353
2.42165
2.41977
2.41789
2.416
2.41411
2.41221
2.41031
2.4084
2.40649
2.40458
2.40266
2.40074
2.39881
2.39688
2.39495
2.39301
2.39107
2.38912
2.38717
2.38522
2.38326
2.3813
2.37933
2.37736
2.37538
2.3734
2.37142
2.36943
2.36744
2.36545
2.36345
2.36144
2.35943
2.35742
2.35541
2.35339
2.35136
2.34933
2.3473
2.34526
2.34322
2.34118
2.33913
2.33708
2.33502
2.33296
2.33089
2.32882
2.32675
2.32467
2.32259
2.32051
2.31842
2.31632
2.31423
2.31213
2.31002
2.30791
2.3058
2.30368
2.30156
2.29943
2.2973
2.29517
2.29303
2.29089
2.28874
2.28659
2.28444
2.28228
2.28012
2.27796
2.27579
2.27361
2.27144
2.26925
2.26707
2.26488
2.26269
2.26049
2.25829
2.25608
2.25387
2.25166
2.24945
2.24722
2.245
2.24277
2.24054
2.2383
2.23606
2.23382
2.23157
2.22932
2.22707
2.22481
2.22255
2.22028
2.21801
2.21573
2.21346
2.21118
2.20889
2.2066
2.20431
2.20201
2.19971
2.19741
2.1951
2.19279
2.19047
2.18815
2.18583
2.1835
2.18117
2.17884
2.1765
2.17416
2.17182
2.16947
2.16712
2.16476
2.1624
2.16004
2.15768
2.15531
2.15293
2.15056
2.14818
2.14579
2.14341
2.14102
2.13862
2.13622
2.13382
2.13142
2.12901
2.1266
2.12419
2.12177
2.11935
2.11692
2.11449
2.11206
2.10963
2.10719
2.10475
2.1023
2.09985
2.0974
2.09495
2.09249
2.09003
2.08756
2.0851
2.08263
2.08015
2.07768
2.0752
2.07271
2.07023
2.06774
2.06524
2.06275
2.06025
2.05775
2.05524
2.05273
2.05022
2.04771
2.04519
2.04267
2.04015
2.03762
2.03509
2.03256
2.03003
2.02749
2.02495
2.02241
2.01986
2.01731
2.01476
2.01221
2.00965
2.00709
2.00453
2.00196
1.99939
1.99682
1.99425
1.99167
1.98909
1.98651
1.98393
1.98134
1.97875
1.97616
1.97357
1.97097
1.96837
1.96577
1.96316
1.96056
1.95795
1.95534
1.95272
1.95011
1.94749
1.94487
1.94224
1.93962
1.93699
1.93436
1.93173
1.92909
1.92646
1.92382
1.92118
1.91853
1.91589
1.91324
1.91059
1.90794
1.90528
1.90263
1.89997
1.89731
1.89465
1.89198
1.88932
1.88665
1.88398
1.88131
1.87864
1.87596
1.87328
1.8706
1.86792
1.86524
1.86256
1.85987
1.85718
1.85449
1.8518
1.84911
1.84641
1.84372
1.84102
1.83832
1.83562
1.83292
1.83021
1.82751
1.8248
1.82209
1.81938
1.81667
1.81396
1.81125
1.80853
1.80582
1.8031
1.80038
1.79766
1.79494
1.79221
1.78949
1.78677
1.78404
1.78131
1.77858
1.77585
1.77312
1.77039
1.76766
1.76493
1.76219
1.75945
1.75672
1.75398
1.75124
1.7485
1.74576
1.74302
1.74028
1.73754
1.73479
1.73205
1.7293
1.72656
1.72381
1.72107
1.71832
1.71557
1.71282
1.71007
1.70732
1.70457
1.70182
1.69907
1.69632
1.69357
1.69081
1.68806
1.68531
1.68255
1.6798
1.67704
1.67429
1.67153
1.66878
1.66602
1.66327
1.66051
1.65776
1.655
1.65224
1.64949
1.64673
1.64397
1.64122
1.63846
1.6357
1.63295
1.63019
1.62743
1.62468
1.62192
1.61916
1.61641
1.61365
1.6109
1.60814
1.60539
1.60263
1.59988
1.59712
1.59437
1.59162
1.58886
1.58611
1.58336
1.58061
1.57785
1.5751
1.57235
1.5696
1.56685
1.5641
1.56136
1.55861
1.55586
1.55312
1.55037
1.54762
1.54488
1.54214
1.53939
1.53665
1.53391
1.53117
1.52843
1.52569
1.52295
1.52022
1.51748
1.51474
1.51201
1.50928
1.50654
1.50381
1.50108
1.49835
1.49562
1.4929
1.49017
1.48745
1.48472
1.482
1.47928
1.47656
1.47384
1.47112
1.46841
1.46569
1.46298
1.46026
1.45755
1.45484
1.45213
1.44943
1.44672
1.44402
1.44131
1.43861
1.43591
1.43321
1.43052
1.42782
1.42513
1.42243
1.41974
1.41705
1.41437
1.41168
1.409
1.40631
1.40363
1.40095
1.39828
1.3956
1.39293
1.39026
1.38759
1.38492
1.38225
1.37959
1.37692
1.37426
1.3716
1.36894
1.36629
1.36364
1.36098
1.35833
1.35569
1.35304
1.3504
1.34776
1.34512
1.34248
1.33985
1.33721
1.33458
1.33195
1.32933
1.3267
1.32408
1.32146
1.31884
1.31622
1.31361
1.311
1.30839
1.30578
1.30318
1.30058
1.29798
1.29538
1.29279
1.29019
1.2876
1.28501
1.28243
1.27985
1.27726
1.27469
1.27211
1.26954
1.26697
1.2644
1.26183
1.25927
1.25671
1.25415
1.25159
1.24904
1.24649
1.24394
1.2414
1.23886
1.23632
1.23378
1.23124
1.22871
1.22618
1.22366
1.22113
1.21861
1.21609
1.21358
1.21106
1.20855
1.20605
1.20354
1.20104
1.19854
1.19604
1.19355
1.19106
1.18857
1.18609
1.18361
1.18113
1.17865
1.17618
1.17371
1.17124
1.16877
1.16631
1.16385
1.1614
1.15895
1.1565
1.15405
1.15161
1.14916
1.14673
1.14429
1.14186
1.13943
1.13701
1.13458
1.13216
1.12975
1.12733
1.12492
1.12252
1.12011
1.11771
1.11532
1.11292
1.11053
1.10814
1.10576
1.10337
1.10099
1.09862
1.09625
1.09388
1.09151
1.08915
1.08679
1.08443
1.08208
1.07973
1.07738
1.07504
1.0727
1.07036
1.06803
1.0657
1.06337
1.06105
1.05873
1.05641
1.0541
1.05178
1.04948
1.04717
1.04487
1.04258
1.04028
1.03799
1.0357
1.03342
1.03114
1.02886
1.02659
1.02432
1.02205
1.01979
1.01753
1.01527
1.01302
1.01077
1.00852
1.00628
1.00404
1.0018
0.999566
0.997336
0.99511
0.992887
0.990668
0.988452
0.98624
0.984031
0.981825
0.979623
0.977424
0.975229
0.973037
0.970849
0.968664
0.966483
0.964305
0.962131
0.95996
0.957793
0.955629
0.953468
0.951312
0.949158
0.947008
0.944862
0.942719
0.94058
0.938444
0.936311
0.934183
0.932057
0.929935
0.927817
0.925702
0.923591
0.921483
0.919379
0.917279
0.915182
0.913088
0.910998
0.908911
0.906828
0.904749
0.902673
0.900601
0.898532
0.896466
0.894405
0.892347
0.890292
0.888241
0.886193
0.884149
0.882109
0.880072
0.878038
0.876009
0.873982
0.87196
0.869941
0.867925
0.865913
0.863904
0.861899
0.859898
0.8579
0.855906
0.853915
0.851928
0.849944
0.847964
0.845988
0.844015
0.842045
0.840079
0.838117
0.836158
0.834203
0.832251
0.830303
0.828359
0.826418
0.82448
0.822546
0.820616
0.818689
0.816766
0.814846
0.81293
0.811017
0.809108
0.807202
0.8053
0.803402
0.801507
0.799615
0.797727
0.795843
0.793962
0.792085
0.790211
0.788341
0.786474
0.784611
0.782751
0.780895
0.779042
0.777193
0.775347
0.773505
0.771667
0.769832
0.768
0.766172
0.764347
0.762526
0.760708
0.758894
0.757084
0.755277
0.753473
0.751673
0.749876
0.748083
0.746293
0.744507
0.742724
0.740945
0.739169
0.737397
0.735628
0.733863
0.732101
0.730342
0.728587
0.726836
0.725088
0.723343
0.721602
0.719864
0.718129
0.716399
0.714671
0.712947
0.711226
0.709509
0.707795
0.706085
0.704378
0.702675
0.700974
0.699278
0.697584
0.695894
0.694208
0.692525
0.690845
0.689169
0.687496
0.685826
0.68416
0.682497
0.680838
0.679182
0.677529
0.675879
0.674233
0.672591
0.670951
0.669315
0.667683
0.666054
0.664428
0.662805
0.661186
0.65957
0.657957
0.656348
0.654742
0.653139
0.65154
0.649943
0.648351
0.646761
0.645175
0.643592
0.642012
0.640436
0.638863
0.637293
0.635726
0.634163
0.632603
0.631046
0.629493
0.627942
0.626395
0.624852
0.623311
0.621774
0.620239
0.618709
0.617181
0.615656
0.614135
0.612617
0.611102
0.609591
0.608082
0.606577
0.605075
0.603576
0.60208
0.600588
0.599098
0.597612
0.596129
0.594649
0.593172
0.591698
0.590228
0.588761
0.587296
0.585835
0.584377
0.582922
0.581471
0.580022
0.578576
0.577134
0.575695
0.574258
0.572825
0.571395
0.569968
0.568544
0.567123
0.565706
0.564291
0.562879
0.561471
0.560065
0.558662
0.557263
0.555866
0.554473
0.553083
0.551695
0.550311
0.548929
0.547551
0.546176
0.544803
0.543434
0.542067
0.540704
0.539343
0.537986
0.536631
0.53528
0.533931
0.532585
0.531243
0.529903
0.528566
0.527232
0.525901
0.524573
0.523248
0.521926
0.520606
0.51929
0.517976
0.516666
0.515358
0.514053
0.512751
0.511452
0.510156
0.508862
0.507572
0.506284
0.504999
0.503717
0.502438
0.501162
0.499888
0.498618
0.49735
0.496085
0.494823
0.493563
0.492307
0.491053
0.489802
0.488553
0.487308
0.486065
0.484825
0.483588
0.482354
0.481122
0.479893
0.478667
0.477444
0.476223
0.475005
0.47379
0.472577
0.471368
0.470161
0.468956
0.467754
0.466556
0.465359
0.464166
0.462975
0.461786
0.460601
0.459418
0.458238
0.45706
0.455885
0.454713
0.453543
0.452376
0.451212
0.45005
0.448891
0.447734
0.44658
0.445429
0.44428
0.443134
0.441991
0.44085
0.439711
0.438576
0.437442
0.436312
0.435184
0.434058
0.432935
0.431815
0.430697
0.429581
0.428468
0.427358
0.42625
0.425145
0.424042
0.422942
0.421844
0.420749
0.419656
0.418566
0.417478
0.416393
0.41531
0.414229
0.413151
0.412076
0.411003
0.409932
0.408864
0.407798
0.406735
0.405674
0.404616
0.40356
0.402506
0.401455
0.400406
0.39936
0.398316
0.397274
0.396235
0.395198
0.394163
0.393131
0.392101
0.391074
0.390049
0.389026
0.388006
0.386987
0.385972
0.384958
0.383947
0.382938
0.381932
0.380928
0.379926
0.378926
0.377929
0.376934
0.375941
0.374951
0.373963
0.372977
0.371993
0.371012
0.370033
0.369056
0.368081
0.367109
0.366139
0.365171
0.364205
0.363242
0.362281
0.361322
0.360365
0.35941
0.358458
0.357507
0.356559
0.355613
0.35467
0.353728
0.352789
0.351851
0.350916
0.349983
0.349053
0.348124
0.347197
0.346273
0.345351
0.344431
0.343513
0.342597
0.341683
0.340771
0.339862
0.338954
0.338049
0.337146
0.336244
0.335345
0.334448
0.333553
0.33266
0.331769
0.33088
0.329993
0.329109
0.328226
0.327345
0.328228
0.329112
0.329999
0.330887
0.331777
0.332669
0.333563
0.334459
0.335357
0.336257
0.337159
0.338063
0.338969
0.339877
0.340787
0.3417
0.342614
0.34353
0.344449
0.345369
0.346292
0.347217
0.348144
0.349074
0.350005
0.350939
0.351875
0.352813
0.353754
0.354696
0.355641
0.356589
0.357538
0.35849
0.359445
0.360401
0.36136
0.362322
0.363286
0.364252
0.365221
0.366192
0.367165
0.368141
0.369119
0.3701
0.371084
0.37207
0.373058
0.374049
0.375042
0.376038
0.377037
0.378038
0.379042
0.380048
0.381057
0.382068
0.383083
0.384099
0.385119
0.386141
0.387166
0.388193
0.389223
0.390256
0.391292
0.39233
0.393371
0.394415
0.395462
0.396511
0.397563
0.398618
0.399676
0.400736
0.401799
0.402865
0.403934
0.405006
0.406081
0.407159
0.408239
0.409322
0.410409
0.411498
0.41259
0.413685
0.414783
0.415884
0.416988
0.418094
0.419204
0.420317
0.421433
0.422552
0.423673
0.424798
0.425926
0.427057
0.428191
0.429328
0.430468
0.431611
0.432758
0.433907
0.435059
0.436215
0.437374
0.438536
0.439701
0.440869
0.44204
0.443214
0.444392
0.445573
0.446757
0.447944
0.449135
0.450328
0.451525
0.452725
0.453929
0.455135
0.456345
0.457558
0.458775
0.459994
0.461217
0.462444
0.463673
0.464906
0.466142
0.467382
0.468625
0.469871
0.471121
0.472374
0.47363
0.47489
0.476153
0.477419
0.478689
0.479963
0.481239
0.48252
0.483803
0.48509
0.486381
0.487675
0.488972
0.490273
0.491577
0.492885
0.494196
0.495511
0.49683
0.498151
0.499477
0.500806
0.502138
0.503474
0.504813
0.506156
0.507503
0.508853
0.510207
0.511564
0.512925
0.51429
0.515658
0.51703
0.518405
0.519784
0.521167
0.522553
0.523943
0.525336
0.526733
0.528134
0.529539
0.530947
0.532359
0.533774
0.535193
0.536616
0.538043
0.539473
0.540907
0.542345
0.543786
0.545232
0.546681
0.548133
0.54959
0.55105
0.552514
0.553982
0.555453
0.556929
0.558408
0.55989
0.561377
0.562868
0.564362
0.56586
0.567362
0.568868
0.570377
0.571891
0.573408
0.574929
0.576454
0.577983
0.579515
0.581052
0.582592
0.584136
0.585684
0.587236
0.588792
0.590352
0.591916
0.593483
0.595055
0.59663
0.59821
0.599793
0.60138
0.602971
0.604566
0.606165
0.607768
0.609375
0.610986
0.612601
0.61422
0.615842
0.617469
0.6191
0.620734
0.622373
0.624015
0.625662
0.627313
0.628967
0.630626
0.632288
0.633955
0.635626
0.6373
0.638979
0.640661
0.642348
0.644039
0.645734
0.647432
0.649135
0.650842
0.652553
0.654268
0.655987
0.65771
0.659437
0.661168
0.662903
0.664643
0.666386
0.668133
0.669885
0.67164
0.6734
0.675164
0.676931
0.678703
0.680479
0.682259
0.684043
0.685832
0.687624
0.68942
0.691221
0.693025
0.694834
0.696647
0.698464
0.700285
0.70211
0.703939
0.705772
0.70761
0.709451
0.711297
0.713147
0.715001
0.716859
0.718721
0.720587
0.722457
0.724332
0.72621
0.728093
0.72998
0.731871
0.733766
0.735665
0.737568
0.739475
0.741387
0.743303
0.745222
0.747146
0.749074
0.751006
0.752942
0.754883
0.756827
0.758776
0.760729
0.762685
0.764646
0.766611
0.76858
0.770554
0.772531
0.774512
0.776498
0.778488
0.780482
0.782479
0.784481
0.786487
0.788498
0.790512
0.79253
0.794553
0.796579
0.79861
0.800645
0.802684
0.804726
0.806773
0.808824
0.81088
0.812939
0.815002
0.817069
0.819141
0.821216
0.823296
0.825379
0.827467
0.829558
0.831654
0.833754
0.835857
0.837965
0.840077
0.842193
0.844313
0.846436
0.848564
0.850696
0.852832
0.854972
0.857116
0.859263
0.861415
0.863571
0.865731
0.867895
0.870062
0.872234
0.874409
0.876589
0.878772
0.88096
0.883151
0.885346
0.887546
0.889749
0.891956
0.894167
0.896381
0.8986
0.900822
0.903049
0.905279
0.907513
0.909751
0.911993
0.914239
0.916488
0.918742
0.920999
0.92326
0.925524
0.927793
0.930065
0.932341
0.934621
0.936905
0.939192
0.941483
0.943778
0.946077
0.948379
0.950685
0.952995
0.955308
0.957625
0.959946
0.962271
0.964599
0.966931
0.969266
0.971605
0.973948
0.976294
0.978644
0.980997
0.983354
0.985715
0.988079
0.990447
0.992818
0.995193
0.997571
0.999953
1.00234
1.00473
1.00712
1.00951
1.01191
1.01432
1.01672
1.01913
1.02154
1.02396
1.02638
1.0288
1.03123
1.03366
1.03609
1.03853
1.04097
1.04341
1.04586
1.04831
1.05076
1.05322
1.05568
1.05814
1.0606
1.06307
1.06554
1.06802
1.0705
1.07298
1.07546
1.07795
1.08044
1.08294
1.08543
1.08793
1.09044
1.09294
1.09545
1.09796
1.10048
1.103
1.10552
1.10804
1.11057
1.1131
1.11563
1.11817
1.12071
1.12325
1.12579
1.12834
1.13089
1.13344
1.136
1.13855
1.14111
1.14368
1.14624
1.14881
1.15138
1.15396
1.15654
1.15912
1.1617
1.16428
1.16687
1.16946
1.17205
1.17465
1.17724
1.17984
1.18245
1.18505
1.18766
1.19027
1.19288
1.19549
1.19811
1.20073
1.20335
1.20597
1.2086
1.21123
1.21386
1.21649
1.21913
1.22176
1.2244
1.22704
1.22969
1.23233
1.23498
1.23763
1.24028
1.24294
1.24559
1.24825
1.25091
1.25357
1.25624
1.2589
1.26157
1.26424
1.26691
1.26958
1.27226
1.27494
1.27762
1.2803
1.28298
1.28566
1.28835
1.29104
1.29372
1.29642
1.29911
1.3018
1.3045
1.30719
1.30989
1.31259
1.3153
1.318
1.3207
1.32341
1.32612
1.32883
1.33154
1.33425
1.33696
1.33968
1.34239
1.34511
1.34783
1.35055
1.35327
1.35599
1.35871
1.36144
1.36416
1.36689
1.36961
1.37234
1.37507
1.3778
1.38054
1.38327
1.386
1.38874
1.39147
1.39421
1.39694
1.39968
1.40242
1.40516
1.4079
1.41064
1.41339
1.41613
1.41887
1.42162
1.42436
1.42711
1.42985
1.4326
1.43535
1.43809
1.44084
1.44359
1.44634
1.44909
1.45184
1.45459
1.45734
1.46009
1.46284
1.4656
1.46835
1.4711
1.47385
1.47661
1.47936
1.48211
1.48487
1.48762
1.49038
1.49313
1.49588
1.49864
1.50139
1.50415
1.5069
1.50966
1.51241
1.51517
1.51792
1.52067
1.52343
1.52618
1.52894
1.53169
1.53444
1.5372
1.53995
1.5427
1.54545
1.54821
1.55096
1.55371
1.55646
1.55921
1.56196
1.56471
1.56746
1.57021
1.57296
1.57571
1.57845
1.5812
1.58395
1.58669
1.58944
1.59218
1.59493
1.59767
1.60041
1.60315
1.60589
1.60863
1.61137
1.61411
1.61685
1.61958
1.62232
1.62506
1.62779
1.63052
1.63326
1.63599
1.63872
1.64145
1.64417
1.6469
1.64963
1.65235
1.65508
1.6578
1.66052
1.66324
1.66596
1.66868
1.6714
1.67411
1.67683
1.67954
1.68225
1.68496
1.68767
1.69038
1.69309
1.69579
1.6985
1.7012
1.7039
1.7066
1.7093
1.71199
1.71469
1.71738
1.72007
1.72276
1.72545
1.72814
1.73082
1.73351
1.73619
1.73887
1.74155
1.74423
1.7469
1.74958
1.75225
1.75492
1.75759
1.76025
1.76292
1.76558
1.76824
1.7709
1.77356
1.77621
1.77887
1.78152
1.78417
1.78682
1.78946
1.7921
1.79475
1.79739
1.80002
1.80266
1.80529
1.80792
1.81055
1.81318
1.8158
1.81843
1.82105
1.82367
1.82628
1.8289
1.83151
1.83412
1.83672
1.83933
1.84193
1.84453
1.84713
1.84972
1.85232
1.85491
1.8575
1.86008
1.86267
1.86525
1.86783
1.8704
1.87298
1.87555
1.87812
1.88069
1.88325
1.88581
1.88837
1.89093
1.89348
1.89603
1.89858
1.90113
1.90367
1.90621
1.90875
1.91128
1.91382
1.91635
1.91888
1.9214
1.92392
1.92644
1.92896
1.93147
1.93398
1.93649
1.939
1.9415
1.944
1.9465
1.94899
1.95148
1.95397
1.95646
1.95894
1.96142
1.9639
1.96638
1.96885
1.97132
1.97378
1.97624
1.9787
1.98116
1.98362
1.98607
1.98851
1.99096
1.9934
1.99584
1.99828
2.00071
2.00314
2.00557
2.00799
2.01041
2.01283
2.01525
2.01766
2.02007
2.02247
2.02487
2.02727
2.02967
2.03206
2.03445
2.03684
2.03922
2.0416
2.04398
2.04635
2.04873
2.05109
2.05346
2.05582
2.05818
2.06053
2.06288
2.06523
2.06758
2.06992
2.07226
2.07459
2.07693
2.07926
2.08158
2.0839
2.08622
2.08854
2.09085
2.09316
2.09547
2.09777
2.10007
2.10236
2.10466
2.10695
2.10923
2.11152
2.11379
2.11607
2.11834
2.12061
2.12288
2.12514
2.1274
2.12966
2.13191
2.13416
2.1364
2.13864
2.14088
2.14312
2.14535
2.14758
2.1498
2.15202
2.15424
2.15646
2.15867
2.16088
2.16308
2.16528
2.16748
2.16967
2.17186
2.17405
2.17623
2.17841
2.18059
2.18276
2.18493
2.1871
2.18926
2.19142
2.19358
2.19573
2.19788
2.20002
2.20217
2.2043
2.20644
2.20857
2.2107
2.21282
2.21494
2.21706
2.21917
2.22128
2.22339
2.22549
2.22759
2.22969
2.23178
2.23387
2.23596
2.23804
2.24012
2.24219
2.24426
2.24633
2.2484
2.25046
2.25251
2.25457
2.25662
2.25866
2.26071
2.26275
2.26478
2.26681
2.26884
2.27087
2.27289
2.27491
2.27692
2.27893
2.28094
2.28295
2.28495
2.28694
2.28894
2.29093
2.29291
2.2949
2.29687
2.29885
2.30082
2.30279
2.30476
2.30672
2.30868
2.31063
2.31258
2.31453
2.31647
2.31841
2.32035
2.32228
2.32421
2.32614
2.32806
2.32998
2.33189
2.33381
2.33571
2.33762
2.33952
2.34142
2.34331
2.3452
2.34709
2.34897
2.35085
2.35273
2.3546
2.35647
2.35834
2.3602
2.36206
2.36392
2.36577
2.36762
2.36946
2.3713
2.37314
2.37498
2.37681
2.37863
2.38046
2.38228
2.3841
2.38591
2.38772
2.38953
2.39133
2.39313
2.39492
2.39672
2.39851
2.40029
2.40207
2.40385
2.40563
2.4074
2.40917
2.41093
2.41269
2.41445
2.41621
2.41796
2.41971
2.42145
2.42319
2.42493
2.42666
2.42839
2.43012
2.43184
2.43356
2.43528
2.43699
2.4387
2.44041
2.44211
2.44381
2.44551
2.4472
2.44889
2.45058
2.45226
2.45394
2.45561
2.45729
2.45896
2.46062
2.46228
2.46394
2.4656
2.46725
2.4689
2.47055
2.47219
2.47383
2.47546
2.4771
2.47872
2.48035
2.48197
2.48359
2.48521
2.48682
2.48843
2.49003
2.49164
2.49324
2.49483
2.49642
2.49801
2.4996
2.50118
2.50276
2.50434
2.50591
2.50748
2.50905
2.51061
2.51217
2.51373
2.51528
2.51683
2.51838
2.51992
2.52146
2.523
2.52453
2.52606
2.52759
2.52911
2.53064
2.53215
2.53367
2.53518
2.53669
2.53819
2.5397
2.54119
2.54269
2.54418
2.54567
2.54716
2.54864
2.55012
2.5516
2.55307
2.55454
2.55601
2.55747
2.55893
2.56039
2.56185
2.5633
2.56475
2.56619
2.56764
2.56907
2.57051
2.57194
2.57337
2.5748
2.57623
2.57765
2.57906
2.58048
2.58189
2.5833
2.58471
2.58611
2.58751
2.5889
2.5903
2.59169
2.59308
2.59446
2.59584
2.59722
2.5986
2.59997
2.60134
2.60271
2.60407
2.60543
2.60679
2.60814
2.60949
2.61084
2.61219
2.61353
2.61487
2.61621
2.61754
2.61887
2.6202
2.62153
2.62285
2.62417
2.62549
2.6268
2.62811
2.62942
2.63073
2.63203
2.63333
2.63462
2.63592
2.63721
2.6385
2.63978
2.64106
2.64234
2.64362
2.64489
2.64617
2.64743
2.6487
2.64996
2.65122
2.65248
2.65373
2.65498
2.65623
2.65748
2.65872
2.65996
2.6612
2.66244
2.66367
2.6649
2.66612
2.66735
2.66857
2.66979
2.671
2.67222
2.67343
2.67464
2.67584
2.67704
2.67824
2.67944
2.68063
2.68183
2.68301
2.6842
2.68538
2.68657
2.68774
2.68892
2.69009
2.69126
2.69243
2.6936
2.69476
2.69592
2.69708
2.69823
2.69938
2.70053
2.70168
2.70282
2.70397
2.7051
2.70624
2.70738
2.70851
2.70964
2.71076
2.71189
2.71301
2.71413
2.71524
2.71636
2.71747
2.71858
2.71968
2.72079
2.72189
2.72299
2.72408
2.72518
2.72627
2.72736
2.72844
2.72953
2.73061
2.73169
2.73277
2.73384
2.73491
2.73598
2.73705
2.73811
2.73918
2.74023
2.74129
2.74235
2.7434
2.74445
2.7455
2.74654
2.74759
2.74863
2.74966
2.7507
2.75173
2.75277
2.75379
2.75482
2.75584
2.75687
2.75789
2.7589
2.75992
2.76093
2.76194
2.76295
2.76396
2.76496
2.76596
2.76696
2.76796
2.76895
2.76994
2.77093
2.77192
2.7729
2.77389
2.77487
2.77585
2.77682
2.7778
2.77877
2.77974
2.78071
2.77974
2.77877
2.77781
2.77683
2.77586
2.77489
2.77391
2.77293
2.77195
2.77096
2.76998
2.76899
2.768
2.767
2.76601
2.76501
2.76401
2.76301
2.762
2.761
2.75999
2.75898
2.75796
2.75695
2.75593
2.7549
2.75388
2.75285
2.75183
2.75079
2.74976
2.74872
2.74769
2.74664
2.7456
2.74455
2.74351
2.74245
2.7414
2.74034
2.73928
2.73822
2.73716
2.73609
2.73502
2.73395
2.73287
2.73179
2.73071
2.72963
2.72854
2.72745
2.72636
2.72526
2.72417
2.72307
2.72196
2.72086
2.71975
2.71863
2.71752
2.7164
2.71528
2.71416
2.71303
2.7119
2.71077
2.70963
2.7085
2.70736
2.70621
2.70506
2.70391
2.70276
2.7016
2.70045
2.69928
2.69812
2.69695
2.69578
2.6946
2.69343
2.69224
2.69106
2.68987
2.68868
2.68749
2.68629
2.68509
2.68389
2.68268
2.68148
2.68026
2.67905
2.67783
2.67661
2.67538
2.67415
2.67292
2.67169
2.67045
2.66921
2.66796
2.66671
2.66546
2.66421
2.66295
2.66169
2.66042
2.65915
2.65788
2.65661
2.65533
2.65405
2.65276
2.65147
2.65018
2.64889
2.64759
2.64628
2.64498
2.64367
2.64236
2.64104
2.63972
2.6384
2.63707
2.63574
2.63441
2.63307
2.63173
2.63039
2.62904
2.62769
2.62633
2.62497
2.62361
2.62225
2.62088
2.6195
2.61813
2.61675
2.61536
2.61398
2.61259
2.61119
2.60979
2.60839
2.60699
2.60558
2.60417
2.60275
2.60133
2.59991
2.59848
2.59705
2.59561
2.59417
2.59273
2.59129
2.58984
2.58838
2.58693
2.58546
2.584
2.58253
2.58106
2.57958
2.5781
2.57662
2.57513
2.57364
2.57215
2.57065
2.56915
2.56764
2.56613
2.56461
2.5631
2.56158
2.56005
2.55852
2.55699
2.55545
2.55391
2.55236
2.55082
2.54926
2.54771
2.54615
2.54458
2.54301
2.54144
2.53986
2.53828
2.5367
2.53511
2.53352
2.53193
2.53033
2.52872
2.52711
2.5255
2.52389
2.52227
2.52064
2.51902
2.51739
2.51575
2.51411
2.51247
2.51082
2.50917
2.50751
2.50585
2.50419
2.50252
2.50085
2.49918
2.4975
2.49581
2.49413
2.49244
2.49074
2.48904
2.48734
2.48563
2.48392
2.4822
2.48048
2.47876
2.47703
2.4753
2.47356
2.47182
2.47008
2.46833
2.46658
2.46482
2.46306
2.4613
2.45953
2.45775
2.45598
2.4542
2.45241
2.45062
2.44883
2.44703
2.44523
2.44343
2.44162
2.4398
2.43798
2.43616
2.43434
2.43251
2.43067
2.42883
2.42699
2.42514
2.42329
2.42144
2.41958
2.41772
2.41585
2.41398
2.4121
2.41022
2.40834
2.40645
2.40456
2.40266
2.40076
2.39886
2.39695
2.39504
2.39312
2.3912
2.38927
2.38735
2.38541
2.38348
2.38153
2.37959
2.37764
2.37568
2.37373
2.37176
2.3698
2.36783
2.36585
2.36388
2.36189
2.35991
2.35792
2.35592
2.35392
2.35192
2.34991
2.3479
2.34588
2.34386
2.34184
2.33981
2.33778
2.33575
2.33371
2.33166
2.32961
2.32756
2.3255
2.32344
2.32138
2.31931
2.31724
2.31516
2.31308
2.311
2.30891
2.30681
2.30472
2.30262
2.30051
2.2984
2.29629
2.29417
2.29205
2.28993
2.2878
2.28566
2.28353
2.28139
2.27924
2.27709
2.27494
2.27278
2.27062
2.26846
2.26629
2.26411
2.26194
2.25976
2.25757
2.25538
2.25319
2.25099
2.24879
2.24659
2.24438
2.24217
2.23995
2.23773
2.23551
2.23328
2.23105
2.22882
2.22658
2.22433
2.22209
2.21984
2.21758
2.21532
2.21306
2.2108
2.20853
2.20625
2.20398
2.20169
2.19941
2.19712
2.19483
2.19253
2.19023
2.18793
2.18562
2.18331
2.181
2.17868
2.17636
2.17403
2.1717
2.16937
2.16703
2.16469
2.16235
2.16
2.15765
2.1553
2.15294
2.15058
2.14821
2.14584
2.14347
2.1411
2.13872
2.13633
2.13395
2.13156
2.12916
2.12677
2.12437
2.12196
2.11956
2.11715
2.11473
2.11232
2.1099
2.10747
2.10504
2.10261
2.10018
2.09774
2.0953
2.09286
2.09041
2.08796
2.08551
2.08305
2.08059
2.07813
2.07566
2.07319
2.07072
2.06824
2.06576
2.06328
2.0608
2.05831
2.05582
2.05332
2.05082
2.04832
2.04582
2.04331
2.0408
2.03829
2.03577
2.03326
2.03073
2.02821
2.02568
2.02315
2.02062
2.01808
2.01554
2.013
2.01046
2.00791
2.00536
2.00281
2.00025
1.99769
1.99513
1.99257
1.99
1.98743
1.98486
1.98229
1.97971
1.97713
1.97455
1.97196
1.96937
1.96678
1.96419
1.9616
1.959
1.9564
1.9538
1.95119
1.94859
1.94598
1.94336
1.94075
1.93813
1.93551
1.93289
1.93027
1.92764
1.92501
1.92238
1.91975
1.91712
1.91448
1.91184
1.9092
1.90656
1.90391
1.90126
1.89861
1.89596
1.89331
1.89065
1.88799
1.88533
1.88267
1.88001
1.87734
1.87468
1.87201
1.86933
1.86666
1.86399
1.86131
1.85863
1.85595
1.85327
1.85059
1.8479
1.84521
1.84253
1.83984
1.83714
1.83445
1.83176
1.82906
1.82636
1.82366
1.82096
1.81826
1.81555
1.81285
1.81014
1.80743
1.80472
1.80201
1.7993
1.79659
1.79387
1.79116
1.78844
1.78572
1.783
1.78028
1.77756
1.77483
1.77211
1.76938
1.76666
1.76393
1.7612
1.75847
1.75574
1.75301
1.75028
1.74754
1.74481
1.74207
1.73934
1.7366
1.73386
1.73112
1.72838
1.72564
1.7229
1.72016
1.71742
1.71468
1.71193
1.70919
1.70645
1.7037
1.70095
1.69821
1.69546
1.69271
1.68997
1.68722
1.68447
1.68172
1.67897
1.67622
1.67347
1.67072
1.66797
1.66522
1.66247
1.65971
1.65696
1.65421
1.65146
1.64871
1.64595
1.6432
1.64045
1.6377
1.63494
1.63219
1.62944
1.62669
1.62393
1.62118
1.61843
1.61568
1.61292
1.61017
1.60742
1.60467
1.60192
1.59916
1.59641
1.59366
1.59091
1.58816
1.58541
1.58266
1.57991
1.57717
1.57442
1.57167
1.56892
1.56618
1.56343
1.56068
1.55794
1.55519
1.55245
1.54971
1.54696
1.54422
1.54148
1.53874
1.536
1.53326
1.53052
1.52778
1.52505
1.52231
1.51958
1.51684
1.51411
1.51138
1.50864
1.50591
1.50318
1.50045
1.49773
1.495
1.49227
1.48955
1.48683
1.4841
1.48138
1.47866
1.47594
1.47322
1.47051
1.46779
1.46508
1.46236
1.45965
1.45694
1.45423
1.45153
1.44882
1.44611
1.44341
1.44071
1.43801
1.43531
1.43261
1.42991
1.42722
1.42452
1.42183
1.41914
1.41645
1.41376
1.41108
1.40839
1.40571
1.40303
1.40035
1.39767
1.395
1.39232
1.38965
1.38698
1.38431
1.38164
1.37898
1.37631
1.37365
1.37099
1.36834
1.36568
1.36303
1.36037
1.35772
1.35507
1.35243
1.34978
1.34714
1.3445
1.34186
1.33923
1.33659
1.33396
1.33133
1.3287
1.32607
1.32345
1.32083
1.31821
1.31559
1.31298
1.31036
1.30775
1.30515
1.30254
1.29994
1.29733
1.29473
1.29214
1.28954
1.28695
1.28436
1.28177
1.27919
1.27661
1.27402
1.27145
1.26887
1.2663
1.26373
1.26116
1.25859
1.25603
1.25347
1.25091
1.24836
1.2458
1.24325
1.2407
1.23816
1.23562
1.23308
1.23054
1.228
1.22547
1.22294
1.22042
1.21789
1.21537
1.21285
1.21034
1.20782
1.20531
1.2028
1.2003
1.1978
1.1953
1.1928
1.19031
1.18782
1.18533
1.18284
1.18036
1.17788
1.1754
1.17293
1.17046
1.16799
1.16552
1.16306
1.1606
1.15815
1.15569
1.15324
1.15079
1.14835
1.14591
1.14347
1.14103
1.1386
1.13617
1.13375
1.13132
1.1289
1.12648
1.12407
1.12166
1.11925
1.11685
1.11444
1.11204
1.10965
1.10726
1.10487
1.10248
1.1001
1.09772
1.09534
1.09297
1.0906
1.08823
1.08586
1.0835
1.08115
1.07879
1.07644
1.07409
1.07175
1.06941
1.06707
1.06473
1.0624
1.06007
1.05775
1.05542
1.0531
1.05079
1.04848
1.04617
1.04386
1.04156
1.03926
1.03697
1.03467
1.03238
1.0301
1.02782
1.02554
1.02326
1.02099
1.01872
1.01645
1.01419
1.01193
1.00968
1.00743
1.00518
1.00293
1.00069
0.998452
0.996217
0.993985
0.991757
0.989532
0.987311
0.985093
0.982878
0.980667
0.978459
0.976255
0.974054
0.971857
0.969663
0.967473
0.965286
0.963102
0.960922
0.958746
0.956573
0.954403
0.952237
0.950074
0.947915
0.945759
0.943607
0.941459
0.939313
0.937172
0.935033
0.932899
0.930767
0.92864
0.926515
0.924395
0.922278
0.920164
0.918054
0.915947
0.913844
0.911744
0.909648
0.907556
0.905467
0.903381
0.901299
0.899221
0.897146
0.895074
0.893006
0.890942
0.888881
0.886824
0.88477
0.88272
0.880673
0.87863
0.87659
0.874554
0.872522
0.870493
0.868467
0.866446
0.864427
0.862412
0.860401
0.858393
0.856389
0.854388
0.852391
0.850398
0.848408
0.846421
0.844438
0.842459
0.840483
0.838511
0.836542
0.834577
0.832615
0.830657
0.828702
0.826751
0.824804
0.82286
0.820919
0.818982
0.817049
0.815119
0.813193
0.81127
0.809351
0.807435
0.805523
0.803614
0.801709
0.799808
0.79791
0.796015
0.794124
0.792237
0.790353
0.788472
0.786595
0.784722
0.782852
0.780986
0.779123
0.777263
0.775408
0.773555
0.771706
0.769861
0.768019
0.766181
0.764346
0.762515
0.760687
0.758863
0.757042
0.755224
0.75341
0.7516
0.749793
0.74799
0.74619
0.744393
0.7426
0.740811
0.739025
0.737242
0.735463
0.733687
0.731915
0.730146
0.728381
0.726619
0.724861
0.723106
0.721354
0.719606
0.717861
0.71612
0.714382
0.712648
0.710917
0.70919
0.707465
0.705745
0.704028
0.702314
0.700603
0.698896
0.697193
0.695492
0.693796
0.692102
0.690412
0.688725
0.687042
0.685362
0.683686
0.682013
0.680343
0.678676
0.677013
0.675354
0.673697
0.672044
0.670395
0.668748
0.667106
0.665466
0.66383
0.662197
0.660567
0.658941
0.657318
0.655698
0.654082
0.652469
0.650859
0.649253
0.64765
0.64605
0.644453
0.64286
0.64127
0.639683
0.6381
0.63652
0.634943
0.633369
0.631799
0.630232
0.628668
0.627108
0.62555
0.623996
0.622445
0.620898
0.619353
0.617812
0.616274
0.614739
0.613208
0.61168
0.610154
0.608633
0.607114
0.605598
0.604086
0.602577
0.601071
0.599568
0.598068
0.596572
0.595078
0.593588
0.592101
0.590617
0.589137
0.587659
0.586184
0.584713
0.583245
0.58178
0.580318
0.578859
0.577403
0.575951
0.574501
0.573054
0.571611
0.570171
0.568734
0.567299
0.565868
0.56444
0.563015
0.561593
0.560175
0.558759
0.557346
0.555936
0.55453
0.553126
0.551725
0.550328
0.548933
0.547542
0.546153
0.544767
0.543385
0.542005
0.540629
0.539255
0.537884
0.536517
0.535152
0.53379
0.532431
0.531075
0.529722
0.528372
0.527025
0.525681
0.52434
0.523002
0.521667
0.520334
0.519005
0.517678
0.516354
0.515033
0.513716
0.512401
0.511088
0.509779
0.508473
0.507169
0.505868
0.504571
0.503276
0.501983
0.500694
0.499408
0.498124
0.496843
0.495565
0.49429
0.493017
0.491748
0.490481
0.489217
0.487956
0.486697
0.485442
0.484189
0.482939
0.481692
0.480447
0.479205
0.477966
0.47673
0.475496
0.474265
0.473037
0.471812
0.470589
0.469369
0.468152
0.466937
0.465725
0.464516
0.46331
0.462106
0.460905
0.459706
0.458511
0.457317
0.456127
0.454939
0.453754
0.452571
0.451392
0.450214
0.44904
0.447868
0.446698
0.445532
0.444367
0.443206
0.442047
0.44089
0.439737
0.438585
0.437437
0.436291
0.435147
0.434006
0.432868
0.431732
0.430599
0.429468
0.42834
0.427214
0.426091
0.42497
0.423852
0.422737
0.421623
0.420513
0.419405
0.418299
0.417196
0.416095
0.414997
0.413901
0.412808
0.411717
0.410629
0.409543
0.408459
0.407378
0.4063
0.405224
0.40415
0.403079
0.40201
0.400943
0.399879
0.398817
0.397758
0.396701
0.395647
0.394594
0.393545
0.392497
0.391452
0.390409
0.391451
0.392495
0.393542
0.39459
0.395641
0.396694
0.39775
0.398807
0.399867
0.400929
0.401994
0.403061
0.40413
0.405202
0.406276
0.407352
0.408431
0.409513
0.410596
0.411683
0.412772
0.413863
0.414957
0.416053
0.417152
0.418253
0.419358
0.420464
0.421574
0.422685
0.4238
0.424917
0.426037
0.42716
0.428285
0.429413
0.430544
0.431677
0.432813
0.433952
0.435094
0.436239
0.437386
0.438536
0.439689
0.440845
0.442004
0.443165
0.44433
0.445497
0.446667
0.447841
0.449017
0.450196
0.451378
0.452563
0.453751
0.454942
0.456136
0.457333
0.458533
0.459736
0.460942
0.462151
0.463363
0.464579
0.465797
0.467019
0.468243
0.469471
0.470702
0.471936
0.473173
0.474414
0.475657
0.476904
0.478154
0.479407
0.480664
0.481924
0.483186
0.484453
0.485722
0.486995
0.488271
0.48955
0.490833
0.492119
0.493408
0.4947
0.495996
0.497296
0.498598
0.499904
0.501214
0.502526
0.503843
0.505162
0.506485
0.507812
0.509142
0.510475
0.511812
0.513152
0.514495
0.515843
0.517193
0.518547
0.519905
0.521266
0.522631
0.523999
0.525371
0.526746
0.528125
0.529507
0.530893
0.532283
0.533676
0.535073
0.536473
0.537877
0.539285
0.540696
0.542111
0.543529
0.544951
0.546377
0.547806
0.54924
0.550676
0.552117
0.553561
0.555009
0.55646
0.557915
0.559374
0.560837
0.562304
0.563774
0.565248
0.566725
0.568207
0.569692
0.571181
0.572673
0.57417
0.57567
0.577174
0.578682
0.580194
0.581709
0.583229
0.584752
0.586279
0.58781
0.589344
0.590883
0.592425
0.593971
0.595521
0.597075
0.598633
0.600195
0.601761
0.60333
0.604903
0.606481
0.608062
0.609647
0.611236
0.612829
0.614426
0.616027
0.617632
0.61924
0.620853
0.622469
0.62409
0.625715
0.627343
0.628976
0.630612
0.632252
0.633897
0.635545
0.637198
0.638854
0.640514
0.642179
0.643847
0.645519
0.647196
0.648876
0.650561
0.652249
0.653942
0.655638
0.657339
0.659043
0.660752
0.662465
0.664182
0.665902
0.667627
0.669356
0.671089
0.672826
0.674567
0.676313
0.678062
0.679815
0.681573
0.683334
0.6851
0.686869
0.688643
0.690421
0.692203
0.693989
0.695779
0.697573
0.699372
0.701174
0.70298
0.704791
0.706606
0.708425
0.710248
0.712075
0.713906
0.715741
0.717581
0.719424
0.721272
0.723124
0.72498
0.72684
0.728704
0.730572
0.732444
0.734321
0.736201
0.738086
0.739975
0.741868
0.743765
0.745666
0.747572
0.749481
0.751395
0.753313
0.755235
0.757161
0.759091
0.761025
0.762963
0.764906
0.766853
0.768803
0.770758
0.772717
0.77468
0.776648
0.778619
0.780594
0.782574
0.784558
0.786546
0.788537
0.790534
0.792534
0.794538
0.796546
0.798559
0.800575
0.802596
0.804621
0.806649
0.808682
0.810719
0.812761
0.814806
0.816855
0.818908
0.820966
0.823027
0.825093
0.827162
0.829236
0.831314
0.833396
0.835481
0.837571
0.839665
0.841763
0.843865
0.845971
0.848081
0.850196
0.852314
0.854436
0.856562
0.858692
0.860826
0.862965
0.865107
0.867253
0.869403
0.871557
0.873715
0.875877
0.878043
0.880213
0.882387
0.884565
0.886747
0.888933
0.891123
0.893316
0.895514
0.897715
0.899921
0.90213
0.904343
0.90656
0.908781
0.911006
0.913234
0.915467
0.917703
0.919944
0.922188
0.924435
0.926687
0.928943
0.931202
0.933465
0.935732
0.938003
0.940277
0.942556
0.944838
0.947123
0.949413
0.951706
0.954003
0.956304
0.958608
0.960917
0.963228
0.965544
0.967863
0.970186
0.972512
0.974842
0.977176
0.979514
0.981855
0.984199
0.986548
0.988899
0.991255
0.993614
0.995976
0.998342
1.00071
1.00308
1.00546
1.00784
1.01023
1.01261
1.015
1.0174
1.01979
1.0222
1.0246
1.02701
1.02942
1.03183
1.03425
1.03667
1.0391
1.04153
1.04396
1.04639
1.04883
1.05127
1.05371
1.05616
1.05861
1.06107
1.06353
1.06599
1.06845
1.07092
1.07339
1.07586
1.07834
1.08082
1.0833
1.08579
1.08828
1.09077
1.09326
1.09576
1.09826
1.10077
1.10327
1.10578
1.1083
1.11081
1.11333
1.11585
1.11838
1.12091
1.12344
1.12597
1.12851
1.13105
1.13359
1.13613
1.13868
1.14123
1.14379
1.14634
1.1489
1.15146
1.15403
1.15659
1.15916
1.16173
1.16431
1.16689
1.16947
1.17205
1.17463
1.17722
1.17981
1.18241
1.185
1.1876
1.1902
1.1928
1.19541
1.19801
1.20062
1.20323
1.20585
1.20847
1.21109
1.21371
1.21633
1.21896
1.22158
1.22421
1.22685
1.22948
1.23212
1.23476
1.2374
1.24004
1.24269
1.24534
1.24799
1.25064
1.25329
1.25595
1.2586
1.26126
1.26392
1.26659
1.26925
1.27192
1.27459
1.27726
1.27993
1.28261
1.28528
1.28796
1.29064
1.29332
1.29601
1.29869
1.30138
1.30407
1.30676
1.30945
1.31214
1.31483
1.31753
1.32023
1.32293
1.32563
1.32833
1.33103
1.33374
1.33644
1.33915
1.34186
1.34457
1.34728
1.35
1.35271
1.35542
1.35814
1.36086
1.36358
1.3663
1.36902
1.37174
1.37447
1.37719
1.37992
1.38264
1.38537
1.3881
1.39083
1.39356
1.39629
1.39902
1.40176
1.40449
1.40723
1.40996
1.4127
1.41544
1.41817
1.42091
1.42365
1.42639
1.42913
1.43188
1.43462
1.43736
1.4401
1.44285
1.44559
1.44834
1.45108
1.45383
1.45658
1.45932
1.46207
1.46482
1.46757
1.47031
1.47306
1.47581
1.47856
1.48131
1.48406
1.48681
1.48956
1.49231
1.49506
1.49781
1.50056
1.50332
1.50607
1.50882
1.51157
1.51432
1.51707
1.51982
1.52257
1.52532
1.52807
1.53082
1.53358
1.53633
1.53908
1.54183
1.54458
1.54732
1.55007
1.55282
1.55557
1.55832
1.56107
1.56381
1.56656
1.56931
1.57205
1.5748
1.57755
1.58029
1.58303
1.58578
1.58852
1.59126
1.59401
1.59675
1.59949
1.60223
1.60497
1.60771
1.61044
1.61318
1.61592
1.61865
1.62139
1.62412
1.62685
1.62959
1.63232
1.63505
1.63778
1.64051
1.64323
1.64596
1.64869
1.65141
1.65413
1.65686
1.65958
1.6623
1.66502
1.66773
1.67045
1.67317
1.67588
1.67859
1.68131
1.68402
1.68673
1.68943
1.69214
1.69485
1.69755
1.70025
1.70295
1.70565
1.70835
1.71105
1.71375
1.71644
1.71913
1.72182
1.72451
1.7272
1.72989
1.73257
1.73525
1.73794
1.74062
1.74329
1.74597
1.74865
1.75132
1.75399
1.75666
1.75933
1.76199
1.76466
1.76732
1.76998
1.77264
1.7753
1.77795
1.78061
1.78326
1.78591
1.78855
1.7912
1.79384
1.79649
1.79912
1.80176
1.8044
1.80703
1.80966
1.81229
1.81492
1.81754
1.82017
1.82279
1.82541
1.82802
1.83064
1.83325
1.83586
1.83847
1.84107
1.84368
1.84628
1.84887
1.85147
1.85407
1.85666
1.85925
1.86183
1.86442
1.867
1.86958
1.87216
1.87473
1.8773
1.87987
1.88244
1.88501
1.88757
1.89013
1.89269
1.89524
1.89779
1.90034
1.90289
1.90544
1.90798
1.91052
1.91305
1.91559
1.91812
1.92065
1.92318
1.9257
1.92822
1.93074
1.93325
1.93577
1.93828
1.94078
1.94329
1.94579
1.94829
1.95079
1.95328
1.95577
1.95826
1.96074
1.96322
1.9657
1.96818
1.97065
1.97312
1.97559
1.97806
1.98052
1.98298
1.98543
1.98789
1.99034
1.99278
1.99523
1.99767
2.00011
2.00254
2.00498
2.0074
2.00983
2.01225
2.01467
2.01709
2.0195
2.02192
2.02432
2.02673
2.02913
2.03153
2.03392
2.03632
2.03871
2.04109
2.04348
2.04585
2.04823
2.05061
2.05298
2.05534
2.05771
2.06007
2.06242
2.06478
2.06713
2.06948
2.07182
2.07416
2.0765
2.07884
2.08117
2.0835
2.08582
2.08815
2.09046
2.09278
2.09509
2.0974
2.09971
2.10201
2.10431
2.1066
2.1089
2.11118
2.11347
2.11575
2.11803
2.12031
2.12258
2.12485
2.12711
2.12938
2.13163
2.13389
2.13614
2.13839
2.14064
2.14288
2.14512
2.14735
2.14958
2.15181
2.15404
2.15626
2.15848
2.16069
2.1629
2.16511
2.16731
2.16951
2.17171
2.17391
2.1761
2.17828
2.18047
2.18265
2.18482
2.187
2.18917
2.19133
2.1935
2.19566
2.19781
2.19996
2.20211
2.20426
2.2064
2.20854
2.21067
2.2128
2.21493
2.21706
2.21918
2.2213
2.22341
2.22552
2.22763
2.22973
2.23183
2.23393
2.23602
2.23811
2.24019
2.24228
2.24435
2.24643
2.2485
2.25057
2.25263
2.2547
2.25675
2.25881
2.26086
2.2629
2.26495
2.26699
2.26902
2.27106
2.27309
2.27511
2.27713
2.27915
2.28117
2.28318
2.28519
2.28719
2.28919
2.29119
2.29319
2.29518
2.29716
2.29915
2.30113
2.3031
2.30507
2.30704
2.30901
2.31097
2.31293
2.31489
2.31684
2.31878
2.32073
2.32267
2.32461
2.32654
2.32847
2.3304
2.33232
2.33424
2.33616
2.33807
2.33998
2.34188
2.34379
2.34569
2.34758
2.34947
2.35136
2.35324
2.35513
2.357
2.35888
2.36075
2.36261
2.36448
2.36634
2.36819
2.37005
2.3719
2.37374
2.37558
2.37742
2.37926
2.38109
2.38292
2.38474
2.38657
2.38838
2.3902
2.39201
2.39382
2.39562
2.39742
2.39922
2.40101
2.4028
2.40459
2.40637
2.40815
2.40993
2.4117
2.41347
2.41524
2.417
2.41876
2.42051
2.42227
2.42401
2.42576
2.4275
2.42924
2.43098
2.43271
2.43444
2.43616
2.43788
2.4396
2.44131
2.44303
2.44473
2.44644
2.44814
2.44984
2.45153
2.45322
2.45491
2.45659
2.45827
2.45995
2.46162
2.4633
2.46496
2.46663
2.46829
2.46994
2.4716
2.47325
2.4749
2.47654
2.47818
2.47982
2.48145
2.48308
2.48471
2.48633
2.48795
2.48957
2.49118
2.49279
2.4944
2.49601
2.49761
2.4992
2.5008
2.50239
2.50398
2.50556
2.50714
2.50872
2.51029
2.51186
2.51343
2.515
2.51656
2.51812
2.51967
2.52122
2.52277
2.52432
2.52586
2.5274
2.52894
2.53047
2.532
2.53352
2.53505
2.53657
2.53808
2.5396
2.54111
2.54261
2.54412
2.54562
2.54712
2.54861
2.5501
2.55159
2.55307
2.55456
2.55603
2.55751
2.55898
2.56045
2.56192
2.56338
2.56484
2.5663
2.56775
2.5692
2.57065
2.57209
2.57354
2.57497
2.57641
2.57784
2.57927
2.5807
2.58212
2.58354
2.58496
2.58637
2.58778
2.58919
2.59059
2.592
2.5934
2.59479
2.59618
2.59757
2.59896
2.60034
2.60173
2.6031
2.60448
2.60585
2.60722
2.60859
2.60995
2.61131
2.61267
2.61402
2.61537
2.61672
2.61806
2.61941
2.62075
2.62208
2.62342
2.62475
2.62608
2.6274
2.62872
2.63004
2.63136
2.63267
2.63398
2.63529
2.6366
2.6379
2.6392
2.64049
2.64179
2.64308
2.64437
2.64565
2.64693
2.64821
2.64949
2.65076
2.65204
2.6533
2.65457
2.65583
2.65709
2.65835
2.6596
2.66086
2.6621
2.66335
2.66459
2.66583
2.66707
2.66831
2.66954
2.67077
2.672
2.67322
2.67444
2.67566
2.67688
2.67809
2.6793
2.68051
2.68172
2.68292
2.68412
2.68532
2.68651
2.6877
2.68889
2.69008
2.69126
2.69245
2.69363
2.6948
2.69598
2.69715
2.69832
2.69948
2.70064
2.70181
2.70296
2.70412
2.70527
2.70642
2.70757
2.70872
2.70986
2.711
2.71214
2.71327
2.71441
2.71554
2.71666
2.71779
2.71891
2.72003
2.72115
2.72226
2.72338
2.72226
2.72114
2.72002
2.7189
2.71778
2.71665
2.71552
2.71439
2.71326
2.71212
2.71098
2.70984
2.7087
2.70755
2.7064
2.70525
2.7041
2.70294
2.70178
2.70062
2.69946
2.69829
2.69712
2.69595
2.69477
2.6936
2.69242
2.69124
2.69005
2.68886
2.68767
2.68648
2.68528
2.68408
2.68288
2.68168
2.68047
2.67926
2.67804
2.67683
2.67561
2.67439
2.67316
2.67194
2.6707
2.66947
2.66823
2.66699
2.66575
2.66451
2.66326
2.66201
2.66075
2.65949
2.65823
2.65697
2.6557
2.65443
2.65316
2.65188
2.6506
2.64932
2.64803
2.64674
2.64545
2.64416
2.64286
2.64156
2.64025
2.63894
2.63763
2.63631
2.635
2.63367
2.63235
2.63102
2.62969
2.62836
2.62702
2.62568
2.62433
2.62298
2.62163
2.62028
2.61892
2.61755
2.61619
2.61482
2.61345
2.61207
2.61069
2.60931
2.60792
2.60653
2.60514
2.60374
2.60234
2.60094
2.59953
2.59812
2.59671
2.59529
2.59387
2.59244
2.59101
2.58958
2.58815
2.58671
2.58526
2.58382
2.58237
2.58091
2.57945
2.57799
2.57653
2.57506
2.57359
2.57211
2.57063
2.56915
2.56766
2.56617
2.56467
2.56318
2.56167
2.56017
2.55866
2.55714
2.55563
2.55411
2.55258
2.55105
2.54952
2.54798
2.54644
2.5449
2.54335
2.5418
2.54024
2.53868
2.53712
2.53555
2.53398
2.53241
2.53083
2.52925
2.52766
2.52607
2.52448
2.52288
2.52128
2.51967
2.51806
2.51645
2.51483
2.51321
2.51158
2.50995
2.50832
2.50668
2.50504
2.5034
2.50175
2.50009
2.49844
2.49677
2.49511
2.49344
2.49177
2.49009
2.48841
2.48672
2.48503
2.48334
2.48164
2.47994
2.47824
2.47653
2.47481
2.4731
2.47138
2.46965
2.46792
2.46619
2.46445
2.46271
2.46096
2.45921
2.45746
2.4557
2.45394
2.45217
2.4504
2.44863
2.44685
2.44507
2.44328
2.44149
2.43969
2.43789
2.43609
2.43428
2.43247
2.43066
2.42884
2.42702
2.42519
2.42336
2.42152
2.41968
2.41784
2.41599
2.41414
2.41228
2.41042
2.40856
2.40669
2.40481
2.40294
2.40106
2.39917
2.39728
2.39539
2.39349
2.39159
2.38968
2.38777
2.38586
2.38394
2.38202
2.38009
2.37816
2.37623
2.37429
2.37234
2.3704
2.36845
2.36649
2.36453
2.36257
2.3606
2.35863
2.35665
2.35467
2.35269
2.3507
2.34871
2.34671
2.34471
2.34271
2.3407
2.33868
2.33667
2.33465
2.33262
2.33059
2.32856
2.32652
2.32448
2.32243
2.32039
2.31833
2.31627
2.31421
2.31215
2.31008
2.308
2.30592
2.30384
2.30175
2.29966
2.29757
2.29547
2.29337
2.29126
2.28915
2.28704
2.28492
2.2828
2.28067
2.27854
2.27641
2.27427
2.27212
2.26998
2.26783
2.26567
2.26351
2.26135
2.25919
2.25701
2.25484
2.25266
2.25048
2.24829
2.2461
2.24391
2.24171
2.23951
2.2373
2.23509
2.23288
2.23066
2.22844
2.22622
2.22399
2.22176
2.21952
2.21728
2.21503
2.21279
2.21053
2.20828
2.20602
2.20375
2.20149
2.19922
2.19694
2.19466
2.19238
2.19009
2.1878
2.18551
2.18321
2.18091
2.17861
2.1763
2.17399
2.17167
2.16935
2.16703
2.1647
2.16237
2.16004
2.1577
2.15536
2.15301
2.15066
2.14831
2.14596
2.1436
2.14123
2.13887
2.1365
2.13413
2.13175
2.12937
2.12698
2.1246
2.12221
2.11981
2.11741
2.11501
2.11261
2.1102
2.10779
2.10537
2.10296
2.10053
2.09811
2.09568
2.09325
2.09082
2.08838
2.08594
2.08349
2.08104
2.07859
2.07614
2.07368
2.07122
2.06875
2.06629
2.06382
2.06134
2.05887
2.05639
2.0539
2.05142
2.04893
2.04644
2.04394
2.04144
2.03894
2.03644
2.03393
2.03142
2.02891
2.02639
2.02387
2.02135
2.01882
2.0163
2.01377
2.01123
2.0087
2.00616
2.00362
2.00107
1.99852
1.99597
1.99342
1.99086
1.9883
1.98574
1.98318
1.98061
1.97804
1.97547
1.9729
1.97032
1.96774
1.96516
1.96257
1.95998
1.95739
1.9548
1.95221
1.94961
1.94701
1.94441
1.9418
1.9392
1.93659
1.93397
1.93136
1.92874
1.92613
1.9235
1.92088
1.91826
1.91563
1.913
1.91037
1.90773
1.90509
1.90246
1.89981
1.89717
1.89453
1.89188
1.88923
1.88658
1.88393
1.88127
1.87861
1.87596
1.87329
1.87063
1.86797
1.8653
1.86263
1.85996
1.85729
1.85462
1.85194
1.84926
1.84658
1.8439
1.84122
1.83854
1.83585
1.83316
1.83047
1.82778
1.82509
1.8224
1.8197
1.81701
1.81431
1.81161
1.80891
1.8062
1.8035
1.80079
1.79809
1.79538
1.79267
1.78996
1.78725
1.78453
1.78182
1.7791
1.77639
1.77367
1.77095
1.76823
1.76551
1.76279
1.76006
1.75734
1.75461
1.75188
1.74916
1.74643
1.7437
1.74097
1.73824
1.7355
1.73277
1.73004
1.7273
1.72457
1.72183
1.71909
1.71636
1.71362
1.71088
1.70814
1.7054
1.70266
1.69992
1.69717
1.69443
1.69169
1.68894
1.6862
1.68345
1.68071
1.67796
1.67522
1.67247
1.66972
1.66698
1.66423
1.66148
1.65873
1.65599
1.65324
1.65049
1.64774
1.64499
1.64224
1.63949
1.63674
1.63399
1.63124
1.6285
1.62575
1.623
1.62025
1.6175
1.61475
1.612
1.60925
1.6065
1.60375
1.601
1.59825
1.59551
1.59276
1.59001
1.58726
1.58452
1.58177
1.57902
1.57628
1.57353
1.57079
1.56804
1.5653
1.56255
1.55981
1.55707
1.55432
1.55158
1.54884
1.5461
1.54336
1.54062
1.53788
1.53514
1.53241
1.52967
1.52693
1.5242
1.52146
1.51873
1.516
1.51326
1.51053
1.5078
1.50507
1.50235
1.49962
1.49689
1.49417
1.49144
1.48872
1.486
1.48327
1.48055
1.47784
1.47512
1.4724
1.46968
1.46697
1.46426
1.46154
1.45883
1.45612
1.45341
1.45071
1.448
1.4453
1.44259
1.43989
1.43719
1.43449
1.43179
1.4291
1.4264
1.42371
1.42102
1.41833
1.41564
1.41295
1.41027
1.40758
1.4049
1.40222
1.39954
1.39686
1.39419
1.39151
1.38884
1.38617
1.3835
1.38083
1.37817
1.3755
1.37284
1.37018
1.36752
1.36487
1.36221
1.35956
1.35691
1.35426
1.35161
1.34897
1.34632
1.34368
1.34104
1.33841
1.33577
1.33314
1.33051
1.32788
1.32525
1.32263
1.32
1.31738
1.31476
1.31215
1.30953
1.30692
1.30431
1.30171
1.2991
1.2965
1.2939
1.2913
1.2887
1.28611
1.28352
1.28093
1.27834
1.27576
1.27318
1.2706
1.26802
1.26544
1.26287
1.2603
1.25774
1.25517
1.25261
1.25005
1.24749
1.24494
1.24238
1.23983
1.23729
1.23474
1.2322
1.22966
1.22712
1.22459
1.22206
1.21953
1.217
1.21448
1.21196
1.20944
1.20692
1.20441
1.2019
1.19939
1.19689
1.19439
1.19189
1.18939
1.1869
1.18441
1.18192
1.17943
1.17695
1.17447
1.172
1.16952
1.16705
1.16458
1.16212
1.15966
1.1572
1.15474
1.15229
1.14984
1.14739
1.14495
1.1425
1.14007
1.13763
1.1352
1.13277
1.13034
1.12792
1.1255
1.12308
1.12067
1.11825
1.11585
1.11344
1.11104
1.10864
1.10624
1.10385
1.10146
1.09907
1.09669
1.09431
1.09193
1.08956
1.08719
1.08482
1.08246
1.0801
1.07774
1.07538
1.07303
1.07068
1.06834
1.066
1.06366
1.06132
1.05899
1.05666
1.05433
1.05201
1.04969
1.04738
1.04506
1.04275
1.04045
1.03814
1.03585
1.03355
1.03126
1.02897
1.02668
1.0244
1.02212
1.01984
1.01757
1.0153
1.01303
1.01077
1.00851
1.00625
1.004
1.00175
0.999506
0.997264
0.995024
0.992789
0.990556
0.988327
0.986102
0.983879
0.981661
0.979445
0.977233
0.975025
0.97282
0.970618
0.96842
0.966225
0.964034
0.961846
0.959662
0.957481
0.955303
0.953129
0.950959
0.948791
0.946628
0.944468
0.942311
0.940158
0.938008
0.935862
0.933719
0.93158
0.929444
0.927312
0.925183
0.923057
0.920936
0.918817
0.916702
0.914591
0.912483
0.910379
0.908278
0.906181
0.904087
0.901997
0.89991
0.897827
0.895747
0.893671
0.891598
0.889529
0.887463
0.885401
0.883343
0.881288
0.879236
0.877188
0.875144
0.873103
0.871065
0.869031
0.867001
0.864974
0.862951
0.860931
0.858915
0.856902
0.854893
0.852887
0.850885
0.848887
0.846892
0.8449
0.842912
0.840928
0.838947
0.83697
0.834996
0.833026
0.831059
0.829096
0.827136
0.82518
0.823227
0.821278
0.819332
0.81739
0.815452
0.813517
0.811585
0.809657
0.807733
0.805812
0.803895
0.801981
0.80007
0.798164
0.79626
0.794361
0.792464
0.790572
0.788682
0.786797
0.784914
0.783036
0.781161
0.779289
0.777421
0.775556
0.773695
0.771837
0.769983
0.768132
0.766285
0.764442
0.762601
0.760765
0.758931
0.757102
0.755276
0.753453
0.751633
0.749818
0.748005
0.746196
0.744391
0.742589
0.740791
0.738996
0.737204
0.735416
0.733632
0.73185
0.730073
0.728299
0.726528
0.72476
0.722996
0.721236
0.719479
0.717725
0.715975
0.714228
0.712485
0.710745
0.709009
0.707276
0.705546
0.70382
0.702097
0.700378
0.698662
0.696949
0.69524
0.693534
0.691832
0.690133
0.688437
0.686745
0.685056
0.68337
0.681688
0.680009
0.678334
0.676662
0.674993
0.673328
0.671666
0.670007
0.668352
0.6667
0.665051
0.663406
0.661764
0.660125
0.65849
0.656858
0.655229
0.653604
0.651982
0.650363
0.648748
0.647136
0.645527
0.643921
0.642319
0.64072
0.639124
0.637532
0.635943
0.634357
0.632774
0.631195
0.629619
0.628046
0.626476
0.62491
0.623347
0.621787
0.62023
0.618676
0.617126
0.615579
0.614035
0.612495
0.610957
0.609423
0.607892
0.606364
0.60484
0.603318
0.6018
0.600285
0.598773
0.597264
0.595759
0.594256
0.592757
0.591261
0.589768
0.588278
0.586792
0.585308
0.583828
0.58235
0.580876
0.579405
0.577937
0.576472
0.57501
0.573552
0.572096
0.570644
0.569194
0.567748
0.566305
0.564865
0.563427
0.561993
0.560562
0.559134
0.55771
0.556288
0.554869
0.553453
0.55204
0.55063
0.549224
0.54782
0.546419
0.545022
0.543627
0.542235
0.540846
0.539461
0.538078
0.536698
0.535321
0.533947
0.532576
0.531208
0.529843
0.528481
0.527122
0.525766
0.524413
0.523062
0.521715
0.52037
0.519029
0.51769
0.516354
0.515021
0.513691
0.512364
0.51104
0.509719
0.5084
0.507084
0.505772
0.504462
0.503155
0.50185
0.500549
0.499251
0.497955
0.496662
0.495372
0.494085
0.4928
0.491518
0.49024
0.488964
0.48769
0.48642
0.485152
0.483887
0.482625
0.481366
0.480109
0.478855
0.477604
0.476356
0.47511
0.473867
0.472627
0.471389
0.470155
0.468922
0.467693
0.466466
0.465243
0.464021
0.462803
0.461587
0.460374
0.459163
0.457955
0.45675
0.455547
0.454348
0.45315
0.451956
0.450764
0.449574
0.448388
0.447204
0.446022
0.444843
0.443667
0.444842
0.44602
0.4472
0.448382
0.449567
0.450755
0.451944
0.453137
0.454332
0.455529
0.456729
0.457932
0.459137
0.460345
0.461555
0.462769
0.463984
0.465203
0.466424
0.467648
0.468874
0.470104
0.471336
0.472571
0.473809
0.475049
0.476292
0.477539
0.478788
0.48004
0.481294
0.482552
0.483813
0.485076
0.486343
0.487612
0.488885
0.49016
0.491439
0.49272
0.494005
0.495292
0.496583
0.497877
0.499173
0.500473
0.501776
0.503082
0.504392
0.505704
0.507019
0.508338
0.50966
0.510985
0.512314
0.513645
0.51498
0.516318
0.517659
0.519004
0.520352
0.521703
0.523057
0.524415
0.525776
0.527141
0.528508
0.52988
0.531254
0.532632
0.534013
0.535398
0.536786
0.538178
0.539573
0.540971
0.542373
0.543779
0.545187
0.5466
0.548016
0.549435
0.550858
0.552284
0.553714
0.555148
0.556585
0.558025
0.559469
0.560917
0.562368
0.563823
0.565282
0.566744
0.56821
0.569679
0.571152
0.572629
0.57411
0.575594
0.577081
0.578573
0.580068
0.581567
0.583069
0.584575
0.586085
0.587599
0.589116
0.590638
0.592163
0.593691
0.595224
0.59676
0.5983
0.599844
0.601391
0.602943
0.604498
0.606057
0.60762
0.609187
0.610757
0.612332
0.61391
0.615492
0.617078
0.618668
0.620261
0.621859
0.62346
0.625066
0.626675
0.628288
0.629905
0.631526
0.633151
0.63478
0.636413
0.63805
0.63969
0.641335
0.642983
0.644636
0.646292
0.647953
0.649617
0.651286
0.652958
0.654634
0.656315
0.657999
0.659687
0.66138
0.663076
0.664776
0.666481
0.668189
0.669902
0.671618
0.673339
0.675063
0.676792
0.678524
0.680261
0.682002
0.683746
0.685495
0.687248
0.689005
0.690766
0.692531
0.6943
0.696073
0.697851
0.699632
0.701418
0.703207
0.705001
0.706798
0.7086
0.710406
0.712216
0.71403
0.715848
0.717671
0.719497
0.721328
0.723162
0.725001
0.726844
0.728691
0.730542
0.732397
0.734256
0.73612
0.737987
0.739859
0.741735
0.743614
0.745498
0.747387
0.749279
0.751175
0.753076
0.75498
0.756889
0.758802
0.760719
0.76264
0.764565
0.766495
0.768428
0.770366
0.772307
0.774253
0.776203
0.778157
0.780115
0.782078
0.784044
0.786015
0.787989
0.789968
0.791951
0.793938
0.795929
0.797925
0.799924
0.801927
0.803935
0.805947
0.807962
0.809982
0.812006
0.814034
0.816066
0.818103
0.820143
0.822187
0.824236
0.826288
0.828345
0.830406
0.832471
0.834539
0.836612
0.838689
0.84077
0.842855
0.844945
0.847038
0.849135
0.851236
0.853342
0.855451
0.857564
0.859682
0.861803
0.863929
0.866058
0.868191
0.870329
0.87247
0.874616
0.876765
0.878919
0.881076
0.883237
0.885403
0.887572
0.889745
0.891922
0.894103
0.896288
0.898477
0.90067
0.902867
0.905068
0.907273
0.909481
0.911694
0.91391
0.91613
0.918354
0.920582
0.922814
0.92505
0.927289
0.929532
0.93178
0.934031
0.936285
0.938544
0.940806
0.943073
0.945343
0.947617
0.949894
0.952175
0.95446
0.956749
0.959042
0.961338
0.963638
0.965942
0.968249
0.97056
0.972875
0.975193
0.977516
0.979841
0.982171
0.984504
0.98684
0.989181
0.991525
0.993872
0.996223
0.998578
1.00094
1.0033
1.00566
1.00803
1.0104
1.01278
1.01516
1.01754
1.01993
1.02232
1.02471
1.02711
1.02951
1.03191
1.03432
1.03673
1.03914
1.04156
1.04398
1.0464
1.04883
1.05126
1.0537
1.05613
1.05857
1.06102
1.06346
1.06591
1.06837
1.07082
1.07328
1.07575
1.07821
1.08068
1.08316
1.08563
1.08811
1.09059
1.09308
1.09556
1.09806
1.10055
1.10305
1.10555
1.10805
1.11056
1.11307
1.11558
1.11809
1.12061
1.12313
1.12566
1.12818
1.13071
1.13325
1.13578
1.13832
1.14086
1.1434
1.14595
1.1485
1.15105
1.15361
1.15617
1.15873
1.16129
1.16385
1.16642
1.16899
1.17157
1.17414
1.17672
1.1793
1.18189
1.18447
1.18706
1.18965
1.19225
1.19484
1.19744
1.20004
1.20265
1.20525
1.20786
1.21047
1.21309
1.2157
1.21832
1.22094
1.22356
1.22619
1.22881
1.23144
1.23407
1.23671
1.23934
1.24198
1.24462
1.24726
1.2499
1.25255
1.2552
1.25785
1.2605
1.26315
1.26581
1.26847
1.27113
1.27379
1.27645
1.27912
1.28179
1.28446
1.28713
1.2898
1.29247
1.29515
1.29783
1.30051
1.30319
1.30587
1.30856
1.31124
1.31393
1.31662
1.31931
1.322
1.3247
1.32739
1.33009
1.33279
1.33549
1.33819
1.34089
1.3436
1.3463
1.34901
1.35172
1.35443
1.35714
1.35985
1.36256
1.36528
1.36799
1.37071
1.37343
1.37615
1.37887
1.38159
1.38431
1.38704
1.38976
1.39249
1.39521
1.39794
1.40067
1.4034
1.40613
1.40886
1.41159
1.41432
1.41706
1.41979
1.42253
1.42526
1.428
1.43074
1.43347
1.43621
1.43895
1.44169
1.44443
1.44717
1.44991
1.45266
1.4554
1.45814
1.46089
1.46363
1.46637
1.46912
1.47186
1.47461
1.47735
1.4801
1.48285
1.48559
1.48834
1.49109
1.49384
1.49658
1.49933
1.50208
1.50483
1.50757
1.51032
1.51307
1.51582
1.51857
1.52132
1.52406
1.52681
1.52956
1.53231
1.53506
1.5378
1.54055
1.5433
1.54605
1.54879
1.55154
1.55429
1.55703
1.55978
1.56252
1.56527
1.56801
1.57076
1.5735
1.57625
1.57899
1.58173
1.58447
1.58721
1.58996
1.5927
1.59544
1.59818
1.60091
1.60365
1.60639
1.60913
1.61186
1.6146
1.61733
1.62007
1.6228
1.62553
1.62826
1.63099
1.63372
1.63645
1.63918
1.64191
1.64463
1.64736
1.65008
1.65281
1.65553
1.65825
1.66097
1.66369
1.66641
1.66912
1.67184
1.67455
1.67727
1.67998
1.68269
1.6854
1.68811
1.69081
1.69352
1.69622
1.69893
1.70163
1.70433
1.70703
1.70973
1.71242
1.71512
1.71781
1.7205
1.72319
1.72588
1.72857
1.73126
1.73394
1.73662
1.7393
1.74198
1.74466
1.74734
1.75001
1.75268
1.75536
1.75802
1.76069
1.76336
1.76602
1.76869
1.77135
1.774
1.77666
1.77932
1.78197
1.78462
1.78727
1.78992
1.79256
1.79521
1.79785
1.80049
1.80313
1.80576
1.8084
1.81103
1.81366
1.81629
1.81891
1.82153
1.82415
1.82677
1.82939
1.83201
1.83462
1.83723
1.83984
1.84244
1.84505
1.84765
1.85025
1.85284
1.85544
1.85803
1.86062
1.86321
1.86579
1.86838
1.87096
1.87354
1.87611
1.87868
1.88126
1.88382
1.88639
1.88895
1.89151
1.89407
1.89663
1.89918
1.90173
1.90428
1.90683
1.90937
1.91191
1.91445
1.91699
1.91952
1.92205
1.92458
1.9271
1.92962
1.93214
1.93466
1.93717
1.93969
1.94219
1.9447
1.9472
1.9497
1.9522
1.9547
1.95719
1.95968
1.96217
1.96465
1.96713
1.96961
1.97208
1.97456
1.97703
1.97949
1.98196
1.98442
1.98687
1.98933
1.99178
1.99423
1.99668
1.99912
2.00156
2.004
2.00643
2.00886
2.01129
2.01372
2.01614
2.01856
2.02097
2.02339
2.0258
2.0282
2.03061
2.03301
2.03541
2.0378
2.04019
2.04258
2.04497
2.04735
2.04973
2.0521
2.05448
2.05685
2.05921
2.06157
2.06393
2.06629
2.06865
2.071
2.07334
2.07569
2.07803
2.08037
2.0827
2.08503
2.08736
2.08968
2.092
2.09432
2.09664
2.09895
2.10126
2.10356
2.10586
2.10816
2.11046
2.11275
2.11504
2.11732
2.1196
2.12188
2.12416
2.12643
2.1287
2.13096
2.13322
2.13548
2.13774
2.13999
2.14224
2.14448
2.14672
2.14896
2.1512
2.15343
2.15566
2.15788
2.1601
2.16232
2.16453
2.16674
2.16895
2.17116
2.17336
2.17555
2.17775
2.17994
2.18212
2.18431
2.18649
2.18866
2.19084
2.19301
2.19517
2.19733
2.19949
2.20165
2.2038
2.20595
2.2081
2.21024
2.21238
2.21451
2.21664
2.21877
2.22089
2.22301
2.22513
2.22725
2.22936
2.23146
2.23357
2.23567
2.23776
2.23985
2.24194
2.24403
2.24611
2.24819
2.25027
2.25234
2.25441
2.25647
2.25853
2.26059
2.26264
2.26469
2.26674
2.26878
2.27082
2.27286
2.27489
2.27692
2.27895
2.28097
2.28299
2.28501
2.28702
2.28903
2.29103
2.29303
2.29503
2.29702
2.29901
2.301
2.30298
2.30496
2.30694
2.30891
2.31088
2.31285
2.31481
2.31677
2.31873
2.32068
2.32263
2.32457
2.32651
2.32845
2.33038
2.33231
2.33424
2.33617
2.33809
2.34
2.34192
2.34382
2.34573
2.34763
2.34953
2.35143
2.35332
2.35521
2.35709
2.35897
2.36085
2.36273
2.3646
2.36647
2.36833
2.37019
2.37205
2.3739
2.37575
2.3776
2.37944
2.38128
2.38311
2.38495
2.38678
2.3886
2.39042
2.39224
2.39406
2.39587
2.39768
2.39948
2.40128
2.40308
2.40488
2.40667
2.40845
2.41024
2.41202
2.4138
2.41557
2.41734
2.41911
2.42087
2.42263
2.42439
2.42614
2.42789
2.42964
2.43138
2.43312
2.43485
2.43659
2.43831
2.44004
2.44176
2.44348
2.4452
2.44691
2.44862
2.45032
2.45203
2.45372
2.45542
2.45711
2.4588
2.46048
2.46217
2.46384
2.46552
2.46719
2.46886
2.47052
2.47219
2.47384
2.4755
2.47715
2.4788
2.48044
2.48208
2.48372
2.48536
2.48699
2.48862
2.49024
2.49186
2.49348
2.4951
2.49671
2.49832
2.49992
2.50153
2.50312
2.50472
2.50631
2.5079
2.50949
2.51107
2.51265
2.51422
2.5158
2.51737
2.51893
2.5205
2.52205
2.52361
2.52516
2.52671
2.52826
2.5298
2.53135
2.53288
2.53442
2.53595
2.53747
2.539
2.54052
2.54204
2.54355
2.54507
2.54657
2.54808
2.54958
2.55108
2.55258
2.55407
2.55556
2.55705
2.55853
2.56001
2.56149
2.56296
2.56443
2.5659
2.56737
2.56883
2.57029
2.57174
2.57319
2.57464
2.57609
2.57753
2.57897
2.58041
2.58184
2.58328
2.5847
2.58613
2.58755
2.58897
2.59039
2.5918
2.59321
2.59461
2.59602
2.59742
2.59882
2.60021
2.6016
2.60299
2.60438
2.60576
2.60714
2.60852
2.60989
2.61126
2.61263
2.614
2.61536
2.61672
2.61808
2.61943
2.62078
2.62213
2.62347
2.62481
2.62615
2.62749
2.62882
2.63015
2.63148
2.63281
2.63413
2.63545
2.63676
2.63807
2.63939
2.64069
2.642
2.6433
2.6446
2.64589
2.64719
2.64848
2.64977
2.65105
2.65233
2.65361
2.65489
2.65616
2.65743
2.6587
2.65997
2.66123
2.66249
2.66375
2.665
2.66625
2.6675
2.66875
2.66999
2.67123
2.67247
2.67371
2.67494
2.67617
2.67494
2.67371
2.67248
2.67125
2.67001
2.66877
2.66753
2.66629
2.66504
2.66379
2.66254
2.66128
2.66002
2.65876
2.6575
2.65623
2.65497
2.65369
2.65242
2.65114
2.64986
2.64858
2.64729
2.646
2.64471
2.64342
2.64212
2.64082
2.63952
2.63821
2.6369
2.63559
2.63427
2.63295
2.63163
2.63031
2.62898
2.62765
2.62632
2.62498
2.62364
2.6223
2.62095
2.6196
2.61825
2.61689
2.61553
2.61417
2.6128
2.61143
2.61006
2.60869
2.60731
2.60593
2.60454
2.60315
2.60176
2.60036
2.59897
2.59756
2.59616
2.59475
2.59334
2.59192
2.5905
2.58908
2.58765
2.58622
2.58479
2.58335
2.58191
2.58047
2.57902
2.57757
2.57612
2.57466
2.5732
2.57174
2.57027
2.56879
2.56732
2.56584
2.56436
2.56287
2.56138
2.55989
2.55839
2.55689
2.55539
2.55388
2.55236
2.55085
2.54933
2.54781
2.54628
2.54475
2.54322
2.54168
2.54014
2.53859
2.53704
2.53549
2.53393
2.53237
2.53081
2.52924
2.52767
2.52609
2.52451
2.52293
2.52134
2.51975
2.51816
2.51656
2.51495
2.51335
2.51174
2.51012
2.5085
2.50688
2.50526
2.50363
2.50199
2.50036
2.49871
2.49707
2.49542
2.49377
2.49211
2.49045
2.48878
2.48711
2.48544
2.48376
2.48208
2.4804
2.47871
2.47701
2.47532
2.47362
2.47191
2.4702
2.46849
2.46677
2.46505
2.46333
2.4616
2.45986
2.45813
2.45639
2.45464
2.45289
2.45114
2.44938
2.44762
2.44585
2.44408
2.44231
2.44053
2.43875
2.43696
2.43517
2.43338
2.43158
2.42978
2.42797
2.42616
2.42435
2.42253
2.42071
2.41888
2.41705
2.41522
2.41338
2.41153
2.40969
2.40783
2.40598
2.40412
2.40226
2.40039
2.39852
2.39664
2.39476
2.39288
2.39099
2.3891
2.3872
2.3853
2.38339
2.38148
2.37957
2.37765
2.37573
2.37381
2.37188
2.36994
2.36801
2.36606
2.36412
2.36217
2.36021
2.35825
2.35629
2.35433
2.35235
2.35038
2.3484
2.34642
2.34443
2.34244
2.34044
2.33844
2.33644
2.33443
2.33242
2.33041
2.32838
2.32636
2.32433
2.3223
2.32026
2.31822
2.31618
2.31413
2.31208
2.31002
2.30796
2.30589
2.30383
2.30175
2.29968
2.29759
2.29551
2.29342
2.29133
2.28923
2.28713
2.28502
2.28291
2.2808
2.27868
2.27656
2.27443
2.2723
2.27017
2.26803
2.26589
2.26375
2.2616
2.25944
2.25728
2.25512
2.25296
2.25079
2.24861
2.24644
2.24426
2.24207
2.23988
2.23769
2.23549
2.23329
2.23109
2.22888
2.22666
2.22445
2.22223
2.22
2.21778
2.21554
2.21331
2.21107
2.20882
2.20658
2.20433
2.20207
2.19981
2.19755
2.19528
2.19301
2.19074
2.18846
2.18618
2.18389
2.18161
2.17931
2.17702
2.17472
2.17241
2.1701
2.16779
2.16548
2.16316
2.16084
2.15851
2.15618
2.15385
2.15151
2.14917
2.14683
2.14448
2.14213
2.13977
2.13742
2.13505
2.13269
2.13032
2.12795
2.12557
2.12319
2.12081
2.11842
2.11603
2.11364
2.11124
2.10884
2.10644
2.10403
2.10162
2.09921
2.09679
2.09437
2.09194
2.08952
2.08709
2.08465
2.08222
2.07978
2.07733
2.07488
2.07243
2.06998
2.06752
2.06506
2.0626
2.06014
2.05767
2.05519
2.05272
2.05024
2.04776
2.04527
2.04278
2.04029
2.0378
2.0353
2.0328
2.0303
2.02779
2.02528
2.02277
2.02025
2.01774
2.01522
2.01269
2.01016
2.00764
2.0051
2.00257
2.00003
1.99749
1.99494
1.9924
1.98985
1.9873
1.98474
1.98218
1.97962
1.97706
1.9745
1.97193
1.96936
1.96678
1.96421
1.96163
1.95905
1.95646
1.95388
1.95129
1.9487
1.9461
1.94351
1.94091
1.93831
1.9357
1.9331
1.93049
1.92788
1.92527
1.92265
1.92003
1.91742
1.91479
1.91217
1.90954
1.90691
1.90428
1.90165
1.89901
1.89638
1.89374
1.8911
1.88845
1.88581
1.88316
1.88051
1.87786
1.8752
1.87255
1.86989
1.86723
1.86457
1.86191
1.85924
1.85658
1.85391
1.85124
1.84856
1.84589
1.84321
1.84054
1.83786
1.83518
1.83249
1.82981
1.82712
1.82444
1.82175
1.81906
1.81636
1.81367
1.81098
1.80828
1.80558
1.80288
1.80018
1.79748
1.79478
1.79207
1.78936
1.78666
1.78395
1.78124
1.77853
1.77581
1.7731
1.77038
1.76767
1.76495
1.76223
1.75951
1.75679
1.75407
1.75135
1.74862
1.7459
1.74317
1.74045
1.73772
1.73499
1.73226
1.72953
1.7268
1.72407
1.72134
1.7186
1.71587
1.71313
1.7104
1.70766
1.70492
1.70219
1.69945
1.69671
1.69397
1.69123
1.68849
1.68575
1.68301
1.68026
1.67752
1.67478
1.67203
1.66929
1.66655
1.6638
1.66106
1.65831
1.65557
1.65282
1.65008
1.64733
1.64458
1.64184
1.63909
1.63634
1.6336
1.63085
1.6281
1.62536
1.62261
1.61986
1.61711
1.61437
1.61162
1.60887
1.60613
1.60338
1.60063
1.59789
1.59514
1.59239
1.58965
1.5869
1.58416
1.58141
1.57867
1.57592
1.57318
1.57044
1.56769
1.56495
1.56221
1.55947
1.55673
1.55398
1.55124
1.5485
1.54577
1.54303
1.54029
1.53755
1.53481
1.53208
1.52934
1.52661
1.52387
1.52114
1.51841
1.51568
1.51295
1.51022
1.50749
1.50476
1.50203
1.4993
1.49658
1.49385
1.49113
1.48841
1.48569
1.48297
1.48025
1.47753
1.47481
1.47209
1.46938
1.46666
1.46395
1.46124
1.45853
1.45582
1.45311
1.45041
1.4477
1.445
1.44229
1.43959
1.43689
1.43419
1.43149
1.4288
1.4261
1.42341
1.42072
1.41803
1.41534
1.41265
1.40997
1.40728
1.4046
1.40192
1.39924
1.39656
1.39389
1.39121
1.38854
1.38587
1.3832
1.38053
1.37786
1.3752
1.37254
1.36988
1.36722
1.36456
1.36191
1.35925
1.3566
1.35395
1.3513
1.34866
1.34601
1.34337
1.34073
1.33809
1.33546
1.33282
1.33019
1.32756
1.32493
1.32231
1.31968
1.31706
1.31444
1.31183
1.30921
1.3066
1.30399
1.30138
1.29877
1.29617
1.29357
1.29097
1.28837
1.28578
1.28318
1.28059
1.278
1.27542
1.27283
1.27025
1.26767
1.2651
1.26252
1.25995
1.25738
1.25482
1.25225
1.24969
1.24713
1.24458
1.24202
1.23947
1.23692
1.23437
1.23183
1.22929
1.22675
1.22421
1.22168
1.21915
1.21662
1.2141
1.21157
1.20905
1.20653
1.20402
1.20151
1.199
1.19649
1.19399
1.19149
1.18899
1.18649
1.184
1.18151
1.17902
1.17654
1.17405
1.17158
1.1691
1.16663
1.16416
1.16169
1.15922
1.15676
1.1543
1.15185
1.14939
1.14694
1.1445
1.14205
1.13961
1.13717
1.13474
1.13231
1.12988
1.12745
1.12503
1.12261
1.12019
1.11778
1.11537
1.11296
1.11055
