0.223607
0.246031
0.273958
0.291255
0.296665
0.321198
0.328825
0.342835
0.331402
0.348242
0.362236
0.374223
0.371295
0.399427
0.394302
0.404708
0.419848
0.438876
0.442439
0.472685
0.491306
0.473481
0.480755
0.483503
0.493393
0.491057
0.500306
0.516787
0.511235
0.512573
0.509286
0.50486
0.520589
0.53534
0.550015
0.537272
0.537204
0.533341
0.544271
0.548435
0.547025
0.541824
0.566103
0.572682
0.571973
0.578251
0.579115
0.578629
0.597251
0.593404
0.597179
0.608998
0.614558
0.607027
0.624002
0.627675
0.617047
0.640113
0.649785
0.649455
0.648476
0.646819
0.666087
0.663499
0.678562
0.689971
0.693473
0.697108
0.686694
0.680979
0.669961
0.681571
0.694844
0.698728
0.703636
0.699252
0.705646
0.725464
0.727834
0.728211
0.732361
0.729188
0.74216
0.746031
0.743308
0.746979
0.747743
0.761075
0.767681
0.760337
0.767444
0.773862
0.782544
0.787861
0.788297
0.786049
0.783562
0.786076
0.768965
0.76642
0.760572
0.772965
0.781399
0.772484
0.767198
0.769357
0.769487
0.772629
0.78226
0.786048
0.788343
0.802372
0.821796
0.838923
0.831008
0.825158
0.818787
0.805861
0.819386
0.815449
0.82685
0.829635
0.839555
0.839651
0.835923
0.843478
0.868003
0.869462
0.863983
0.848164
0.83159
0.857661
0.858642
0.848936
0.852617
0.842558
0.843115
0.836247
0.843829
0.853413
0.856696
0.85776
0.871371
0.875437
0.896068
0.900826
0.900433
0.895263
0.885843
0.887043
0.908532
0.926515
0.936314
0.926533
0.949283
0.949192
0.947803
0.944454
0.935482
0.943379
0.94886
0.941049
0.944853
0.94351
0.951454
0.936446
0.942885
0.940868
0.9471
0.947587
0.947401
0.96114
0.940885
0.933369
0.953619
0.954674
0.969566
0.954491
0.947009
0.954223
0.975672
0.984113
0.971463
0.963937
0.962882
0.950959
0.958157
0.958178
0.944017
0.96387
0.95837
0.94315
0.946165
0.950743
0.966722
0.957981
0.95155
0.940501
0.940417
0.946594
0.955669
0.946959
0.951558
0.96589
0.950061
0.971643
0.977107
0.975687
0.962948
0.954794
0.952838
0.9481
0.967536
0.968504
0.953068
0.969605
0.963501
0.969256
0.966671
0.971109
0.975077
0.958707
0.944944
0.945372
0.939907
0.931887
0.922884
0.919383
0.915901
0.920472
0.924346
0.913955
0.918704
0.906108
0.899146
0.900852
0.899549
0.910765
0.904881
0.908227
0.906688
0.898116
0.892603
0.881434
0.894362
0.896378
0.906739
0.900631
0.896766
0.888121
0.892604
0.891951
0.907785
0.929958
0.933979
0.922242
0.910503
0.899269
0.903231
0.902813
0.891813
0.889785
0.890476
0.882041
0.869842
0.864997
0.861658
0.878548
0.876001
0.882475
0.869203
0.868114
0.862912
0.893432
0.887508
0.891367
0.879919
0.884224
0.884951
0.891203
0.896148
0.888215
0.880865
0.877998
0.897965
0.888699
0.885357
0.869308
0.86478
0.881181
0.891074
0.889393
0.893684
0.883625
0.897821
0.908544
0.909089
0.907806
0.907802
0.92425
0.926635
0.923635
0.925493
0.928465
0.910143
0.893477
0.910711
0.906385
0.897717
0.902842
0.901188
0.888813
0.87559
0.874907
0.879515
0.887429
0.898956
0.890584
0.884228
0.882167
0.916696
0.925011
0.928676
0.944284
0.933939
0.934844
0.938655
0.948989
0.952301
0.958971
0.969047
0.958914
0.965247
0.974447
0.974925
0.969831
0.950384
0.963383
0.962595
0.951389
0.919381
0.915667
0.91683
0.927156
0.944934
0.956987
0.944239
0.965759
0.954648
0.93932
0.938054
0.940895
0.928018
0.944919
0.936217
0.941895
0.955991
0.956894
0.941366
0.941835
0.931263
0.95084
0.947638
0.938688
0.968504
0.953185
0.941179
0.935658
0.948624
0.944154
0.935445
0.936764
0.942808
0.95521
0.958057
0.952394
0.941345
0.949998
0.935026
0.950752
0.938911
0.932174
0.939583
0.9512
0.947873
0.940543
0.924926
0.923204
0.932104
0.934817
0.9514
0.949782
0.951795
0.958549
0.952662
0.941114
0.94821
0.946608
0.937001
0.935087
0.91721
0.90996
0.910174
0.896397
0.887417
0.87625
0.872409
0.863451
0.860812
0.843752
0.852044
0.853164
0.856379
0.851732
0.848381
0.855343
0.831809
0.823718
0.843696
0.842489
0.834291
0.843713
0.843521
0.846733
0.833377
0.814419
0.821837
0.82438
0.839162
0.823833
0.807994
0.826211
0.826429
0.813852
0.796833
0.809436
0.806026
0.805163
0.795892
0.784744
0.771923
0.77075
0.768883
0.759578
0.759364
0.749673
0.745766
0.750141
0.760406
0.750346
0.759126
0.748522
0.75329
0.733234
0.737401
0.727205
0.721239
0.723965
0.73231
0.71124
0.705865
0.715489
0.711868
0.707371
0.714557
0.718922
0.728124
0.712497
0.702562
0.695022
0.705006
0.714135
0.698246
0.701495
0.691749
0.703281
0.718407
0.730682
0.746495
0.764501
0.76473
0.756139
0.758991
0.764954
0.768825
0.761975
0.745844
0.73931
0.715889
0.718304
0.723872
0.707605
0.717128
0.696355
0.692256
0.709364
0.73212
0.736376
0.735717
0.717745
0.723856
0.726832
0.745099
0.75874
0.763896
0.760072
0.754034
0.756244
0.763154
0.77977
0.76574
0.76962
0.761806
0.761846
0.770322
0.768947
0.778849
0.805335
0.805199
0.793201
0.804859
0.799144
0.808513
0.816245
0.821552
0.813094
0.818749
0.811996
0.812799
0.799026
0.806888
0.826217
0.832445
0.84249
0.846867
0.858986
0.850318
0.839788
0.835103
0.825114
0.819032
0.808951
0.799768
0.804629
0.809288
0.838689
0.840423
0.852212
0.871266
0.8652
0.869327
0.864064
0.86393
0.869499
0.881227
0.877434
0.87792
0.873756
0.872765
0.852954
0.846233
0.856098
0.860899
0.865114
0.859626
0.86593
0.863494
0.876822
0.894755
0.90085
0.897497
0.894699
0.885521
0.868609
0.865029
0.861242
0.874486
0.873832
0.874037
0.886222
0.904286
0.918017
0.916163
0.904836
0.912556
0.900474
0.897157
0.886717
0.903378
0.895343
0.913868
0.907607
0.923678
0.928165
0.94222
0.94254
0.938368
0.938211
0.935819
0.904245
0.907256
0.90947
0.905278
0.897154
0.932871
0.937237
0.933021
0.935489
0.955847
0.958595
0.964184
0.952241
0.962686
0.951382
0.948723
0.938408
0.947253
0.957189
0.959734
0.957056
0.954582
0.94793
0.956556
0.943944
0.929592
0.916847
0.926723
0.927445
0.94787
0.962886
0.953881
0.965626
0.97479
0.974363
0.960922
0.95366
0.945879
0.945536
0.941361
0.941676
0.940885
0.945161
0.937224
0.928347
0.932066
0.938466
0.94878
0.951238
0.948417
0.949344
0.942204
0.952643
0.963439
0.956187
0.94086
0.927854
0.931333
0.933774
0.935565
0.937015
0.936422
0.928748
0.91424
0.905154
0.900738
0.89487
0.895965
0.904562
0.8921
0.894227
0.893344
0.905
0.917635
0.90368
0.896185
0.898615
0.900114
0.90242
0.920058
0.915497
0.905147
0.900262
0.891569
0.878655
0.892462
0.871356
0.866878
0.865968
0.875832
0.857472
0.839742
0.818785
0.834473
0.840346
0.854778
0.844924
0.858082
0.845798
0.861571
0.880187
0.872573
0.862791
0.86484
0.864238
0.857723
0.862334
0.877309
0.901673
0.887288
0.892159
0.892434
0.892664
0.897705
0.902824
0.906875
0.906421
0.912922
0.912342
0.90502
0.907302
0.878727
0.886716
0.866112
0.863265
0.850048
0.838408
0.839832
0.858133
0.878558
0.885447
0.880396
0.878184
0.876264
0.875046
0.87202
0.874465
0.867325
0.864254
0.851038
0.843632
0.839881
0.817635
0.816888
0.797342
0.788881
0.790883
0.814805
0.810912
0.83001
0.834401
0.824903
0.812523
0.823545
0.818061
0.819889
0.828172
0.822973
0.820483
0.806853
0.807577
0.798241
0.802154
0.822807
0.833493
0.830569
0.839712
0.832139
0.817941
0.829717
0.843922
0.847821
0.857328
0.853955
0.852026
0.843469
0.830754
0.840382
0.822647
0.818267
0.820236
0.828225
0.81703
0.82154
0.820943
0.807783
0.800774
0.812423
0.820285
0.828949
0.826894
0.833571
0.84053
0.856309
0.851797
0.837577
0.833523
0.84018
0.835199
0.836863
0.837895
0.845435
0.844466
0.840725
0.83425
0.823766
0.813109
0.812061
0.832208
0.841116
0.829253
0.836385
0.841782
0.839493
0.843141
0.845468
0.839423
0.843591
0.85577
0.854994
0.85891
0.850784
0.844445
0.84313
0.853982
0.845655
0.845915
0.844007
0.845754
0.832597
0.81982
0.814471
0.824921
0.830297
0.833615
0.845552
0.845681
0.848741
0.846257
0.825535
0.813938
0.814332
0.836497
0.841272
0.851438
0.848196
0.838908
0.841208
0.838964
0.85352
0.85546
0.854925
0.853594
0.846066
0.843582
0.843797
0.82376
0.833662
0.820367
0.835004
0.8402
0.835713
0.835592
0.844626
0.865764
0.855993
0.867229
0.86767
0.88048
0.891885
0.877193
0.870698
0.873494
0.869776
0.855736
0.856455
0.84587
0.856858
0.860685
0.864535
0.869338
0.869893
0.85543
0.862226
0.862117
0.870806
0.878657
0.88978
0.92053
0.914964
0.912589
0.922174
0.911761
0.934981
0.935035
0.926103
0.930635
0.937378
0.945752
0.943088
0.934326
0.942062
0.952439
0.972451
0.96582
0.986124
0.985132
0.978407
0.985763
0.993213
0.989834
0.982333
0.97351
0.973599
0.979443
0.983628
1.00713
0.992448
0.998734
1.00943
1.01529
1.03281
1.03232
1.0319
1.03811
1.04206
1.03865
1.03408
1.0346
1.0347
1.01982
1.02886
1.03708
1.03647
1.03162
1.01884
1.01485
1.02351
1.0454
1.05389
1.04482
1.04235
1.03837
1.02714
1.01807
1.01405
1.02746
1.02374
1.01289
1.00834
1.00038
0.974914
0.964977
0.972145
0.972497
0.980809
0.973818
0.963436
0.975439
0.958163
0.954823
0.943562
0.930945
0.920428
0.908968
0.905675
0.913804
0.917445
0.908117
0.911508
0.889383
0.907041
0.87908
0.877465
0.881468
0.874505
0.877786
0.879188
0.87348
0.880243
0.875793
0.871025
0.859926
0.870992
0.858812
0.861796
0.868134
0.870857
0.870731
0.884701
0.889968
0.898668
0.905287
0.902695
0.898585
0.881961
0.879966
0.88617
0.891801
0.896068
0.882792
0.873295
0.872551
0.889558
0.880966
0.893033
0.871571
0.857755
0.859108
0.859633
0.849344
0.846632
0.825523
0.830019
0.819481
0.828322
0.829903
0.823363
0.810926
0.815639
0.806522
0.812109
0.801085
0.79214
0.783917
0.788891
0.771852
0.760137
0.75941
0.776218
0.759222
0.758871
0.755101
0.744951
0.738107
0.741783
0.719259
0.71274
0.71757
0.730259
0.744337
0.75347
0.740478
0.738981
0.744578
0.728527
0.727771
0.730547
0.701933
0.707043
0.689467
0.686024
0.69032
0.681818
0.693414
0.676495
0.676739
0.669238
0.653743
0.64901
0.651238
0.638075
0.650276
0.632467
0.641765
0.634779
0.619237
0.625014
0.630343
0.62657
0.626405
0.619842
0.627979
0.616842
0.611576
0.634044
0.650003
0.642159
0.655637
0.618705
0.630484
0.631695
0.638181
0.662781
0.647646
0.652067
0.651558
0.653726
0.645034
0.656606
0.655804
0.659506
0.660386
0.655717
0.672849
0.668304
0.659406
0.654468
0.670912
0.687217
0.701544
0.698201
0.690381
0.697085
0.702813
0.705844
0.726387
0.738676
0.735727
0.739945
0.729573
0.738015
0.744728
0.753173
0.739332
0.742159
0.746856
0.742318
0.730055
0.721467
0.722807
0.714558
0.709761
0.720337
0.722894
0.71502
0.716182
0.701769
0.705194
0.704927
0.717711
0.724664
0.726937
0.718444
0.725648
0.711826
0.711445
0.702471
0.706238
0.703556
0.696798
0.700519
0.700345
0.712241
0.722632
0.735124
0.732288
0.717223
0.715408
0.706492
0.693139
0.70632
0.710147
0.741063
0.745442
0.752712
0.759079
0.754795
0.7631
0.762459
0.754019
0.744084
0.773921
0.777138
0.763042
0.767916
0.773373
0.772552
0.777867
0.773281
0.778329
0.763957
0.770998
0.781814
0.798589
0.806827
0.815457
0.817256
0.796134
0.803718
0.796387
0.796854
0.792776
0.813375
0.817581
0.815113
0.827351
0.822853
0.808877
0.816669
0.804864
0.800599
0.791217
0.802808
0.779928
0.770871
0.767956
0.763542
0.770151
0.760171
0.749749
0.741323
0.746212
0.74082
0.728407
0.728726
0.729449
0.741577
0.746454
0.763176
0.760335
0.7615
0.772998
0.761369
0.777503
0.757454
0.756461
0.748987
0.732166
0.748582
0.745666
0.745795
0.737518
0.742095
0.755019
0.764946
0.751087
0.741757
0.735081
0.732251
0.733475
0.724138
0.736563
0.71998
0.717679
0.710274
0.731635
0.731972
0.757006
0.750541
0.747168
0.747389
0.745163
0.750482
0.755903
0.737091
0.736469
0.728877
0.733838
0.737342
0.722358
0.735682
0.728628
0.740033
0.737774
0.742494
0.75187
0.745666
0.7584
0.756714
0.767195
0.77932
0.788573
0.788408
0.799536
0.798288
0.793313
0.795683
0.791831
0.784103
0.77745
0.776414
0.769293
0.774232
0.788601
0.790252
0.786417
0.802727
0.812858
0.796803
0.81146
0.819526
0.808386
0.804239
0.8226
0.810014
0.804118
0.782399
0.78845
0.789046
0.787207
0.773793
0.782971
0.769313
0.779819
0.77398
0.780321
0.767552
0.771773
0.766009
0.768326
0.790149
0.775559
0.779914
0.786791
0.781033
0.767335
0.77771
0.771063
0.757453
0.755616
0.760202
0.759816
0.768027
0.762242
0.762864
0.773446
0.781737
0.792164
0.787285
0.775364
0.777569
0.78926
0.790216
0.779784
0.771541
0.773798
0.778933
0.785106
0.780341
0.776021
0.793342
0.783017
0.794089
0.777368
0.794416
0.777909
0.776494
0.779238
0.788975
0.790587
0.782816
0.777933
0.764985
0.763336
0.773331
0.775579
0.779291
0.790892
0.800462
0.811655
0.805823
0.810132
0.801013
0.809912
0.811623
0.808192
0.831645
0.852417
0.865524
0.879146
0.885469
0.88032
0.86575
0.855088
0.832921
0.846458
0.845474
0.848083
0.859542
0.871874
0.863738
0.859572
0.862089
0.866649
0.86142
0.855629
0.865046
0.86498
0.856044
0.872907
0.902726
0.912165
0.920628
0.910507
0.920832
0.927708
0.903923
0.903323
0.920318
0.916708
0.930281
0.942052
0.930435
0.947018
0.937287
0.935733
0.933037
0.923669
0.912129
0.924794
0.933364
0.927541
0.925217
0.924358
0.91501
0.904946
0.892544
0.880549
0.870677
0.879464
0.88176
0.891107
0.892397
0.89282
0.895146
0.917381
0.933672
0.914618
0.914287
0.918516
0.93242
0.921544
0.910292
0.901954
0.895743
0.881567
0.863748
0.880926
0.878416
0.863664
0.859231
0.8591
0.874009
0.843837
0.845271
0.837656
0.848795
0.825349
0.835205
0.839273
0.837963
0.83832
0.847807
0.83502
0.826999
0.829265
0.844261
0.835906
0.810836
0.801757
0.782838
0.790048
0.783424
0.789536
0.784286
0.773109
0.788822
0.776875
0.775079
0.77709
0.776076
0.763125
0.757695
0.766708
0.758126
0.745992
0.736332
0.73881
0.744146
0.747503
0.754363
0.748766
0.7517
0.744486
0.726925
0.7288
0.722954
0.723142
0.709875
0.708197
0.714735
0.718162
0.708009
0.697313
0.703422
0.712486
0.701374
0.708924
0.691387
0.708409
0.725223
0.703697
0.706518
0.6999
0.695443
0.695296
0.718444
0.728999
0.717316
0.702587
0.676236
0.668188
0.671594
0.663297
0.666053
0.668399
0.662629
0.65744
0.666752
0.66487
0.682382
0.674583
0.675892
0.667032
0.656673
0.656266
0.670902
0.672915
0.672155
0.67555
0.685426
0.673772
0.660392
0.65963
0.656257
0.657064
0.659953
0.670541
0.67389
0.648871
0.650133
0.634644
0.638507
0.662749
0.669015
0.679062
0.654459
0.651238
0.651424
0.647338
0.66549
0.670348
0.66643
0.672032
0.663858
0.670107
0.664047
0.655091
0.649821
0.652259
0.642356
0.636193
0.643614
0.637924
0.633676
0.635071
0.648597
0.649767
0.654917
0.635605
0.637088
0.646584
0.645684
0.632007
0.642336
0.638753
0.644539
0.626925
0.619006
0.613396
0.583049
0.592912
0.587215
0.590822
0.59975
0.604056
0.604255
0.608428
0.6201
0.616126
0.616983
0.64068
0.63749
0.623929
0.622857
0.609676
0.613808
0.628821
0.627344
0.631886
0.627526
0.623165
0.622014
0.62996
0.62992
0.631895
0.622761
0.631355
0.650937
0.647709
0.630896
0.639827
0.652593
0.650695
0.645504
0.645457
0.647528
0.644155
0.644437
0.642008
0.639924
0.617121
0.613692
0.60712
0.616012
0.62288
0.621203
0.635939
0.63965
0.639298
0.638636
0.638075
0.643829
0.643135
0.657749
0.645223
0.644038
0.657027
0.665835
0.674658
0.683168
0.692363
0.697671
0.705582
0.684972
0.686181
0.698625
0.685201
0.687867
0.684165
0.683288
0.700845
0.691532
0.671277
0.65265
0.681101
0.687254
0.693519
0.701795
0.699539
0.701906
0.695333
0.698805
0.702561
0.705475
0.718621
0.724813
0.728391
0.739228
0.716288
0.719074
0.709419
0.722298
0.731144
0.751248
0.752557
0.771855
0.756943
0.766302
0.754355
0.774236
0.768187
0.770929
0.787604
0.797823
0.811253
0.809544
0.804951
0.806538
0.80809
0.803846
0.796236
0.79673
0.796892
0.81238
0.808884
0.805601
0.811172
0.811818
0.815935
0.819022
0.818541
0.823533
0.824543
0.843294
0.837506
0.855924
0.843296
0.866991
0.848939
0.851357
0.850357
0.856339
0.860288
0.854196
0.871453
0.880788
0.901771
0.912715
0.930153
0.943238
0.934476
0.921964
0.940502
0.940952
0.9415
0.960766
0.961863
0.954129
0.956204
0.970456
0.97317
0.972952
0.963432
0.959344
0.954911
0.954497
0.943797
0.95462
0.954304
0.953538
0.957017
0.955077
0.946194
0.919962
0.90909
0.901052
0.889073
0.893151
0.89183
0.872354
0.837848
0.835498
0.848744
0.8504
0.85899
0.842638
0.828077
0.828434
0.824444
0.833181
0.823583
0.82348
0.8296
0.832861
0.828415
0.810203
0.795289
0.808867
0.800522
0.80054
0.802353
0.812368
0.81184
0.81455
0.822907
0.824865
0.832893
0.825291
0.826816
0.812677
0.832654
0.831731
0.839561
0.841129
0.848484
0.862488
0.86502
0.870662
0.867764
0.854733
0.855905
0.847476
0.857428
0.840698
0.855565
0.854971
0.853646
0.846344
0.838532
0.831969
0.804231
0.815448
0.812371
0.809685
0.81856
0.823294
0.831153
0.818062
0.815637
0.811904
0.790968
0.787571
0.795158
0.791605
0.780319
0.777778
0.777003
0.7691
0.773578
0.775557
0.769233
0.774353
0.746302
0.726703
0.724006
0.714954
0.703987
0.70154
0.691159
0.693527
0.681029
0.693532
0.715127
0.71772
0.714311
0.702637
0.700077
0.679636
0.678264
0.663348
0.658574
0.651792
0.646504
0.662467
0.663438
0.662732
0.655832
0.664194
0.663005
0.676711
0.670447
0.649317
0.660543
0.650187
0.636159
0.639825
0.628029
0.615808
0.604654
0.614147
0.609853
0.609391
0.596819
0.592069
0.583448
0.580257
0.580856
0.587606
0.590563
0.600636
0.595976
0.602192
0.606344
0.595664
0.58996
0.594516
0.589539
0.577251
0.595897
0.586828
0.577397
0.571112
0.561484
0.580751
0.589436
0.588582
0.597117
0.595912
0.604715
0.608108
0.614848
0.619663
0.602422
0.60509
0.607491
0.622261
0.623964
0.626626
0.636311
0.642498
0.65158
0.660719
0.662453
0.645217
0.635516
0.63034
0.623441
0.60684
0.614073
0.622589
0.622511
0.615102
0.612039
0.638773
0.656678
0.664942
0.659503
0.663294
0.659804
0.668585
0.669901
0.678422
0.695762
0.676785
0.673622
0.66704
0.663409
0.667811
0.660591
0.648057
0.664409
0.672568
0.651405
0.641888
0.650374
0.631728
0.630788
0.627096
0.634109
0.628606
0.636294
0.6365
0.647187
0.624346
0.637988
0.636038
0.637757
0.640378
0.633105
0.63834
0.641228
0.635
0.635282
0.628839
0.626057
0.621719
0.613741
0.62326
0.627232
0.621952
0.618353
0.627792
0.627022
0.626148
0.622976
0.642406
0.643504
0.632613
0.635575
0.633166
0.629572
0.610029
0.610436
0.616814
0.627872
0.622266
0.606243
0.606264
0.61778
0.627271
0.613265
0.598906
0.591663
0.607212
0.619274
0.607837
0.600868
0.609226
0.598173
0.60138
0.619739
0.620349
0.628446
0.652409
0.64352
0.641169
0.639974
0.635224
0.639437
0.652935
0.675364
0.679213
0.703861
0.706036
0.706762
0.68666
0.691878
0.692224
0.695204
0.705848
0.720606
0.750943
0.737707
0.738992
0.742785
0.728692
0.728927
0.72998
0.712269
0.724923
0.73087
0.722296
0.724253
0.710478
0.709265
0.696268
0.70167
0.7061
0.706616
0.708053
0.716336
0.721038
0.727458
0.727003
0.736175
0.745823
0.771278
0.790609
0.782314
0.767699
0.761763
0.766155
0.770732
0.786327
0.78395
0.764383
0.762946
0.778589
0.786456
0.804462
0.787667
0.789449
0.779899
0.784717
0.783283
0.784492
0.794176
0.810827
0.827002
0.833026
0.831453
0.828001
0.83551
0.860297
0.852274
0.85772
0.876635
0.868333
0.872168
0.864835
0.871957
0.891554
0.889242
0.9012
0.899229
0.89754
0.883217
0.895413
0.889544
0.898516
0.905128
0.918745
0.917184
0.904924
0.890572
0.891486
0.884402
0.864924
0.855675
0.863729
0.850531
0.837664
0.827595
0.828515
0.836217
0.822442
0.856002
0.847209
0.854523
0.846715
0.835389
0.834013
0.838889
0.826905
0.806507
0.823625
0.832502
0.852733
0.843026
0.830784
0.82795
0.828675
0.840821
0.817502
0.821629
0.818355
0.815767
0.79844
0.826144
0.838949
0.835198
0.849313
0.841666
0.834786
0.827662
0.820422
0.811567
0.800674
0.791949
0.791765
0.780973
0.77036
0.754846
0.740375
0.735647
0.747518
0.742641
0.753107
0.766987
0.764815
0.759835
0.769278
0.76114
0.753559
0.744981
0.731761
0.729731
0.710142
0.710593
0.695644
0.70683
0.688808
0.680296
0.659323
0.664871
0.654119
0.652077
0.652342
0.646042
0.642516
0.618763
0.606541
0.598037
0.620833
0.62483
0.6315
0.6348
0.630364
0.638977
0.649935
0.660001
0.662532
0.659993
0.66593
0.645307
0.656515
0.65391
0.664347
0.657234
0.651061
0.654303
0.645201
0.647143
0.667876
0.645304
0.645633
0.633059
0.645839
0.644268
0.641571
0.643262
0.63583
0.638535
0.608577
0.613135
0.603431
0.593936
0.588612
0.562508
0.564244
0.560774
0.567351
0.585516
0.580956
0.567977
0.578448
0.581328
0.595121
0.584301
0.579121
0.565832
0.57236
0.580013
0.555778
0.553871
0.547478
0.539022
0.530611
0.521142
0.511487
0.521809
0.526542
0.521957
0.506994
0.504097
0.496105
0.494966
0.502261
0.508849
0.503555
0.516487
0.508398
0.482034
0.503281
0.500367
0.512534
0.513011
0.513138
0.495338
0.492684
0.481215
0.491276
0.499171
0.492492
0.488054
0.477065
0.464997
0.459533
0.460318
0.458561
0.481689
0.475571
0.480996
0.495731
0.494551
0.505303
0.506315
0.496459
0.48556
0.466127
0.471377
0.46817
0.478377
0.480745
0.49062
0.504766
0.52438
0.518763
0.50909
0.518902
0.527396
0.552486
0.542174
0.544204
0.537936
0.549288
0.552927
0.534178
0.537592
0.525852
0.536568
0.525968
0.526522
0.517622
0.513139
0.50803
0.492214
0.493363
0.487987
0.480196
0.487635
0.469457
0.469331
0.468294
0.46778
0.456339
0.461049
0.450601
0.441954
0.432278
0.422203
0.426876
0.442041
0.456669
0.457419
0.446578
0.449391
0.449231
0.451293
0.451014
0.442539
0.453577
0.465057
0.441409
0.447054
0.443905
0.437121
0.433433
0.427624
0.4295
0.438269
0.426424
0.43311
0.437955
0.412748
0.406683
0.41079
0.411841
0.4071
0.406901
0.407161
0.411047
0.392624
0.398947
0.387983
0.383153
0.391883
0.396978
0.400912
0.394195
0.392139
0.388806
0.376696
0.380518
0.395725
0.399512
0.399128
0.399641
0.394231
0.40824
0.408912
0.390299
0.385605
0.390165
0.395262
0.391261
0.381452
0.380609
0.39401
0.369598
0.378407
0.399994
0.405481
0.392054
0.399538
0.369312
0.370943
0.371556
0.375268
0.366329
0.35926
0.364544
0.390055
0.37097
0.368699
0.368307
0.370864
0.374919
0.379377
0.374496
0.371192
0.381936
0.391833
0.386865
0.398795
0.396838
0.387889
0.37475
0.366372
0.361481
0.362007
0.359326
0.34207
0.327693
0.343838
0.34232
0.336094
0.329124
0.31353
0.311938
0.317108
0.305433
0.315537
0.303017
0.303137
0.298724
0.306981
0.309545
0.321137
0.337252
0.325628
0.326212
0.329216
0.331297
0.328384
0.341364
0.348249
0.341286
0.333535
0.333893
0.320507
0.32127
0.32106
0.312929
0.308795
0.32143
0.310269
0.299162
0.311967
0.30554
0.326465
0.306857
0.307917
0.299825
0.288218
0.269721
0.286732
0.290033
0.304788
0.314011
0.319131
0.316682
0.297922
0.295269
0.303667
0.300237
0.299011
0.3006
0.310798
0.309243
0.30951
0.307935
0.299611
0.313556
0.328055
0.32358
0.321786
0.318611
0.311866
0.311039
0.309404
0.326093
0.326989
0.331529
0.318691
0.31656
0.312091
0.306365
0.294081
0.290348
0.279484
0.285586
0.27926
0.253876
0.256687
0.249208
0.256594
0.257214
0.265108
0.271601
0.287393
0.305534
0.312091
0.313906
0.309495
0.303753
0.303914
0.307748
0.306778
0.306207
0.313311
0.322487
0.324689
0.329331
0.349976
0.354627
0.338961
0.347177
0.334168
0.320055
0.305637
0.291644
0.289876
0.282974
0.288007
0.289622
0.297022
0.314823
0.317416
0.332681
0.343443
0.339456
0.335138
0.340679
0.35072
0.333746
0.330653
0.349016
0.364033
0.362578
0.377704
0.370575
0.380969
0.37754
0.372662
0.388528
0.400508
0.399563
0.400215
0.413663
0.410294
0.409505
0.419691
0.417103
0.418581
0.418126
0.408282
0.401808
0.409963
0.412222
0.418969
0.424474
0.407974
0.404654
0.403749
0.392662
0.398811
0.405773
0.396692
0.374166
0.378711
0.366276
0.371847
0.360453
0.353381
0.344673
0.35156
0.342129
0.345469
0.355151
0.346019
0.346863
0.343006
0.329873
0.325271
0.328772
0.327104
0.307815
0.291743
0.293725
0.294009
0.294659
0.308387
0.318411
0.300596
0.291373
0.307767
0.314737
0.325852
0.328979
0.331171
0.312872
0.325129
0.319992
0.30239
0.311246
0.308205
0.318488
0.323323
0.316628
0.317811
0.308858
0.295878
0.292859
0.300981
0.296117
0.284676
0.268139
0.265892
0.269414
0.276527
0.264905
0.263887
0.241894
0.252684
0.251229
0.246395
0.245333
0.253379
0.238129
0.261101
0.255527
0.256087
0.259962
0.274472
0.279888
0.27804
0.292455
0.297861
0.302216
0.302315
0.301431
0.290886
0.285308
0.272641
0.264064
0.268457
0.268537
0.272677
0.267166
0.271802
0.284884
0.2767
0.297261
0.263351
0.263616
0.253875
0.238661
0.22546
0.234379
0.243366
0.251158
0.257407
0.254761
0.261799
0.251986
0.262341
0.255347
0.259357
0.277437
0.270092
0.275116
0.271872
0.286583
0.266289
0.274437
0.262681
0.261354
0.263547
0.247034
0.232858
0.244915
0.246175
0.260182
0.257645
0.260312
0.25365
0.255152
0.264905
0.284955
0.279663
0.288939
0.304681
0.314606
0.331258
0.31869
0.301671
0.277288
0.268789
0.259715
0.235839
0.226341
0.229388
0.219226
0.210461
0.216142
0.222535
0.224998
0.230064
0.246468
0.246374
0.243404
0.247522
0.232436
0.251024
0.249149
0.240469
0.238694
0.241128
0.24109
0.242503
0.245119
0.2417
0.254738
0.257225
0.266217
0.267494
0.290059
0.304624
0.307109
0.31306
0.318829
0.320766
0.328875
0.331817
0.330783
0.331907
0.346853
0.321686
0.308013
0.303668
0.294864
0.300606
0.28474
0.298915
0.301705
0.303872
0.309087
0.317523
0.332878
0.330389
0.322952
0.311462
0.309524
0.315367
0.316011
0.326073
0.328993
0.345072
0.364846
0.371952
0.361933
0.367102
0.374839
0.375578
0.364313
0.345363
0.348471
0.345765
0.342173
0.351019
0.354227
0.367813
0.377298
0.374297
0.366828
0.368472
0.377255
0.376825
0.362589
0.363701
0.359483
0.36662
0.368886
0.357671
0.378696
0.381564
0.383234
0.371758
0.377039
0.370116
0.357154
0.358483
0.364431
0.35213
0.35418
0.355746
0.347829
0.3715
0.373083
0.361139
0.379796
0.386392
0.397231
0.395556
0.390668
0.411985
0.414514
0.416632
0.425585
0.423791
0.413022
0.420422
0.426645
0.43272
0.413081
0.41419
0.424377
0.434821
0.435844
0.442209
0.42621
0.425258
0.433855
0.427138
0.445545
0.443605
0.439992
0.436679
0.45039
0.452719
0.454893
0.447689
0.437734
0.423467
0.420945
0.420968
0.408508
0.410915
0.412643
0.414302
0.433916
0.436586
0.445764
0.448263
0.448
0.435179
0.439251
0.434108
0.423961
0.414366
0.421111
0.425352
0.418487
0.419922
0.43459
0.422972
0.42287
0.431067
0.431258
0.439664
0.450678
0.447672
0.441386
0.435894
0.437286
0.443604
0.445962
0.451758
0.456192
0.456555
0.445566
0.439539
0.450662
0.452528
0.460509
0.466294
0.476344
0.477767
0.478185
0.472795
0.492463
0.48326
0.481969
0.4811
0.491643
0.483581
0.502857
0.52359
0.535906
0.543108
0.55002
0.559173
0.555234
0.550668
0.554429
0.545243
0.55428
0.561927
0.566173
0.570344
0.579765
0.579181
0.575895
0.590999
0.583868
0.561046
0.564852
0.570285
0.579292
0.583648
0.581385
0.590936
0.571419
0.582682
0.602428
0.595939
0.589829
0.589309
0.587389
0.585523
0.595975
0.61172
0.638412
0.636621
0.65117
0.645644
0.65069
0.661933
0.681482
0.679704
0.675225
0.683168
0.693355
0.686229
0.688119
0.681829
0.679244
0.680386
0.686698
0.708757
0.714006
0.72332
0.730399
0.716406
0.708746
0.71277
0.725177
0.720715
0.722183
0.726768
0.7376
0.751314
0.756365
0.752538
0.765029
0.765932
0.768626
0.778352
0.810894
0.808206
0.814564
0.82382
0.813115
0.801827
0.800281
0.81865
0.830554
0.841124
0.845343
0.859782
0.850155
0.855847
0.833058
0.850476
0.853057
0.850928
0.849055
0.84156
0.81759
0.799878
0.793783
0.791422
0.807799
0.817788
0.816829
0.818433
0.811066
0.833056
0.831992
0.832745
0.841632
0.862915
0.862717
0.874695
0.872184
0.883935
0.904357
0.91627
0.91417
0.912026
0.918495
0.929468
0.911423
0.894573
0.891855
0.882745
0.901839
0.895529
0.872645
0.85445
0.840727
0.825334
0.802457
0.824584
0.826566
0.831681
0.817246
0.825373
0.826496
0.825534
0.826422
0.843083
0.837572
0.848429
0.840333
0.846191
0.839985
0.841565
0.82089
0.825715
0.821741
0.816821
0.805066
0.797429
0.782584
0.77376
0.772743
0.78938
0.80502
0.817968
0.814424
0.821339
0.830802
0.822361
0.825538
0.820796
0.813027
0.819789
0.824826
0.834993
0.829194
0.80681
0.804964
0.801863
0.780267
0.766117
0.749073
0.748094
0.740371
0.729435
0.72816
0.726455
0.725051
0.752565
0.74326
0.734899
0.736821
0.721996
0.72481
0.716382
0.711552
0.695845
0.701213
0.700856
0.689034
0.689515
0.687914
0.692884
0.684502
0.68999
0.694846
0.68647
0.680323
0.675329
0.661963
0.683973
0.673413
0.671664
0.663767
0.669298
0.674999
0.657248
0.668224
0.64755
0.649064
0.628004
0.6441
0.628103
0.627643
0.613262
0.613736
0.598808
0.598641
0.607995
0.624964
0.629338
0.624501
0.636741
0.629668
0.62483
0.618902
0.625745
0.617772
0.628834
0.633879
0.637693
0.623961
0.617203
0.611733
0.604423
0.608997
0.616228
0.604167
0.604109
0.619387
0.624311
0.597409
0.606702
0.612333
0.602946
0.611844
0.601666
0.589035
0.579343
0.579848
0.581331
0.564518
0.558838
0.55206
0.554065
0.562138
0.544936
0.547555
0.548864
0.544634
0.545282
0.550137
0.546527
0.540073
0.532973
0.543718
0.562752
0.565932
0.57903
0.582725
0.577997
0.579973
0.573793
0.572772
0.553495
0.570064
0.547873
0.558037
0.549247
0.539537
0.539561
0.542229
0.537678
0.535093
0.540242
0.522274
0.531276
0.525309
0.535337
0.536916
0.529429
0.530137
0.529959
0.544016
0.530705
0.540911
0.532605
0.516285
0.49867
0.507798
0.493508
0.490392
0.494364
0.500037
0.503632
0.501544
0.503684
0.495537
0.500559
0.491592
0.48878
0.487046
0.502087
0.496073
0.498698
0.516285
0.53917
0.526684
0.525978
0.518384
0.532009
0.515692
0.524442
0.514046
0.515552
0.506908
0.511624
0.498485
0.497687
0.496394
0.49539
0.504707
0.49448
0.510716
0.523466
0.501422
0.484116
0.497376
0.503279
0.520281
0.520189
0.525263
0.530015
0.534403
0.540337
0.550208
0.558643
0.576609
0.582877
0.574463
0.596129
0.589242
0.597314
0.609171
0.609913
0.604158
0.597773
0.606744
0.591504
0.592004
0.597918
0.597091
0.6204
0.626211
0.640426
0.634238
0.641615
0.634053
0.628358
0.637233
0.638664
0.634671
0.629932
0.626891
0.615613
0.604063
0.590912
0.591252
0.585041
0.573673
0.583668
0.597107
0.601645
0.603
0.60584
0.608701
0.607919
0.609877
0.599973
0.626276
0.627697
0.628767
0.635763
0.638686
0.641777
0.628662
0.63749
0.645065
0.641142
0.634522
0.641588
0.65154
0.667881
0.684214
0.692039
0.693705
0.675504
0.664498
0.659326
0.652657
0.654263
0.643613
0.666328
0.656897
0.643669
0.641662
0.649921
0.633028
0.618216
0.618573
0.632578
0.627795
0.622924
0.638824
0.640614
0.630091
0.625379
0.6194
0.645512
0.658324
0.641837
0.649215
0.660136
0.660124
0.667663
0.665651
0.659417
0.666673
0.671272
0.680216
0.671342
0.671182
0.684507
0.684447
0.679949
0.681304
0.659221
0.661009
0.664064
0.676739
0.682414
0.692892
0.697688
0.695285
0.701029
0.702809
0.704221
0.695643
0.683244
0.701126
0.688476
0.702565
0.715835
0.73577
0.735632
0.732702
0.722587
0.712297
0.743951
0.735304
0.740073
0.750228
0.750122
0.741343
0.74058
0.734495
0.718786
0.716722
0.710244
0.714039
0.701753
0.693868
0.696921
0.692483
0.715158
0.709463
0.727025
0.723947
0.736764
0.752792
0.749591
0.74292
0.744759
0.738456
0.729104
0.734185
0.754233
0.739248
0.753988
0.744913
0.749153
0.764867
0.740535
0.732203
0.732256
0.721496
0.72633
0.741237
0.738976
0.755607
0.754161
0.758666
0.763162
0.778628
0.783323
0.786553
0.796146
0.78269
0.78035
0.782357
0.797604
0.815515
0.822507
0.824436
0.824706
0.825697
0.838196
0.819869
0.834806
0.825679
0.800785
0.80846
0.829487
0.838516
0.819712
0.828217
0.828582
0.820062
0.810364
0.812105
0.823094
0.82317
0.820091
0.828605
0.834773
0.84798
0.863512
0.864748
0.878972
0.887207
0.910793
0.923852
0.926183
0.948596
0.965104
0.979678
0.998378
1.00635
0.99841
0.983868
0.976535
0.97753
0.982911
0.979249
0.973169
0.985672
0.991463
0.993922
0.991113
0.981848
0.976336
0.970744
0.972033
0.98229
0.966289
0.959549
0.945443
0.945828
0.938992
0.954845
0.93181
0.936105
0.935691
0.930817
0.912931
0.923258
0.92658
0.930625
0.931368
0.923814
0.932128
0.926393
0.914498
0.905749
0.891059
0.899089
0.894197
0.878058
0.864112
0.857551
0.851364
0.849969
0.829841
0.819345
0.816441
0.821026
0.801731
0.784155
0.76077
0.74923
0.754787
0.762641
0.773792
0.766454
0.771337
0.765544
0.77313
0.763974
0.776961
0.794975
0.797138
0.807385
0.803126
0.801872
0.807135
0.800221
0.792999
0.770526
0.755843
0.765283
0.778175
0.765391
0.75207
0.762512
0.77614
0.775386
0.771385
0.760662
0.749046
0.723351
0.719522
0.707994
0.703393
0.70708
0.709437
0.70475
0.709053
0.676891
0.677102
0.682191
0.711753
0.717042
0.726897
0.719129
0.70184
0.692318
0.700328
0.701139
0.716238
0.693368
0.699439
0.681759
0.679347
0.670727
0.665612
0.671687
0.683682
0.693005
0.675725
0.690794
0.703729
0.718575
0.718168
0.726844
0.712952
0.699039
0.704245
0.697154
0.704799
0.724626
0.744029
0.735622
0.732525
0.733366
0.722872
0.711441
0.717547
0.717116
0.71069
0.713993
0.715534
0.723887
0.707006
0.697229
0.701244
0.70962
0.71773
0.731905
0.725806
0.731199
0.72172
0.729979
0.728187
0.728351
0.72715
0.72404
0.733557
0.734801
0.727226
0.733075
0.740097
0.733563
0.731637
0.726792
0.746222
0.742574
0.741367
0.766484
0.759702
0.749037
0.74713
0.740533
0.74889
0.758974
0.754199
0.77122
0.779456
0.785047
0.788793
0.794645
0.783351
0.800037
0.803002
0.793631
0.779281
0.795347
0.812431
0.806596
0.822957
0.828777
0.824544
0.825204
0.826347
0.805178
0.813679
0.829431
0.815794
0.801602
0.799967
0.812489
0.798783
0.780765
0.782717
0.799998
0.808591
0.816867
0.800654
0.80774
0.821749
0.807998
0.793639
0.799297
0.78538
0.792296
0.785517
0.786058
0.791783
0.810313
0.826872
0.833411
0.831354
0.828021
0.847144
0.850152
0.835631
0.839229
0.857391
0.86622
0.868003
0.870268
0.867638
0.864352
0.867976
0.854532
0.872617
0.863148
0.862498
0.862669
0.872899
0.878413
0.877845
0.896036
0.882836
0.890636
0.899586
0.914639
0.923275
0.935618
0.936839
0.920622
0.942357
0.938831
0.930595
0.947937
0.93765
0.930582
0.939157
0.935125
0.938129
0.934571
0.955452
0.952919
0.965538
0.966941
0.961863
0.957078
0.961737
0.94496
0.933225
0.926023
0.925678
0.963488
0.959073
0.966715
0.971717
0.982346
0.974284
0.987456
0.973615
0.975362
0.996864
0.987359
0.960067
0.971299
0.969657
0.965312
0.969558
0.96688
0.966231
0.949996
0.954608
0.951824
0.966772
0.951759
0.935084
0.935184
0.914061
0.899465
0.914178
0.918026
0.90865
0.896692
0.878866
0.862517
0.864133
0.851942
0.8409
0.837667
0.830688
0.819977
0.825349
0.814084
0.8149
0.803642
0.798004
0.794784
0.803754
0.81222
0.828159
0.826595
0.822561
0.808242
0.809861
0.804183
0.783886
0.773778
0.783905
0.780215
0.779896
0.776009
0.790457
0.790912
0.800879
0.793684
0.795953
0.798745
0.78809
0.783561
0.803755
0.822208
0.824563
0.819945
0.808427
0.810877
0.819096
0.816145
0.819609
0.816805
0.817689
0.82152
0.841984
0.843804
0.82878
0.824204
0.834564
0.813426
0.818242
0.826719
0.826887
0.836136
0.825213
0.805235
0.799018
0.794315
0.793433
0.770239
0.776955
0.778459
0.779339
0.76296
0.760549
0.731571
0.74433
0.742689
0.75063
0.743125
0.760203
0.765665
0.769462
0.76017
0.770073
0.776445
0.779913
0.779668
0.765586
0.75483
0.747647
0.745097
0.723513
0.709185
0.704032
0.717502
0.741487
0.726836
0.726897
0.735147
0.746653
0.745773
0.758456
0.755865
0.760262
0.755044
0.750479
0.780998
0.779799
0.797963
0.781288
0.781393
0.761842
0.766811
0.769813
0.770116
0.778533
0.780684
0.781981
0.773837
0.766726
0.767502
0.77375
0.766767
0.778573
0.776795
0.770264
0.769779
0.771056
0.775478
0.774155
0.768937
0.771534
0.776768
0.768989
0.765324
0.766521
0.742538
0.761529
0.754398
0.757873
0.771166
0.762949
0.755967
0.754457
0.757452
0.759162
0.772864
0.792724
0.786272
0.797043
0.805013
0.816957
0.844217
0.832027
0.850726
0.866147
0.858134
0.868555
0.8702
0.85298
0.84951
0.861248
0.846499
0.85937
0.865243
0.869619
0.866938
0.870798
0.86232
0.880055
0.880881
0.8893
0.878386
0.889309
0.881351
0.895195
0.903135
0.936235
0.932416
0.917507
0.913862
0.920756
0.926152
0.919603
0.910312
0.927217
0.94636
0.937729
0.934389
0.93507
0.931756
0.929548
0.921189
0.926491
0.934305
0.939596
0.959502
0.973429
0.97667
0.969353
0.976916
0.988922
1.00387
1.01101
1.01808
1.02849
1.03738
1.03913
1.04597
1.03972
1.02161
1.0088
1.00097
1.01772
1.02772
1.03718
1.0449
1.04415
1.05714
1.06748
1.07156
1.06855
1.07025
1.05551
1.05887
1.0653
1.067
1.07968
1.08026
1.06846
1.04821
1.03292
1.04099
1.03939
1.04178
1.03914
1.03242
1.01263
1.01601
1.00875
1.00864
1.01521
1.00823
1.01196
1.02037
1.01953
1.01148
1.00481
1.00958
1.00909
1.0157
1.00347
0.997479
0.968618
0.955342
0.964686
0.962905
0.978268
0.974471
0.965616
0.944276
0.952243
0.966061
0.9628
0.97299
0.958228
0.963136
0.949937
0.956283
0.947898
0.949913
0.966029
0.975182
0.977797
0.961496
0.94707
0.932342
0.939728
0.937802
0.947792
0.946095
0.952045
0.932987
0.924908
0.932592
0.916787
0.908675
0.913479
0.895128
0.888098
0.889171
0.882334
0.882062
0.880948
0.885081
0.885376
0.888876
0.88367
0.886499
0.888351
0.893348
0.880044
0.874698
0.875973
0.882197
0.891655
0.88946
0.877505
0.885753
0.888801
0.888612
0.891485
0.888543
0.885271
0.880915
0.891973
0.874529
0.86699
0.840269
0.838034
0.832193
0.832505
0.831
0.819494
0.832955
0.832474
0.829315
0.82785
0.829166
0.83086
0.838006
0.83497
0.834887
0.837585
0.837338
0.829827
0.828483
0.816719
0.809194
0.816666
0.815849
0.811942
0.802961
0.808762
0.810065
0.802957
0.810515
0.804169
0.785715
0.788682
0.784612
0.769616
0.768517
0.773703
0.754104
0.759868
0.75167
0.749013
0.761898
0.74913
0.752394
0.760969
0.782149
0.776082
0.776345
0.772126
0.781993
0.778314
0.775184
0.770311
0.782965
0.770475
0.751562
0.763555
0.765035
0.756908
0.762945
0.753014
0.747995
0.763306
0.766113
0.778494
0.777969
0.784683
0.791428
0.797895
0.809301
0.826972
0.839481
0.839702
0.858862
0.859594
0.839691
0.827064
0.826217
0.815401
0.81693
0.813358
0.826908
0.824884
0.811419
0.807168
0.81642
0.829237
0.84833
0.850499
0.847039
0.844611
0.87163
0.858347
0.857233
0.868055
0.861225
0.86934
0.865856
0.865585
0.881274
0.891544
0.886168
0.875832
0.873246
0.87056
0.874196
0.865891
0.860088
0.871406
0.867742
0.850841
0.859957
0.853319
0.864438
0.86819
0.873381
0.878623
0.89923
0.89161
0.904143
0.909828
0.914737
0.921705
0.925829
0.945629
0.935395
0.933814
0.931973
0.926754
0.912085
0.923104
0.929148
0.94853
0.930969
0.927246
0.929948
0.934857
0.928345
0.920985
0.922557
0.917719
0.922691
0.922419
0.920473
0.925945
0.932577
0.923917
0.937721
0.930886
0.929959
0.919531
0.909391
0.915106
0.927914
0.919283
0.921985
0.932098
0.923412
0.919501
0.912443
0.920953
0.91791
0.929252
0.924049
0.930366
0.934507
0.924655
0.915638
0.930911
0.935865
0.947121
0.925527
0.922894
0.929842
0.926099
0.934102
0.942123
0.929832
0.949178
0.947238
0.947274
0.943069
0.946449
0.947207
0.939536
0.938439
0.956745
0.948587
0.952071
0.943727
0.939068
0.95353
0.945269
0.9487
0.955728
0.964159
0.949138
0.955577
0.956093
0.950771
0.935702
0.93287
0.924523
0.916945
0.92282
0.910466
0.919972
0.906402
0.908456
0.912865
0.924847
0.927138
0.92232
0.930799
0.920179
0.937136
0.940016
0.944033
0.929464
0.924499
0.913908
0.91691
0.913979
0.933116
0.959219
0.961409
0.948903
0.943882
0.949782
0.965033
0.980517
0.978197
0.981685
0.982758
0.984806
0.973295
0.974245
0.969208
0.971303
0.967097
0.966914
0.961277
0.973833
0.978472
0.972962
0.94827
0.957827
0.959886
0.95912
0.954192
0.95524
0.969452
0.978609
0.972075
0.974018
0.960483
0.956153
0.946638
0.932506
0.930985
0.922949
0.925984
0.911472
0.907637
0.904368
0.915133
0.925301
0.934748
0.941649
0.927507
0.922793
0.922397
0.928641
0.932038
0.91246
0.918421
0.912549
0.909736
0.895515
0.901781
0.896613
0.90827
0.91079
0.907498
0.898904
0.894995
0.885993
0.908747
0.914582
0.912012
0.89862
0.89933
0.896223
0.889151
0.884911
0.884014
0.867264
0.849597
0.831152
0.816003
0.806712
0.804682
0.787201
0.784675
0.791182
0.778515
0.769196
0.758612
0.763875
0.761282
0.743793
0.735846
0.72544
0.726864
0.727402
0.703646
0.700695
0.701499
0.707335
0.706459
0.706394
0.693179
0.695248
0.695687
0.679522
0.672299
0.684519
0.684424
0.68856
0.688267
0.703709
0.691507
0.693794
0.708093
0.713623
0.705058
0.71541
0.708802
0.717782
0.722446
0.717927
0.717268
0.72702
0.729303
0.723683
0.716445
0.71173
0.705325
0.718478
0.728671
0.736015
0.717364
0.721767
0.715401
0.698092
0.692412
0.687049
0.690884
0.679574
0.679973
0.691032
0.699933
0.694116
0.698313
0.702354
0.722185
0.737585
0.719972
0.71894
0.722677
0.721474
0.715384
0.712075
0.707194
0.692575
0.697154
0.693138
0.691401
0.696175
0.691005
0.671193
0.676657
0.685359
0.667195
0.671199
0.673313
0.669969
0.685514
0.682126
0.675218
0.656712
0.670355
0.65241
0.65335
0.657496
0.660194
0.664991
0.657817
0.676512
0.676764
0.658978
0.679886
0.686512
0.700563
0.698362
0.686912
0.700391
0.696529
0.687492
0.699173
0.707916
0.717792
0.7228
0.725402
0.719258
0.69836
0.710141
0.698501
0.678281
0.659684
0.642357
0.655281
0.646225
0.647286
0.669117
0.669185
0.660528
0.651557
0.658202
0.679308
0.666287
0.671801
0.689646
0.69861
0.705394
0.721751
0.725249
0.725947
0.733834
0.731885
0.7429
0.766613
0.776276
0.763132
0.763021
0.774963
0.794827
0.803587
0.804576
0.79591
0.814225
0.823309
0.824553
0.842378
0.844034
0.854341
0.851364
0.834375
0.818418
0.823385
0.813766
0.807546
0.807672
0.800895
0.823065
0.829343
0.835827
0.833374
0.837285
0.836325
0.859981
0.858789
0.843275
0.835671
0.849759
0.843892
0.844661
0.860761
0.850427
0.876121
0.869026
0.880211
0.890034
0.898001
0.883445
0.890679
0.888171
0.885455
0.900219
0.921809
0.929003
0.932258
0.92873
0.936148
0.952775
0.95062
0.952555
0.95647
0.949439
0.951556
0.932181
0.944422
0.95605
0.947421
0.931739
0.930209
0.910475
0.904032
0.89867
0.88541
0.877256
0.883851
0.880837
0.896506
0.903623
0.894793
0.893865
0.883214
0.884395
0.881108
0.897661
0.903785
0.894202
0.896785
0.898454
0.899738
0.893087
0.883055
0.883399
0.873664
0.88982
0.883521
0.885856
0.899852
0.883627
0.876477
0.878995
0.871731
0.891183
0.905491
0.913071
0.89683
0.898862
0.891088
0.891364
0.905239
0.923301
0.938066
0.934598
0.948382
0.937394
0.931066
0.925332
0.925629
0.925075
0.908609
0.903761
0.912827
0.914182
0.920916
0.91666
0.925589
0.929262
0.934589
0.93286
0.911836
0.904384
0.903878
0.900499
0.905148
0.914973
0.896603
0.879882
0.871878
0.869474
0.874225
0.863785
0.863234
0.854112
0.835556
0.833477
0.834187
0.832946
0.8425
0.842991
0.834414
0.826952
0.841435
0.843156
0.846823
0.825908
0.820785
0.827526
0.838454
0.838806
0.853116
0.86038
0.861313
0.863027
0.850972
0.834032
0.830224
0.852547
0.85459
0.863526
0.853635
0.86836
0.883154
0.894602
0.875629
0.877723
0.875518
0.86499
0.875114
0.872686
0.87477
0.871288
0.866164
0.851078
0.849293
0.859308
0.851253
0.83872
0.836203
0.822223
0.817629
0.791635
0.782864
0.781382
0.774995
0.779082
0.766296
0.769207
0.757786
0.737351
0.750176
0.756369
0.762713
0.772308
0.778235
0.765578
0.765351
0.778153
0.775427
0.787318
0.786306
0.779204
0.799317
0.785612
0.78369
0.772537
0.748581
0.757561
0.76819
0.76251
0.778008
0.769642
0.759701
0.740788
0.74122
0.751737
0.735717
0.747521
0.739614
0.732122
0.750643
0.747827
0.748856
0.744343
0.740701
0.731664
0.719715
0.718321
0.716739
0.724958
0.720676
0.708171
0.70764
0.701781
0.687157
0.685697
0.686359
0.684251
0.68518
0.667899
0.679427
0.665883
0.681599
0.672825
0.668437
0.670595
0.666993
0.673463
0.668319
0.675392
0.668386
0.664521
0.657459
0.655502
0.653579
0.658652
0.650603
0.651963
0.657471
0.646085
0.645277
0.658454
0.659653
0.647471
0.660498
0.6691
0.671012
0.672522
0.684498
0.692561
0.694671
0.686343
0.685288
0.676775
0.691924
0.7033
0.684635
0.674605
0.678397
0.69371
0.685262
0.691862
0.693596
0.707547
0.684036
0.697532
0.677245
0.698428
0.691408
0.678951
0.656072
0.656397
0.661942
0.651559
0.648884
0.63727
0.640334
0.640022
0.629068
0.616999
0.613348
0.621185
0.627388
0.643185
0.643979
0.643581
0.649324
0.663222
0.655942
0.678372
0.674312
0.661306
0.650259
0.651152
0.642917
0.639518
0.657803
0.654021
0.651026
0.670824
0.687293
0.684337
0.688956
0.6762
0.692355
0.697272
0.705965
0.695774
0.685218
0.697923
0.697538
0.704118
0.700745
0.698502
0.709214
0.721774
0.718066
0.729334
0.735675
0.734864
0.762204
0.753048
0.768453
0.765961
0.7481
0.757748
0.742988
0.727819
0.731063
0.710294
0.723916
0.72961
0.72801
0.719405
0.711444
0.72992
0.733618
0.727548
0.736827
0.756935
0.737735
0.754864
0.75187
0.751158
0.747056
0.748892
0.749227
0.758277
0.757327
0.766671
0.772394
0.772067
0.782139
0.796932
0.824049
0.814497
0.82666
0.828259
0.838348
0.838079
0.829334
0.822741
0.818461
0.822765
0.824896
0.828379
0.835825
0.856432
0.839475
0.847403
0.861911
0.88097
0.874165
0.884568
0.890189
0.905096
0.907899
0.925359
0.919663
0.916666
0.925514
0.915237
0.938286
0.942522
0.939116
0.95071
0.923913
0.91604
0.914035
0.897664
0.91054
0.924292
0.916101
0.904125
0.913658
0.914162
0.913607
0.91849
0.888343
0.891149
0.871636
0.847719
0.824003
0.805265
0.807378
0.817303
0.822324
0.807577
0.811488
0.81291
0.81782
0.825072
0.813189
0.815715
0.815573
0.809542
0.805683
0.810238
0.811217
0.808831
0.806052
0.807267
0.794228
0.791468
0.779502
0.781964
0.79185
0.813307
0.799364
0.794768
0.809646
0.81884
0.815159
0.807051
0.817676
0.8199
0.808601
0.830415
0.820835
0.82145
0.824842
0.831052
0.828297
0.824432
0.826765
0.812842
0.797615
0.79799
0.802625
0.791241
0.803068
0.808861
0.802444
0.802016
0.794766
0.777534
0.769668
0.781006
0.746958
0.752413
0.746768
0.714138
0.689258
0.703741
0.703945
0.70869
0.700556
0.710333
0.691687
0.690849
0.691266
0.693216
0.685696
0.676421
0.669501
0.653604
0.654994
0.648594
0.648956
0.647624
0.636033
0.622631
0.635644
0.624908
0.62702
0.620235
0.598958
0.607315
0.613805
0.618085
0.603337
0.607744
0.587124
0.603367
0.616937
0.593572
0.6008
0.619094
0.620335
0.624166
0.610715
0.605296
0.606496
0.599082
0.598536
0.5874
0.587696
0.581213
0.58329
0.58583
0.586151
0.593733
0.597208
0.575479
0.584524
0.566318
0.552289
0.542902
0.534754
0.532181
0.519499
0.540423
0.532922
0.547149
0.535043
0.539055
0.535608
0.541747
0.549961
0.563712
0.568618
0.581869
0.590131
0.592052
0.59194
0.576147
0.574247
0.563413
0.586656
0.59107
0.590978
0.585842
0.582914
0.571315
0.561625
0.554848
0.560086
0.566558
0.571347
0.573734
0.553995
0.554764
0.567013
0.562042
0.550397
0.535969
0.549632
0.555764
0.544752
0.544544
0.548101
0.532597
0.53439
0.530455
0.538338
0.55474
0.54037
0.540659
0.52855
0.525033
0.514925
0.513881
0.526498
0.509703
0.497471
0.485925
0.474392
0.453788
0.451019
0.45983
0.452343
0.467641
0.469433
0.46669
0.452898
0.4592
0.46307
0.46182
0.455579
0.469865
0.466029
0.460124
0.471621
0.471989
0.451957
0.461197
0.450971
0.435193
0.430977
0.446284
0.459296
0.454613
0.474849
0.472481
0.49118
0.494459
0.502998
0.495906
0.491512
0.473647
0.465466
0.465504
0.47599
0.483914
0.502156
0.497287
0.487075
0.486464
0.492962
0.480389
0.493143
0.493163
0.493985
0.490096
0.486828
0.466216
0.452173
0.455192
0.453949
0.430574
0.422373
0.42601
0.427946
0.428495
0.419506
0.411803
0.408574
0.408371
0.420808
0.4215
0.421524
0.4207
0.443494
0.440612
0.444726
0.436666
0.425674
0.410536
0.408148
0.416944
0.407297
0.412904
0.401471
0.396521
0.394814
0.391664
0.386232
0.386432
0.385063
0.384784
0.382311
0.373505
0.376188
0.357681
0.342554
0.329491
0.336362
0.351843
0.349213
0.345233
0.342565
0.340737
0.331415
0.321464
0.321173
0.336909
0.330589
0.324272
0.30937
0.311837
0.31004
0.327881
0.305706
0.285331
0.296809
0.288877
0.292314
0.304978
0.291159
0.288646
0.290754
0.289486
0.268461
0.259257
0.261161
0.257277
0.265325
0.25826
0.26126
0.247505
0.24459
0.241282
0.25663
0.255613
0.258009
0.273135
0.284115
0.287957
0.292455
0.290874
0.28755
0.285764
0.279272
0.280985
0.277286
0.276008
0.281868
0.290015
0.2815
0.267078
0.272701
0.299325
0.290866
0.298022
0.332002
0.336876
0.343412
0.352341
0.37208
0.37474
0.36547
0.354991
0.367408
0.362714
0.353595
0.352736
0.342051
0.339937
0.353518
0.351777
0.361857
0.358072
0.35341
0.358532
0.369732
0.376071
0.37337
0.382542
0.382682
0.404275
0.393315
0.397893
0.385369
0.383602
0.384567
0.389067
0.39594
0.397167
0.376333
0.374119
0.368719
0.376571
0.359189
0.360653
0.364528
0.36081
0.35987
0.369555
0.366149
0.359009
0.357312
0.3571
0.361246
0.35297
0.340096
0.357698
0.362453
0.379161
0.366447
0.362376
0.354282
0.364488
0.354104
0.364115
0.359821
0.351432
0.350477
0.341683
0.373377
0.375471
0.357011
0.344721
0.336246
0.309854
0.289113
0.282774
0.286722
0.279096
0.280586
0.275684
0.288721
0.285435
0.286828
0.30467
0.322079
0.327902
0.33244
0.326414
0.340812
0.353356
0.368092
0.376332
0.39706
0.399178
0.400099
0.411278
0.417738
0.416405
0.4137
0.402622
0.411704
0.427003
0.431995
0.422062
0.432301
0.418493
0.424646
0.423356
0.40868
0.429508
0.44386
0.432055
0.423235
0.432789
0.444847
0.439873
0.430601
0.421743
0.433426
0.423157
0.444061
0.454352
0.452976
0.457743
0.454456
0.447134
0.452385
0.44583
0.444252
0.437249
0.43218
0.427526
0.417563
0.421682
0.42735
0.438501
0.419212
0.43073
0.439396
0.444037
0.456821
0.457979
0.46386
0.459641
0.467366
0.452267
0.447402
0.439773
0.448787
0.44246
0.443828
0.449326
0.460319
0.458557
0.477256
0.499879
0.498806
0.508979
0.506653
0.509801
0.499346
0.50961
0.516783
0.501627
0.507194
0.50409
0.523292
0.52742
0.531705
0.5354
0.528192
0.535312
0.534047
0.549181
0.55
0.562713
0.557801
0.563386
0.566504
0.562826
0.565613
0.558032
0.564457
0.567047
0.560063
0.552433
0.546684
0.549942
0.547689
0.535989
0.548206
0.541809
0.532483
0.510997
0.512054
0.509424
0.52573
0.557365
0.560471
0.563274
0.560466
0.56278
0.566654
0.575356
0.58475
0.590755
0.610834
0.629532
0.638432
0.649165
0.643742
0.657335
0.672205
0.696152
0.717278
0.718789
0.729418
0.732616
0.706262
0.703324
0.702267
0.691092
0.701938
0.680905
0.671926
0.67356
0.667867
0.66509
0.670899
0.663043
0.661005
0.664095
0.667672
0.646978
0.654202
0.658648
0.660199
0.673503
0.682758
0.693233
0.685691
0.680905
0.673823
0.69143
0.71096
0.714851
0.704575
0.712427
0.73676
0.725296
0.709393
0.727248
0.744225
0.748259
0.754273
0.755199
0.757835
0.760196
0.737252
0.743991
0.752
0.742571
0.744709
0.755833
0.783022
0.775988
0.768216
0.733803
0.721454
0.713341
0.732802
0.757398
0.766114
0.763139
0.763268
0.751252
0.74924
0.747597
0.748686
0.759355
0.772735
0.775256
0.77817
0.788347
0.783162
0.779643
0.78502
0.793071
0.797994
0.827632
0.823234
0.825967
0.848055
0.850502
0.85209
0.866625
0.877401
0.888722
0.909052
0.902105
0.894683
0.907642
0.911889
0.907243
0.919412
0.922457
0.930998
0.952442
0.961499
0.966246
0.978411
0.961504
0.968431
0.971064
0.984454
0.961055
0.944402
0.93562
0.932119
0.927645
0.915463
0.911778
0.913898
0.907285
0.910499
0.926
0.938219
0.944009
0.938881
0.921626
0.912029
0.906457
0.912042
0.914606
0.923602
0.924914
0.913122
0.890987
0.870324
0.865024
0.873144
0.87282
0.894881
0.899022
0.898775
0.864876
0.851363
0.844994
0.845163
0.855558
0.844603
0.858195
0.83487
0.817506
0.810381
0.798526
0.793193
0.778038
0.782675
0.794687
0.786448
0.774731
0.779291
0.769509
0.775004
0.782036
0.774894
0.740336
0.738466
0.711504
0.706229
0.712242
0.708543
0.710222
0.711979
0.716594
0.730715
0.732777
0.719327
0.729052
0.730868
0.742943
0.740621
0.731808
0.721137
0.698956
0.703094
0.711528
0.716863
0.702714
0.710222
0.699024
0.691166
0.679497
0.675859
0.671529
0.67189
0.685026
0.680291
0.675612
0.670098
0.65546
0.657012
0.653298
0.655025
0.650489
0.646182
0.644311
0.654346
0.637531
0.653158
0.6408
0.636763
0.648239
0.668219
0.627844
0.635162
0.627043
0.629987
0.630879
0.638948
0.643547
0.647158
0.650542
0.65214
0.637558
0.630607
0.618199
0.602871
0.583081
0.570705
0.573287
0.578257
0.598294
0.585966
0.592785
0.58425
0.587734
0.588859
0.586889
0.584955
0.585561
0.564561
0.560475
0.557451
0.567888
0.566865
0.56531
0.565125
0.570275
0.54858
0.556063
0.556898
0.538961
0.54656
0.54801
0.549685
0.543874
0.547472
0.530781
0.524497
0.513951
0.50389
0.50752
0.522488
0.521977
0.501595
0.510935
0.523897
0.504227
0.506418
0.517563
0.503535
0.501092
0.502544
0.491106
0.475505
0.462912
0.448747
0.443758
0.446978
0.457305
0.457363
0.465498
0.458861
0.453694
0.464436
0.459369
0.459831
0.460209
0.460538
0.475493
0.494061
0.491316
0.47453
0.469278
0.454205
0.453412
0.456854
0.455107
0.458752
0.449966
0.440943
0.436765
0.427476
0.420196
0.422336
0.434859
0.418771
0.409303
0.40978
0.429173
0.430313
0.43883
0.440697
0.447266
0.441292
0.452095
0.454082
0.451206
0.430761
0.439017
0.424442
0.416091
0.411281
0.427046
0.424603
0.420902
0.418264
0.41296
0.410329
0.406721
0.419513
0.419829
0.415713
0.420979
0.424506
0.419176
0.409881
0.405742
0.412132
0.406626
0.427932
0.420186
0.423952
0.421587
0.425362
0.435879
0.423704
0.409324
0.403071
0.414399
0.417499
0.417435
0.406204
0.382941
0.377624
0.368749
0.368978
0.361947
0.355606
0.336698
0.324043
0.339372
0.341912
0.352291
0.362148
0.347813
0.351192
0.365894
0.360862
0.368034
0.37032
0.394127
0.390099
0.389275
0.39343
0.396572
0.425561
0.422511
0.423975
0.427981
0.420956
0.420919
0.414072
0.406707
0.396718
0.413671
0.416772
0.428751
0.416253
0.429572
0.411917
0.41942
0.42049
0.403296
0.409255
0.402963
0.40773
0.412636
0.412387
0.424449
0.423586
0.425654
0.427278
0.414382
0.405097
0.416917
0.404636
0.397904
0.407894
0.420712
0.417225
0.418264
0.43924
0.43614
0.423362
0.421065
0.417537
0.424145
0.432423
0.432583
0.416945
0.402371
0.39008
0.379592
0.371141
0.362627
0.375914
0.381759
0.368626
0.370463
0.371422
0.354674
0.368096
0.388883
0.385431
0.380721
0.396152
0.405157
0.401956
0.425938
0.420086
0.41768
0.417829
0.401286
0.380436
0.376496
0.375964
0.3744
0.352459
0.355986
0.3607
0.36716
0.384709
0.386394
0.380287
0.384309
0.39775
0.385673
0.3841
0.38172
0.374648
0.372111
0.383988
0.388907
0.39494
0.381003
0.374319
0.39214
0.394999
0.383784
0.384142
0.379803
0.373825
0.375442
0.348276
0.371166
0.369955
0.36841
0.360455
0.366837
0.370721
0.371946
0.392617
0.397153
0.396945
0.400051
0.400596
0.412856
0.40945
0.430945
0.419934
0.412922
0.413719
0.408505
0.410466
0.412743
0.409969
0.405296
0.398352
0.405451
0.404075
0.384995
0.380741
0.372503
0.364059
0.352688
0.35232
0.342474
0.335976
0.33926
0.327477
0.335714
0.340414
0.324819
0.318438
0.324778
0.335499
0.329147
0.328851
0.330326
0.329436
0.34456
0.348971
0.352641
0.353581
0.350835
0.333373
0.35594
0.370955
0.352795
0.359426
0.359206
0.364971
0.361754
0.343935
0.32497
0.321619
0.323518
0.332804
0.340322
0.330095
0.331793
0.352979
0.356402
0.369641
0.381011
0.387297
0.409269
0.42048
0.426971
0.433933
0.433497
0.42976
0.435291
0.422762
0.406011
0.395992
0.417932
0.426935
0.407538
0.402604
0.389347
0.377358
0.397538
0.395376
0.401282
0.392051
0.384053
0.368477
0.346964
0.335577
0.33646
0.341633
0.33303
0.335468
0.339569
0.337091
0.332154
0.332836
0.324961
0.330086
0.334225
0.330542
0.337977
0.327603
0.347466
0.346495
0.352936
0.354135
0.362387
0.359525
0.368809
0.370855
0.394188
0.382152
0.369641
0.385032
0.38625
0.373692
0.37866
0.376992
0.380714
0.384668
0.387015
0.376883
0.37556
0.372271
0.376099
0.392476
0.396712
0.382919
0.378346
0.375009
0.366741
0.366588
0.373569
0.380127
0.361535
0.363669
0.357787
0.359676
0.364841
0.350331
0.343297
0.334927
0.335743
0.32175
0.337947
0.340275
0.340641
0.338915
0.3375
0.355195
0.359989
0.356302
0.381884
0.382837
0.373014
0.387235
0.391432
0.415178
0.421886
0.42143
0.418511
0.41088
0.392376
0.383596
0.390288
0.384346
0.375076
0.370919
0.378758
0.402846
0.416904
0.415714
0.420534
0.413727
0.40496
0.418629
0.415046
0.405652
0.40233
0.391365
0.391973
0.402823
0.40313
0.403427
0.403125
0.399825
0.400598
0.40001
0.388533
0.393322
0.399408
0.393261
0.380772
0.399923
0.38875
0.398852
0.400724
0.385486
0.394703
0.374588
0.374906
0.379776
0.379199
0.405071
0.418054
0.422653
0.425994
0.411536
0.40806
0.42365
0.427612
0.438946
0.426273
0.445492
0.432638
0.434766
0.43573
0.435085
0.429244
0.446543
0.454206
0.459061
0.449462
0.461393
0.477911
0.499417
0.506426
0.494313
0.480018
0.470184
0.465153
0.463205
0.472327
0.482705
0.481953
0.468469
0.464641
0.452582
0.453684
0.451174
0.457962
0.447698
0.460682
0.459636
0.466892
0.472109
0.490977
0.504578
0.511535
0.506902
0.502586
0.488178
0.493072
0.51157
0.510459
0.51076
0.49708
0.493446
0.502869
0.513219
0.518067
0.512065
0.497886
0.487687
0.485818
0.49483
0.50841
0.514051
0.51865
0.50377
0.516031
0.52177
0.521708
0.52546
0.53002
0.533433
0.541432
0.552331
0.569262
0.562006
0.55719
0.549786
0.557083
0.561648
0.556048
0.554603
0.547854
0.542097
0.542989
0.552071
0.56708
0.553611
0.57234
0.588507
0.590007
0.596764
0.595949
0.600346
0.59807
0.588925
0.595619
0.59215
0.58228
0.612195
0.636954
0.633513
0.645262
0.639223
0.64357
0.672157
0.677956
0.670348
0.664306
0.65584
0.665309
0.671928
0.681888
0.694337
0.68656
0.683258
0.690025
0.690608
0.683937
0.690481
0.682605
0.682316
0.695783
0.697589
0.707117
0.694788
0.699782
0.708812
0.689801
0.694061
0.70113
0.704259
0.723712
0.726268
0.731016
0.747364
0.765039
0.773653
0.773032
0.789735
0.790876
0.806657
0.808807
0.822118
0.831093
0.845454
0.841721
0.847007
0.847457
0.853958
0.857908
0.863825
0.8659
0.861411
0.85666
0.84821
0.841426
0.843154
0.853192
0.860421
0.846325
0.84627
0.842811
0.847395
0.853775
0.868135
0.877764
0.852314
0.84949
0.844301
0.842638
0.833916
0.839655
0.844294
0.847566
0.871174
0.862345
0.848663
0.859993
0.842582
0.837238
0.837753
0.831504
0.830279
0.812069
0.822827
0.82692
0.829627
0.813481
0.811316
0.811146
0.809129
0.802243
0.80326
0.790761
0.769996
0.76404
0.749494
0.75438
0.734567
0.718809
0.728052
0.715745
0.72158
0.711338
0.696569
0.70995
0.702505
0.686383
0.680014
0.672039
0.658773
0.639947
0.646649
0.636355
0.621634
0.630837
0.641142
0.637012
0.618361
0.626628
0.61996
0.616106
0.609227
0.608154
0.597909
0.584617
0.574278
0.566598
0.571976
0.546781
0.537674
0.53289
0.523674
0.527731
0.513944
0.5061
0.520302
0.526345
0.519112
0.520483
0.500336
0.490454
0.48514
0.471005
0.456597
0.454481
0.457485
0.450212
0.452304
0.451497
0.453383
0.448373
0.447868
0.453401
0.445535
0.453603
0.449752
0.441987
0.440691
0.428256
0.432037
0.425841
0.436477
0.421237
0.417095
0.430091
0.430233
0.430402
0.440717
0.435158
0.438434
0.457429
0.457009
0.46004
0.459602
0.456805
0.451786
0.460162
0.458297
0.450139
0.446596
0.464782
0.460884
0.458005
0.454512
0.448449
0.467333
0.439785
0.429302
0.43223
0.434068
0.419206
0.411004
0.41931
0.411773
0.399964
0.404284
0.391136
0.39591
0.392779
0.379273
0.383736
0.379883
0.380927
0.380011
0.364804
0.375604
0.373837
0.365007
0.363013
0.370109
0.365837
0.378788
0.377306
0.373893
0.380784
0.364069
0.374836
0.3611
0.351148
0.346716
0.341625
0.343912
0.342121
0.341755
0.347707
0.336588
0.338
0.336537
0.346276
0.331566
0.327791
0.335625
0.334956
0.340806
0.330802
0.334092
0.333553
0.355088
0.351221
0.354216
0.352458
0.365079
0.377034
0.362588
0.342619
0.318549
0.328571
0.3292
0.338
0.332079
0.32524
0.333115
0.332618
0.321429
0.304756
0.299302
0.299549
0.293879
0.293504
0.286495
0.286135
0.279815
0.271939
0.284373
0.283201
0.29148
0.2938
0.297657
0.291315
0.2963
0.305303
0.326411
0.325241
0.330618
0.334861
0.341523
0.348594
0.344872
0.356884
0.374146
0.340507
0.33083
0.328804
0.325299
0.35141
0.343794
0.35378
0.355788
0.355725
0.35298
0.345943
0.319592
0.306837
0.312761
0.289762
0.295798
0.295201
0.290627
0.288126
0.285903
0.287926
0.270287
0.271757
0.266764
0.263709
0.251579
0.239485
0.250939
0.2668
0.26016
0.255298
0.236458
0.207303
0.21067
0.225903
0.230207
0.23482
0.242206
0.238668
0.225649
0.228599
0.225436
0.228207
0.237926
0.24753
0.247311
0.246116
0.25582
0.26018
0.272882
0.259136
0.283243
0.294832
0.313552
0.317852
0.324635
0.309362
0.28841
0.28832
0.276837
0.263852
0.261812
0.260293
0.250274
0.260995
0.257517
0.249372
0.245845
0.233421
0.234513
0.237912
0.246172
0.25258
0.25515
0.266959
0.269676
0.273246
0.28153
0.267115
0.247856
0.242582
0.244728
0.261705
0.262093
0.257792
0.246892
0.239394
0.25326
0.265846
0.262217
0.258159
0.273674
0.272586
0.264958
0.249445
0.250611
0.25103
0.245544
0.261459
0.269754
0.272113
0.276688
0.286389
0.289068
0.298699
0.302012
0.30023
0.306025
0.302139
0.296569
0.301592
0.28856
0.281513
0.270957
0.263042
0.24931
0.247708
0.248158
0.242908
0.25403
0.256916
0.282555
0.279484
0.261564
0.25492
0.265464
0.268357
0.268002
0.265547
0.245021
0.235736
0.233576
0.233101
0.228971
0.212294
0.209387
0.22867
0.233644
0.231627
0.227959
0.225665
0.221798
0.210248
0.20981
0.186111
0.187661
0.192688
0.194219
0.195403
0.189326
0.1889
0.195689
0.205224
0.206239
0.204523
0.196447
0.18459
0.188645
0.20497
0.229631
0.22246
0.225419
0.220983
0.21762
0.212217
0.20405
0.221603
0.222588
0.227884
0.241222
0.235495
0.250448
0.250413
0.247165
0.247369
0.235389
0.262705
0.257031
0.239167
0.239299
0.252195
0.25017
0.244399
0.256399
0.256077
0.262829
0.252525
0.241405
0.234397
0.223266
0.218402
0.223142
0.232573
0.22076
0.220834
0.21374
0.193
0.196823
0.190929
0.178679
0.16734
0.157758
0.166795
0.176066
0.172595
0.168304
0.182343
0.190654
0.186371
0.185611
0.185496
0.180456
0.178798
0.180695
0.167517
0.169468
0.152397
0.145371
0.147712
0.161317
0.139411
0.145782
0.147597
0.133946
0.105987
0.119328
0.110386
0.111627
0.104403
0.104444
0.0948572
0.114298
0.121307
0.129818
0.117419
0.121362
0.120474
0.115871
0.106399
0.0982741
0.106655
0.110084
0.121472
0.119732
0.120628
0.123862
0.115201
0.124766
0.115353
0.114328
0.119364
0.115485
0.124994
0.121821
0.120513
0.106937
0.103004
0.118105
0.130853
0.134306
0.118979
0.128013
0.117026
0.108945
0.116867
0.109858
0.131286
0.124508
0.111888
0.111425
0.0949659
0.0995641
0.0949952
0.104582
0.111482
0.112715
0.121828
0.113057
0.125475
0.138924
0.150748
0.157639
0.145361
0.144635
0.143782
0.142502
0.154301
0.149689
0.143698
0.130758
0.128418
0.133929
0.1425
0.15509
0.161541
0.149062
0.161247
0.171058
0.156351
0.158052
0.161307
0.165793
0.165203
0.169269
0.170716
0.16872
0.1677
0.178613
0.168713
0.168459
0.150057
0.143001
0.158863
0.179435
0.173572
0.171136
0.186126
0.17881
0.170032
0.168354
0.182209
0.183313
0.169325
0.161673
0.162814
0.162909
0.167259
0.175525
0.163154
0.15877
0.164802
0.175795
0.155803
0.151419
0.15256
0.166378
0.184761
0.172715
0.171212
0.177445
0.157733
0.162185
0.155918
0.165791
0.16919
0.174469
0.182398
0.172106
0.184445
0.189939
0.206937
0.223143
0.22185
0.218519
0.217787
0.21837
0.206221
0.224089
0.228547
0.230427
0.241845
0.244815
0.244921
0.234628
0.220774
0.19859
0.195208
0.198438
0.188037
0.192128
0.198385
0.190761
0.208769
0.210081
0.212602
0.229543
0.244275
0.23169
0.222803
0.213621
0.216576
0.21272
0.203323
0.199619
0.210387
0.204672
0.209881
0.218952
0.226835
0.238593
0.231843
0.238435
0.246792
0.241813
0.246549
0.243078
0.227543
0.246161
0.234043
0.229555
0.230649
0.238566
0.242538
0.238863
0.233577
0.235205
0.230567
0.226491
0.223244
0.2234
0.227509
0.245306
0.235675
0.235907
0.224833
0.202214
0.196214
0.196128
0.180765
0.169838
0.180755
0.177555
0.183881
0.187482
0.197867
0.195207
0.196074
0.185694
0.187544
0.201017
0.227458
0.222313
0.224148
0.219676
0.218274
0.23709
0.239324
0.239459
0.224701
0.224256
0.239405
0.232769
0.22813
0.246684
0.247764
0.259034
0.262519
0.266637
0.274684
0.265145
0.275662
0.278614
0.270855
0.26983
0.275268
0.279455
0.271589
0.287222
0.294237
0.30577
0.296527
0.280235
0.292828
0.286662
0.269176
0.270195
0.249985
0.24772
0.250471
0.260588
0.263944
0.250559
0.251045
0.261039
0.23707
0.224762
0.227167
0.234855
0.212625
0.208774
0.212849
0.206246
0.205111
0.194473
0.226677
0.219121
0.228133
0.236795
0.219678
0.21057
0.229004
0.235199
0.243418
0.242729
0.243048
0.237492
0.24855
0.245668
0.251455
0.249082
0.249598
0.257623
0.254126
0.244549
0.233153
0.243107
0.23197
0.23423
0.227115
0.22217
0.209048
0.192619
0.203457
0.206362
0.203823
0.217546
0.199481
0.19796
0.199747
0.205447
0.191719
0.200864
0.179318
0.177043
0.182639
0.194782
0.196874
0.210363
0.1951
0.206572
0.20237
0.192292
0.186268
0.183428
0.189176
0.17858
0.17276
0.175585
0.180315
0.171526
0.171449
0.172112
0.174762
0.190182
0.196415
0.175971
0.195223
0.187207
0.193623
0.193748
0.196671
0.194872
0.196641
0.187005
0.184448
0.159102
0.151219
0.173307
0.186292
0.201881
0.201393
0.219034
0.218097
0.223253
0.213202
0.216494
0.211279
0.219478
0.206035
0.217877
0.197613
0.19688
0.192141
0.188573
0.184867
0.193937
0.192415
0.185847
0.191446
0.176095
0.18138
0.172369
0.171772
0.184705
0.186668
0.168845
0.154098
0.143736
0.153897
0.154764
0.151722
0.159933
0.162939
0.166526
0.16714
0.16045
0.165859
0.154506
0.155259
0.1784
0.177355
0.176574
0.171153
0.167673
0.170529
0.172522
0.190496
0.192993
0.18273
0.196806
0.201275
0.203039
0.199714
0.195458
0.195702
0.197776
0.209262
0.218783
0.217999
0.220709
0.217591
0.206988
0.192251
0.179859
0.179937
0.178834
0.16036
0.148076
0.156585
0.153067
0.170784
0.166379
0.161374
0.155944
0.1619
0.176404
0.188586
0.219285
0.211628
0.201752
0.223653
0.213391
0.210294
0.216731
0.235284
0.227426
0.217089
0.218618
0.217722
0.212265
0.219423
0.229703
0.236633
0.233935
0.23858
0.24531
0.256258
0.254761
0.250115
0.250691
0.262443
0.264807
0.255709
0.274018
0.276688
0.271544
0.249939
0.227941
0.21823
0.224494
0.213323
0.230011
0.221946
0.2114
0.214122
0.213732
0.222167
0.217303
0.227619
0.227
0.237331
0.260968
0.257853
0.281368
0.280299
0.275378
0.278749
0.284767
0.280069
0.272389
0.267675
0.278625
0.279823
0.278978
0.277246
0.274677
0.265008
0.272825
0.268647
0.265946
0.265907
0.256253
0.27083
0.240658
0.238779
0.245787
0.258298
0.246297
0.241903
0.25981
0.263586
0.270948
0.270979
0.253832
0.261206
0.261429
0.251993
0.235968
0.240948
0.240771
0.238771
0.229179
0.240695
0.244138
0.25237
0.250147
0.240371
0.255388
0.269745
0.263917
0.2626
0.25243
0.252152
0.245272
0.241533
0.265489
0.25067
0.254704
0.257962
0.259369
0.242934
0.24351
0.237292
0.239153
0.243249
0.246479
0.249757
0.249114
0.236892
0.238983
0.229754
0.241213
0.254486
0.262
0.268673
0.282668
0.293735
0.27757
0.262154
0.255966
0.258419
0.261529
0.28568
0.289275
0.295802
0.289457
0.281199
0.283303
0.287875
0.283662
0.270669
0.265911
0.261957
0.267587
0.270924
0.281524
0.299771
0.299679
0.299318
0.301735
0.317593
0.315007
0.316112
0.314025
0.326635
0.334408
0.324501
0.334281
0.342386
0.326424
0.336839
0.336232
0.330197
0.344984
0.339771
0.337791
0.343284
0.339516
0.339693
0.330995
0.327967
0.340186
0.341834
0.346277
0.343135
0.350559
0.344117
0.36372
0.3707
0.37382
0.375202
0.383874
0.364625
0.361274
0.366862
0.361732
0.375128
0.368951
0.360121
0.352533
0.350328
0.360725
0.366795
0.350935
0.346757
0.353736
0.380372
0.393604
0.395112
0.383046
0.385098
0.366281
0.359358
0.35758
0.356231
0.360792
0.377146
0.379757
0.37827
0.383647
0.387662
0.391528
0.38344
0.371238
0.381564
0.360334
0.373958
0.370954
0.358466
0.350995
0.363589
0.367549
0.367699
0.379889
0.383116
0.383755
0.370638
0.380136
0.367508
0.368406
0.379303
0.388721
0.403049
0.403091
0.387863
0.386816
0.399548
0.406148
0.40893
0.388169
0.395095
0.416069
0.434268
0.436993
0.450166
0.465464
0.466108
0.471495
0.479439
0.491069
0.470383
0.465854
0.450191
0.454377
0.450557
0.46198
0.498031
0.506082
0.498481
0.510047
0.518047
0.50732
0.50805
0.516067
0.518435
0.535029
0.546426
0.540558
0.540759
0.526813
0.528903
0.532721
0.524655
0.51838
0.519984
0.518292
0.52197
0.513779
0.512199
0.513411
0.51283
0.497865
0.490672
0.497443
0.487591
0.487163
0.490772
0.4995
0.497017
0.502943
0.510862
0.528011
0.528164
0.534773
0.527796
0.531093
0.538716
0.541911
0.551308
0.543033
0.5584
0.559913
0.55739
0.554344
0.569611
0.565721
0.576926
0.575123
0.567891
0.563641
0.576763
0.601932
0.604506
0.603901
0.608113
0.597877
0.587086
0.569158
0.565849
0.567839
0.545797
0.538181
0.539222
0.529052
0.519685
0.511
0.50589
0.503532
0.489418
0.482412
0.484856
0.483607
0.485652
0.471163
0.486582
0.480682
0.483246
0.481797
0.488235
0.49228
0.50011
0.499707
0.497395
0.501292
0.493857
0.494652
0.493439
0.496064
0.502976
0.497757
0.514439
0.526846
0.546426
0.550668
0.561106
0.567613
0.573792
0.586799
0.594141
0.598156
0.603237
0.603414
0.629985
0.616395
0.607931
0.611518
0.616899
0.616332
0.611302
0.626186
0.626495
0.633079
0.643073
0.647651
0.632724
0.647153
0.648583
0.669913
0.676972
0.679704
0.686181
0.696705
0.702237
0.698197
0.692268
0.682322
0.698656
0.722536
0.722865
0.715807
0.728896
0.749313
0.74976
0.779993
0.783139
0.771532
0.770695
0.768389
0.785597
0.790199
0.76995
0.760823
0.754019
0.729842
0.734526
0.737704
0.727947
0.724265
0.755379
0.754456
0.749417
0.753405
0.753812
0.77875
0.775936
0.784895
0.786657
0.796949
0.806816
0.814105
0.836191
0.819264
0.831324
0.836321
0.830883
0.826005
0.83261
0.838143
0.827336
0.847674
0.855355
0.858005
0.854553
0.851906
0.862828
0.874274
0.882596
0.895934
0.887081
0.859459
0.844954
0.829429
0.827935
0.830091
0.846417
0.817079
0.796927
0.792041
0.777011
0.776148
0.769407
0.765917
0.752118
0.747822
0.735937
0.721089
0.734526
0.721973
0.715093
0.713126
0.691766
0.687787
0.695009
0.705547
0.705355
0.699862
0.698269
0.679846
0.666383
0.675248
0.653929
0.646126
0.644097
0.636987
0.644801
0.638879
0.642459
0.62565
0.604974
0.609947
0.615116
0.611253
0.615653
0.630318
0.622043
0.598846
0.600368
0.584843
0.586708
0.57836
0.576279
0.575657
0.584345
0.579612
0.571951
0.577205
0.591849
0.581181
0.59662
0.61029
0.614306
0.608793
0.631115
0.623901
0.616575
0.618429
0.614426
0.622077
0.621814
0.63393
0.630166
0.627395
0.637427
0.64073
0.608177
0.615228
0.624391
0.630236
0.618357
0.639091
0.637014
0.622
0.630184
0.605739
0.606778
0.598531
0.601267
0.595337
0.588125
0.584767
0.586939
0.584055
0.579888
0.596196
0.603109
0.59582
0.592325
0.602716
0.612916
0.607224
0.595252
0.60004
0.60824
0.595579
0.58672
0.577252
0.57306
0.574584
0.592739
0.600161
0.594995
0.586515
0.586021
0.592186
0.613368
0.622027
0.606356
0.609144
0.603705
0.618012
0.618671
0.605989
0.608531
0.609911
0.609944
0.629116
0.620927
0.623105
0.630411
0.615231
0.613722
0.589872
0.579776
0.553411
0.53792
0.544039
0.531657
0.518625
0.514536
0.493335
0.493005
0.487183
0.487915
0.474357
0.481001
0.473484
0.474425
0.461041
0.463027
0.460213
0.474594
0.45732
0.466658
0.47104
0.47086
0.471242
0.474924
0.46201
0.470693
0.441127
0.465393
0.455969
0.417928
0.393638
0.393719
0.387659
0.391171
0.398096
0.378012
0.38075
0.372136
0.366081
0.385368
0.376108
0.379553
0.367039
0.374019
0.374562
0.362256
0.35019
0.336227
0.326295
0.328714
0.339692
0.338254
0.332445
0.335398
0.33345
0.325119
0.332409
0.330392
0.32094
0.32801
0.333561
0.328216
0.315522
0.312563
0.317938
0.302717
0.308489
0.30658
0.297454
0.292775
0.289466
0.293018
0.292849
0.289177
0.265119
0.284906
0.283656
0.283984
0.275979
0.282278
0.283482
0.283747
0.269648
0.274192
0.272966
0.292025
0.288051
0.287047
0.261041
0.256814
0.244756
0.242093
0.229389
0.226038
0.235785
0.237697
0.235998
0.232105
0.245648
0.225224
0.210621
0.221954
0.21113
0.21974
0.214594
0.213094
0.2217
0.216369
0.233184
0.242028
0.229182
0.227434
0.238866
0.240578
0.25162
0.26748
0.269338
0.275596
0.279871
0.286199
0.286988
0.291824
0.271091
0.273879
0.263057
0.271626
0.273308
0.269459
0.258421
0.264923
0.26641
0.26919
0.261827
0.249825
0.24971
0.236833
0.239089
0.236024
0.256347
0.281349
0.260919
0.268643
0.282292
0.259769
0.242881
0.226635
0.223747
0.231542
0.233027
0.245161
0.274115
0.268105
0.266917
0.28238
0.276102
0.258021
0.255267
0.24588
0.246419
0.259302
0.256955
0.262775
0.266702
0.254861
0.249374
0.233521
0.217135
0.227888
0.213098
0.217785
0.210114
0.215267
0.210432
0.20844
0.195166
0.193343
0.206473
0.210309
0.216676
0.218072
0.223909
0.223867
0.211352
0.207937
0.206673
0.212117
0.238929
0.23396
0.227975
0.208833
0.217328
0.211873
0.214906
0.225009
0.225323
0.222086
0.229986
0.218682
0.217892
0.207614
0.217898
0.223789
0.24216
0.221168
0.218593
0.224332
0.232264
0.230151
0.224424
0.21669
0.199592
0.219934
0.222411
0.220836
0.210304
0.22042
0.227914
0.218058
0.223541
0.221329
0.205614
0.21577
0.205689
0.208807
0.187945
0.180228
0.181537
0.17659
0.177786
0.18444
0.194188
0.187318
0.182634
0.196862
0.18921
0.201654
0.205531
0.214584
0.225089
0.230154
0.221714
0.217398
0.223465
0.219548
0.213835
0.223789
0.222477
0.228058
0.230553
0.240958
0.251946
0.240971
0.23689
0.221718
0.217732
0.212413
0.213209
0.197609
0.187577
0.181384
0.189464
0.18061
0.182032
0.177139
0.175429
0.161105
0.150326
0.161896
0.168902
0.145141
0.134451
0.139579
0.156953
0.161301
0.150461
0.142545
0.146743
0.162088
0.168732
0.162977
0.15025
0.158959
0.177549
0.191557
0.193276
0.177134
0.173124
0.174969
0.170992
0.183133
0.184906
0.184076
0.166973
0.180404
0.172807
0.179872
0.183202
0.197273
0.228779
0.215586
0.215836
0.21837
0.219267
0.207724
0.224924
0.214987
0.217782
0.220438
0.225525
0.211637
0.201828
0.202906
0.206361
0.200178
0.223953
0.230635
0.222473
0.239547
0.233858
0.221142
0.216654
0.20398
0.20361
0.22142
0.224863
0.218426
0.208999
0.216969
0.225193
0.233445
0.233002
0.226302
0.218297
0.200527
0.211225
0.216939
0.215573
0.220645
0.214441
0.236438
0.233431
0.22122
0.22376
0.221289
0.224105
0.229415
0.238675
0.251272
0.250777
0.26724
0.278629
0.268315
0.261938
0.265995
0.256844
0.262142
0.261354
0.270626
0.27042
0.268148
0.268872
0.277495
0.279176
0.285154
0.280032
0.291692
0.293005
0.288688
0.286396
0.291743
0.279994
0.286431
0.27756
0.293222
0.29584
0.29571
0.283348
0.282682
0.284099
0.272636
0.277795
0.26874
0.2763
0.285153
0.30083
0.303336
0.310929
0.30813
0.294884
0.299888
0.305526
0.315443
0.29383
0.298989
0.291518
0.290882
0.293264
0.290051
0.300309
0.312993
0.303891
0.298812
0.29367
0.28833
0.295803
0.294456
0.296907
0.296661
0.297332
0.29865
0.289964
0.29566
0.311925
0.29942
0.287804
0.300011
0.308424
0.302409
0.297787
0.296688
0.296986
0.310905
0.321478
0.317179
0.330012
0.338249
0.32467
0.335963
0.318859
0.313171
0.298854
0.307844
0.323284
0.315287
0.308153
0.309516
0.310934
0.296226
0.315153
0.315146
0.330586
0.331278
0.33615
0.333863
0.330209
0.327104
0.328086
0.325811
0.332863
0.319396
0.317489
0.313464
0.319857
0.325774
0.348223
0.344264
0.359858
0.356623
0.360615
0.34292
0.361442
0.354831
0.360046
0.347921
0.337227
0.335075
0.317241
0.29618
0.294493
0.285
0.285797
0.27455
0.285301
0.279707
0.279214
0.266382
0.27268
0.261078
0.247926
0.254444
0.257084
0.268966
0.269839
0.277582
0.299343
0.282091
0.271877
0.272119
0.27365
0.274551
0.289204
0.289025
0.291769
0.307383
0.308157
0.309928
0.309152
0.295438
0.295972
0.287799
0.286434
0.294147
0.296656
0.298141
0.291174
0.300816
0.297998
0.310258
0.314951
0.310537
0.334977
0.332855
0.335999
0.331592
0.319407
0.300585
0.284445
0.277563
0.270378
0.280968
0.269966
0.273937
0.265683
0.267638
0.268142
0.253057
0.254883
0.258546
0.257096
0.269892
0.278022
0.273007
0.262724
0.253353
0.255384
0.261107
0.272734
0.268887
0.25559
0.2699
0.268898
0.270961
0.28678
0.297425
0.292191
0.273712
0.266636
0.252047
0.26894
0.272386
0.271231
0.274648
0.281191
0.279032
0.266126
0.282546
0.268469
0.278104
0.309399
0.316989
0.32446
0.327974
0.334619
0.341761
0.333574
0.346716
0.357098
0.357838
0.352781
0.352579
0.370038
0.355966
0.36111
0.371919
0.378235
0.390815
0.380042
0.386023
0.383368
0.379023
0.394983
0.411112
0.412664
0.393059
0.416603
0.407293
0.407214
0.414437
0.414861
0.402055
0.400067
0.401365
0.399721
0.402464
0.409803
0.413749
0.407412
0.420999
0.432533
0.448758
0.453885
0.442145
0.440486
0.453631
0.47184
0.478091
0.483171
0.458156
0.482253
0.493987
0.512559
0.552503
0.532132
0.550099
0.554139
0.534817
0.53032
0.526443
0.501941
0.475213
0.477279
0.499886
0.506599
0.501881
0.483633
0.481969
0.456727
0.480638
0.498856
0.493125
0.49722
0.492453
0.496532
0.501879
0.520544
0.506007
0.510399
0.5129
0.526161
0.526682
0.540822
0.542468
0.536404
0.538562
0.534004
0.531289
0.514824
0.510431
0.512072
0.523206
0.530779
0.540461
0.554387
0.551345
0.553361
0.54371
0.536455
0.536408
0.547223
0.550146
0.556181
0.551661
0.568129
0.563541
0.548271
0.553947
0.552641
0.557121
0.577822
0.564658
0.555386
0.549166
0.560176
0.575278
0.588528
0.595419
0.598208
0.595633
0.587989
0.589855
0.596801
0.6009
0.626068
0.616666
0.610371
0.597716
0.609349
0.60129
0.612285
0.62088
0.619661
0.621298
0.64113
0.646411
0.647347
0.653553
0.655471
0.657222
0.662584
0.677369
0.683571
0.69956
0.694325
0.695004
0.710182
0.723376
0.719549
0.735807
0.745338
0.745208
0.751675
0.755468
0.765839
0.790024
0.797763
0.81013
0.819704
0.818544
0.815773
0.815142
0.826089
0.833093
0.833525
0.821891
0.831763
0.813392
0.801324
0.818481
0.80713
0.810114
0.812468
0.848873
0.860843
0.872705
0.868804
0.885532
0.891822
0.881444
0.867527
0.867169
0.870639
0.878112
0.904566
0.910466
0.928675
0.922757
0.912056
0.909299
0.914192
0.896217
0.890445
0.911102
0.895761
0.886105
0.875459
0.877889
0.842337
0.85665
0.860578
0.868716
0.865475
0.85947
0.839285
0.824258
0.802261
0.804176
0.806236
0.813918
0.818362
0.825524
0.842108
0.843257
0.835388
0.813893
0.785905
0.787728
0.773752
0.751205
0.736165
0.724301
0.722819
0.72856
0.732511
0.727867
0.703025
0.715989
0.726294
0.716366
0.736963
0.71774
0.717456
0.70958
0.713313
0.71996
0.723406
0.733469
0.745187
0.745392
0.735515
0.730846
0.7223
0.723379
0.721897
0.706705
0.710126
0.68679
0.68979
0.687703
0.701526
0.676861
0.663246
0.642236
0.641326
0.639853
0.643898
0.64344
0.638868
0.638348
0.633601
0.647575
0.65044
0.645095
0.634534
0.618289
0.615284
0.622331
0.626225
0.594271
0.598041
0.589875
0.593218
0.590768
0.57184
0.577854
0.5781
0.586199
0.579576
0.586039
0.578587
0.568653
0.569797
0.561962
0.554184
0.573471
0.563603
0.564348
0.552281
0.561018
0.564006
0.556753
0.559403
0.568189
0.571024
0.574716
0.561884
0.548967
0.530842
0.515319
0.51072
0.504953
0.492791
0.499237
0.499329
0.485633
0.510754
0.516614
0.495897
0.4963
0.496456
0.478782
0.479638
0.480151
0.48054
0.479659
0.47254
0.477608
0.470263
0.45754
0.444142
0.450483
0.452716
0.453604
0.458894
0.463713
0.44777
0.44308
0.433497
0.439419
0.435465
0.445093
0.436794
0.441882
0.425998
0.430238
0.425715
0.41188
0.409206
0.404978
0.422124
0.415996
0.404242
0.397618
0.40407
0.42028
0.412593
0.420076
0.397132
0.410671
0.416984
0.397502
0.40135
0.389804
0.369864
0.365771
0.368676
0.370882
0.374978
0.369149
0.362939
0.366583
0.369382
0.364884
0.357493
0.367163
0.35011
0.35105
0.343727
0.357834
0.346949
0.328277
0.313621
0.310969
0.311941
0.293633
0.290043
0.296762
0.310215
0.303165
0.313682
0.307335
0.297553
0.292917
0.294115
0.289801
0.295076
0.301373
0.294283
0.299237
0.303581
0.300164
0.302776
0.302414
0.298837
0.31752
0.3373
0.31943
0.304149
0.300498
0.313572
0.320528
0.324492
0.333554
0.3287
0.325724
0.325647
0.335805
0.329626
0.339871
0.335581
0.338953
0.33322
0.336859
0.342898
0.334981
0.327177
0.324916
0.33234
0.324148
0.321237
0.313881
0.315237
0.31039
0.306332
0.316964
0.303326
0.301472
0.288962
0.293984
0.291271
0.306536
0.310019
0.314822
0.305878
0.309356
0.308245
0.310917
0.303663
0.287539
0.27754
0.274425
0.288222
0.281139
0.27431
0.267178
0.28767
0.283773
0.265782
0.270674
0.294346
0.299204
0.295326
0.303401
0.302867
0.299462
0.286187
0.289264
0.30028
0.291942
0.281142
0.290258
0.27447
0.27356
0.271675
0.271127
0.250779
0.242075
0.238396
0.250331
0.232293
0.227451
0.221227
0.235581
0.261375
0.258999
0.252581
0.259913
0.279814
0.275249
0.282622
0.284389
0.288944
0.290401
0.290451
0.275666
0.286519
0.286988
0.303352
0.290536
0.276336
0.28377
0.275855
0.281084
0.266713
0.268885
0.271327
0.286059
0.283393
0.271832
0.286193
0.286393
0.27893
0.254935
0.247602
0.253529
0.234597
0.253854
0.273444
0.292598
0.295983
0.270028
0.276618
0.274466
0.269795
0.27284
0.29337
0.293612
0.29122
0.292299
0.281485
0.288679
0.271162
0.26644
0.247123
0.25274
0.232725
0.226701
0.240593
0.239089
0.220888
0.198991
0.202788
0.204816
0.23076
0.230236
0.239578
0.252006
0.239745
0.238416
0.23578
0.217715
0.224624
0.217798
0.24145
0.24699
0.262083
0.272078
0.277491
0.29598
0.30132
0.309324
0.316719
0.314697
0.288245
0.278983
0.268065
0.288193
0.289824
0.288045
0.292993
0.289488
0.294361
0.299595
0.300757
0.280018
0.286527
0.27893
0.266656
0.271802
0.272265
0.28561
0.294566
0.28851
0.296002
0.295506
0.301229
0.306478
0.303628
0.295992
0.318589
0.321036
0.32935
0.345091
0.330817
0.32142
0.313284
0.304398
0.281783
0.282188
0.277938
0.289065
0.276822
0.279371
0.274295
0.268244
0.280449
0.266999
0.272873
0.290587
0.272744
0.268274
0.268449
0.272514
0.264367
0.25055
0.244369
0.236495
0.227391
0.229472
0.221327
0.221682
0.231425
0.222825
0.228046
0.223607
0.194397
0.182704
0.191761
0.175585
0.181644
0.192869
0.18577
0.173683
0.17285
0.181266
0.180449
0.179623
0.182229
0.175298
0.181719
0.168952
0.187719
0.201919
0.202065
0.196347
0.198266
0.201539
0.205344
0.20915
0.220734
0.22061
0.220879
0.219902
0.221257
0.226831
0.223385
0.221284
0.214133
0.207068
0.20913
0.208621
0.201976
0.190038
0.194496
0.164523
0.164656
0.17765
0.183028
0.173955
0.175379
0.179372
0.196158
0.183332
0.157644
0.15149
0.180219
0.173089
0.168344
0.171986
0.166388
0.166158
0.157849
0.163257
0.173548
0.164056
0.147997
0.141619
0.14266
0.146899
0.140901
0.160666
0.144874
0.135911
0.145868
0.135814
0.128336
0.118332
0.131634
0.14908
0.157267
0.151051
0.149351
0.149594
0.161462
0.164663
0.171762
0.172848
0.172208
0.167625
0.179341
0.194223
0.193028
0.187018
0.170285
0.185368
0.200093
0.202686
0.201427
0.207054
0.203931
0.189987
0.200634
0.205594
0.202542
0.190405
0.178897
0.185515
0.191936
0.195987
0.206045
0.200472
0.207874
0.213318
0.211387
0.225329
0.238751
0.230515
0.22529
0.227254
0.223335
0.224956
0.219901
0.204519
0.194677
0.202358
0.187896
0.179736
0.18167
0.201489
0.202616
0.207438
0.189626
0.175305
0.162125
0.152431
0.155366
0.145368
0.15461
0.163196
0.17914
0.183875
0.179608
0.196181
0.203734
0.200772
0.197149
0.208698
0.198314
0.201599
0.225905
0.224095
0.219227
0.219603
0.211442
0.202257
0.210708
0.215267
0.229698
0.221793
0.222305
0.207709
0.213851
0.238715
0.235795
0.231397
0.225479
0.220435
0.225762
0.231348
0.230213
0.237959
0.233308
0.226825
0.239743
0.235452
0.24122
0.250005
0.264685
0.274889
0.274241
0.253058
0.263024
0.261484
0.25719
0.245097
0.253389
0.267805
0.267135
0.252042
0.27593
0.280713
0.2809
0.281264
0.253702
0.257375
0.250479
0.259524
0.258728
0.245447
0.257656
0.255617
0.255353
0.251207
0.253238
0.263753
0.247265
0.24301
0.240079
0.241162
0.244499
0.254082
0.261094
0.247188
0.2467
0.25451
0.239367
0.247532
0.244032
0.234143
0.230436
0.235412
0.260743
0.275447
0.275344
0.281348
0.279796
0.296169
0.29622
0.295676
0.289694
0.288993
0.299798
0.310105
0.308007
0.300964
0.30186
0.316307
0.316168
0.293619
0.288317
0.283085
0.288371
0.298696
0.297409
0.305481
0.323945
0.316468
0.302069
0.302832
0.280038
0.281692
0.262549
0.267604
0.2786
0.273463
0.276389
0.292526
0.285289
0.289057
0.288989
0.297758
0.293646
0.290773
0.289965
0.294082
0.32191
0.337189
0.336689
0.343109
0.329653
0.325396
0.318904
0.331242
0.333504
0.327779
0.324711
0.339297
0.331054
0.326104
0.317165
0.321323
0.327924
0.314795
0.305628
0.314465
0.295322
0.297809
0.288941
0.2968
0.282804
0.270448
0.251512
0.251231
0.245148
0.240506
0.251807
0.250043
0.256024
0.231452
0.21476
0.212271
0.233711
0.220597
0.228317
0.236768
0.223356
0.248716
0.227898
0.22258
0.23145
0.223806
0.243139
0.264857
0.279134
0.255702
0.262812
0.246357
0.255824
0.259667
0.258377
0.259219
0.247581
0.230694
0.253379
0.23414
0.235304
0.249258
0.260587
0.257074
0.265536
0.273869
0.263687
0.269838
0.265219
0.260957
0.260021
0.259344
0.257298
0.251916
0.236594
0.233992
0.245234
0.238977
0.259852
0.262586
0.270222
0.264904
0.259414
0.272497
0.262304
0.253493
0.254406
0.250845
0.265549
0.26312
0.278995
0.283174
0.302499
0.296452
0.298859
0.298548
0.30421
0.304547
0.312733
0.323747
0.324829
0.311603
0.329518
0.326095
0.327203
0.330257
0.331119
0.330305
0.329875
0.334205
0.321973
0.317117
0.318183
0.325533
0.320752
0.334942
0.337198
0.330458
0.335903
0.336899
0.331324
0.352253
0.347319
0.345079
0.335956
0.337924
0.328794
0.325753
0.341414
0.358796
0.360681
0.369817
0.376508
0.377967
0.383566
0.379122
0.370223
0.381965
0.379674
0.365965
0.364977
0.362336
0.361254
0.364083
0.377644
0.365936
0.371913
0.361498
0.383412
0.398984
0.40342
0.386883
0.382988
0.376639
0.37847
0.371777
0.363596
0.372149
0.360905
0.366159
0.377075
0.369932
0.378273
0.370738
0.362842
0.36973
0.376514
0.372264
0.384976
0.391404
0.386898
0.389482
0.374466
0.378803
0.370478
0.366361
0.35224
0.346014
0.334102
0.340001
0.328591
0.324715
0.316224
0.311222
0.331227
0.338513
0.349923
0.335108
0.349152
0.32899
0.321053
0.319257
0.334267
0.36306
0.365961
0.367139
0.361336
0.342934
0.352006
0.358485
0.363846
0.3526
0.344941
0.35892
0.353195
0.356833
0.353675
0.361261
0.362448
0.343296
0.326944
0.33949
0.327963
0.32507
0.341486
0.351075
0.335123
0.337642
0.348588
0.350542
0.353929
0.34387
0.348273
0.343571
0.346873
0.346074
0.337945
0.336574
0.337145
0.326624
0.31523
0.30183
0.290528
0.290373
0.317622
0.298677
0.299734
0.289791
0.305175
0.309193
0.296722
0.31009
0.28335
0.276726
0.286657
0.30006
0.303009
0.29304
0.289112
0.296524
0.289965
0.309836
0.290094
0.288179
0.281162
0.294225
0.318956
0.335511
0.345928
0.348948
0.348904
0.352719
0.324801
0.345646
0.347025
0.338941
0.350778
0.358624
0.357508
0.358634
0.343093
0.344676
0.345105
0.345276
0.336696
0.3487
0.35378
0.371652
0.392412
0.380389
0.389851
0.400567
0.408689
0.417657
0.429682
0.43659
0.446933
0.465924
0.454697
0.452807
0.462339
0.474154
0.481329
0.468012
0.466925
0.475704
0.48396
0.48895
0.506201
0.493431
0.49219
0.489786
0.496995
0.494316
0.496634
0.493307
0.485909
0.470918
0.480802
0.483939
0.502387
0.499795
0.49119
0.486755
0.498604
0.491015
0.49327
0.50089
0.49561
0.490619
0.487121
0.485264
0.486474
0.481882
0.483717
0.474478
0.48279
0.473914
0.485963
0.489793
0.489141
0.500612
0.486376
0.491314
0.481875
0.479692
0.485793
0.472585
0.466564
0.476348
0.492017
0.492623
0.498908
0.506978
0.510423
0.533245
0.53107
0.533204
0.536053
0.540961
0.554608
0.546098
0.538617
0.55382
0.555573
0.565479
0.584167
0.579486
0.600737
0.607991
0.618161
0.631914
0.636227
0.641922
0.635844
0.640884
0.63467
0.639336
0.660894
0.658076
0.649825
0.656964
0.650568
0.656094
0.656942
0.665815
0.676772
0.665987
0.666668
0.65381
0.66013
0.663049
0.655851
0.658655
0.688349
0.694414
0.721076
0.719729
0.714526
0.714262
0.703754
0.713494
0.698023
0.705669
0.715995
0.718984
0.716874
0.737223
0.736885
0.733883
0.725885
0.754534
0.744937
0.757284
0.752902
0.751424
0.747789
0.752666
0.765554
0.780894
0.775687
0.769782
0.768298
0.769134
0.783592
0.802476
0.824826
0.841179
0.846146
0.859637
0.855791
0.871318
0.868512
0.871361
0.875686
0.900399
0.900833
0.9095
0.910476
0.914288
0.930216
0.936099
0.945577
0.946367
0.962353
0.949352
0.951557
0.963096
0.950325
0.943128
0.943949
0.930055
0.933946
0.924033
0.918316
0.935592
0.927648
0.920605
0.905789
0.926717
0.910588
0.885441
0.87915
0.869939
0.844387
0.837414
0.81486
0.810692
0.817248
0.810732
0.82224
0.821159
0.807831
0.800998
0.793722
0.789308
0.812212
0.812239
0.807683
0.807826
0.802917
0.790146
0.801569
0.786574
0.764999
0.762467
0.767483
0.767127
0.748674
0.739604
0.734321
0.72855
0.722558
0.722258
0.708579
0.719449
0.713817
0.717464
0.703547
0.715471
0.716526
0.707314
0.711459
0.705022
0.724207
0.729614
0.734825
0.733159
0.738735
0.727906
0.708609
0.717477
0.698742
0.689978
0.69726
0.682655
0.680111
0.690224
0.69781
0.71356
0.69815
0.700519
0.689875
0.682101
0.68431
0.677062
0.676128
0.65096
0.650444
0.651677
0.632574
0.611024
0.582248
0.581284
0.594864
0.581384
0.586523
0.575113
0.556221
0.555654
0.52647
0.518178
0.509215
0.51769
0.518047
0.514962
0.521862
0.513747
0.491262
0.492815
0.479126
0.487356
0.468508
0.490499
0.518729
0.502118
0.504154
0.483731
0.50009
0.504341
0.488411
0.485669
0.469118
0.453565
0.465496
0.463187
0.478381
0.471618
0.463467
0.455684
0.43451
0.449966
0.448858
0.450486
0.443523
0.429935
0.411537
0.407132
0.420025
0.419666
0.410951
0.416964
0.414726
0.40265
0.401665
0.409738
0.382307
0.387724
0.374045
0.357648
0.373555
0.365434
0.368165
0.365879
0.372096
0.372436
0.38676
0.382181
0.363826
0.336257
0.336731
0.326149
0.316464
0.304132
0.290133
0.312917
0.320016
0.316579
0.333575
0.331061
0.321727
0.326079
0.327447
0.330879
0.34564
0.353415
0.338154
0.341835
0.346905
0.337239
0.351817
0.340687
0.34359
0.34693
0.34256
0.338172
0.339433
0.327784
0.328465
0.340207
0.342262
0.351146
0.345115
0.330656
0.331033
0.322909
0.316668
0.317996
0.325023
0.312429
0.302158
0.303999
0.28267
0.281483
0.29425
0.313133
0.28619
0.301559
0.293355
0.287182
0.284603
0.284767
0.28035
0.265189
0.278936
0.269782
0.247061
0.271534
0.291462
0.284665
0.282807
0.295001
0.282924
0.273054
0.274746
0.267583
0.261645
0.262526
0.262991
0.248457
0.254083
0.266527
0.267991
0.281097
0.282023
0.276588
0.271796
0.266533
0.241093
0.251265
0.283543
0.293735
0.292551
0.288889
0.279011
0.269358
0.291423
0.277664
0.263828
0.272838
0.268131
0.259772
0.241648
0.250784
0.246231
0.263205
0.26952
0.281521
0.2846
0.289572
0.287514
0.280532
0.281243
0.268372
0.264229
0.276429
0.291795
0.29645
0.293323
0.290976
0.272795
0.267144
0.264115
0.274658
0.270129
0.25943
0.265261
0.272657
0.274633
0.284382
0.286975
0.278661
0.273988
0.273289
0.287101
0.278395
0.291252
0.299074
0.321072
0.305625
0.309938
0.304918
0.304164
0.295015
0.299193
0.300377
0.299026
0.294501
0.300626
0.292503
0.294083
0.311275
0.322247
0.338047
0.356863
0.35487
0.336967
0.348011
0.345114
0.325908
0.330138
0.327642
0.344619
0.313675
0.322553
0.333414
0.3217
0.31925
0.309951
0.306371
0.320552
0.328247
0.333314
0.330552
0.329872
0.328802
0.335188
0.335441
0.321697
0.323659
0.340584
0.346418
0.333797
0.335228
0.332052
0.33168
0.324923
0.331187
0.319704
0.303121
0.304934
0.32706
0.309514
0.325293
0.353305
0.349127
0.348273
0.356663
0.336842
0.349101
0.348427
0.362243
0.373291
0.375088
0.376563
0.377138
0.374713
0.376985
0.367009
0.354575
0.354089
0.376314
0.360178
0.350882
0.352766
0.370747
0.361284
0.345446
0.357533
0.363687
0.370396
0.371537
0.351362
0.352536
0.362575
0.352839
0.3392
0.336757
0.322091
0.321668
0.323123
0.319362
0.302198
0.290198
0.296284
0.299139
0.305534
0.295425
0.299678
0.310863
0.307942
0.306187
0.303788
0.284603
0.273426
0.2753
0.273264
0.278097
0.29
0.292465
0.294117
0.283089
0.284427
0.299934
0.292763
0.285834
0.291809
0.302381
0.305893
0.322178
0.311505
0.31665
0.331607
0.331788
0.320835
0.327952
0.329604
0.34456
0.339056
0.335799
0.321972
0.317864
0.312812
0.32253
0.326274
0.32269
0.312424
0.312957
0.306742
0.299881
0.277833
0.26271
0.265228
0.274866
0.272993
0.288052
0.286923
0.291707
0.282872
0.260134
0.25298
0.248244
0.242614
0.235913
0.221814
0.217584
0.22335
0.245554
0.244257
0.244082
0.252783
0.240325
0.244958
0.233627
0.242269
0.241809
0.24447
