-2.03444
-1.99335
-1.97691
-2.02853
-2.02616
-2.00143
-1.99939
-1.96355
-1.92634
-1.90994
-1.87622
-1.85182
-1.81769
-1.7912
-1.80503
-1.83534
-1.82766
-1.83547
-1.83729
-1.84768
-1.83418
-1.82433
-1.83708
-1.82692
-1.81438
-1.7974
-1.80451
-1.79859
-1.79471
-1.80005
-1.77581
-1.75993
-1.74188
-1.7276
-1.72236
-1.69709
-1.69018
-1.67416
-1.68198
-1.66853
-1.69659
-1.65263
-1.6412
-1.62399
-1.64659
-1.63037
-1.61694
-1.61354
-1.6233
-1.60281
-1.58781
-1.58472
-1.53603
-1.54213
-1.53088
-1.49375
-1.48885
-1.50092
-1.5224
-1.50637
-1.47729
-1.47342
-1.46981
-1.46126
-1.45566
-1.43892
-1.43897
-1.44544
-1.45791
-1.47016
-1.45242
-1.44332
-1.43584
-1.41112
-1.39258
-1.38141
-1.38491
-1.38933
-1.37677
-1.37628
-1.37014
-1.39041
-1.38513
-1.38532
-1.39567
-1.38982
-1.38741
-1.38023
-1.38978
-1.38262
-1.38129
-1.39826
-1.37904
-1.37982
-1.39763
-1.40088
-1.39018
-1.40393
-1.42188
-1.42698
-1.45163
-1.4421
-1.43311
-1.4284
-1.43204
-1.4101
-1.38558
-1.3964
-1.42039
-1.43653
-1.43874
-1.44132
-1.44669
-1.45315
-1.45514
-1.44103
-1.45417
-1.47727
-1.47952
-1.48791
-1.51076
-1.50944
-1.50573
-1.53246
-1.539
-1.56118
-1.56569
-1.55605
-1.56918
-1.56525
-1.58614
-1.57981
-1.58467
-1.58628
-1.61104
-1.61773
-1.61317
-1.64669
-1.66587
-1.66328
-1.66288
-1.68146
-1.67775
-1.68871
-1.69275
-1.6733
-1.66046
-1.68485
-1.69693
-1.69796
-1.73454
-1.73849
-1.74727
-1.75299
-1.75289
-1.75643
-1.76354
-1.77616
-1.7923
-1.79967
-1.79861
-1.7853
-1.78254
-1.77925
-1.78237
-1.76963
-1.77686
-1.78703
-1.79116
-1.79347
-1.78252
-1.80549
-1.80956
-1.81326
-1.80438
-1.81119
-1.81207
-1.80184
-1.80216
-1.79068
-1.76528
-1.76882
-1.75531
-1.74903
-1.71658
-1.69221
-1.70095
-1.69074
-1.68217
-1.67731
-1.66532
-1.67187
-1.66475
-1.65512
-1.66333
-1.65489
-1.67441
-1.67319
-1.67795
-1.68319
-1.67434
-1.67363
-1.66202
-1.67589
-1.67314
-1.67389
-1.67516
-1.68407
-1.6893
-1.68589
-1.67742
-1.67959
-1.66533
-1.6626
-1.67475
-1.66138
-1.66996
-1.6526
-1.6615
-1.65652
-1.65651
-1.66385
-1.65295
-1.6482
-1.6442
-1.64436
-1.66646
-1.65184
-1.62762
-1.61006
-1.60334
-1.6051
-1.59644
-1.60506
-1.61163
-1.60346
-1.62232
-1.61552
-1.59539
-1.5785
-1.57131
-1.58502
-1.5789
-1.58088
-1.57509
-1.57069
-1.55009
-1.55622
-1.57791
-1.57312
-1.55888
-1.56553
-1.57306
-1.5627
-1.56528
-1.56768
-1.58668
-1.58179
-1.57225
-1.56661
-1.54511
-1.52965
-1.53163
-1.54189
-1.54268
-1.54761
-1.52967
-1.53919
-1.54425
-1.53304
-1.53356
-1.54042
-1.54289
-1.53442
-1.53225
-1.52427
-1.53599
-1.5403
-1.52354
-1.51719
-1.48405
-1.49127
-1.47968
-1.47318
-1.46166
-1.45231
-1.43813
-1.44034
-1.42727
-1.41639
-1.42074
-1.40569
-1.40032
-1.38893
-1.36092
-1.35059
-1.35103
-1.34331
-1.32278
-1.34268
-1.32502
-1.31059
-1.29991
-1.2904
-1.27764
-1.27624
-1.28645
-1.28653
-1.26994
-1.29435
-1.31209
-1.31816
-1.32259
-1.30685
-1.31792
-1.30156
-1.27783
-1.25829
-1.25154
-1.24622
-1.25475
-1.2585
-1.24966
-1.24038
-1.25023
-1.25715
-1.25387
-1.26143
-1.24867
-1.26421
-1.26259
-1.2637
-1.2527
-1.27342
-1.28572
-1.28321
-1.29947
-1.27873
-1.29267
-1.3099
-1.31116
-1.30799
-1.28731
-1.29839
-1.31863
-1.33096
-1.33772
-1.32782
-1.33905
-1.3529
-1.34912
-1.35751
-1.38287
-1.37625
-1.39239
-1.40704
-1.39739
-1.39389
-1.40401
-1.40044
-1.40304
-1.40188
-1.39005
-1.38719
-1.39433
-1.37639
-1.37681
-1.36207
-1.35246
-1.34556
-1.34953
-1.34623
-1.33794
-1.33141
-1.32026
-1.33352
-1.31922
-1.30585
-1.28604
-1.2915
-1.29923
-1.3123
-1.31934
-1.34009
-1.35742
-1.35116
-1.33084
-1.32374
-1.31528
-1.30737
-1.30373
-1.30871
-1.30494
-1.31508
-1.33872
-1.33724
-1.34628
-1.36694
-1.35996
-1.36191
-1.33931
-1.35067
-1.35106
-1.35929
-1.35992
-1.36865
-1.36498
-1.37545
-1.36924
-1.36848
-1.3594
-1.36391
-1.37303
-1.38807
-1.37012
-1.35187
-1.36064
-1.38035
-1.37765
-1.37692
-1.39973
-1.39922
-1.40588
-1.41143
-1.39806
-1.39908
-1.39997
-1.4094
-1.4084
-1.39908
-1.40675
-1.38179
-1.38273
-1.38939
-1.38186
-1.3953
-1.38567
-1.38396
-1.40412
-1.38231
-1.37158
-1.38883
-1.41496
-1.42353
-1.41818
-1.41652
-1.42187
-1.43
-1.43201
-1.43237
-1.44715
-1.44917
-1.44202
-1.4471
-1.45419
-1.42319
-1.44137
-1.47028
-1.48191
-1.4773
-1.46847
-1.4821
-1.47869
-1.47188
-1.47728
-1.4683
-1.48373
-1.49986
-1.50932
-1.5078
-1.5069
-1.49547
-1.50347
-1.50337
-1.49021
-1.47893
-1.5011
-1.51179
-1.51089
-1.52626
-1.52438
-1.53216
-1.53671
-1.51158
-1.52185
-1.51692
-1.51855
-1.53329
-1.54003
-1.55028
-1.54866
-1.53727
-1.53106
-1.53592
-1.54842
-1.55627
-1.55274
-1.55396
-1.57203
-1.5667
-1.57975
-1.59003
-1.63465
-1.64517
-1.64736
-1.66771
-1.67882
-1.69859
-1.71703
-1.73905
-1.77035
-1.76721
-1.77422
-1.80258
-1.78801
-1.79875
-1.80758
-1.79745
-1.79158
-1.79323
-1.7872
-1.79308
-1.77626
-1.77379
-1.76984
-1.75223
-1.763
-1.76591
-1.73409
-1.76015
-1.76539
-1.77006
-1.77502
-1.76737
-1.78129
-1.77396
-1.77866
-1.80756
-1.78728
-1.79419
-1.80072
-1.81777
-1.83302
-1.82722
-1.85561
-1.8615
-1.86743
-1.8776
-1.89236
-1.8715
-1.87748
-1.88217
-1.88477
-1.87955
-1.87881
-1.87421
-1.89582
-1.89482
-1.90064
-1.89538
-1.87679
-1.87728
-1.87789
-1.8562
-1.86543
-1.86665
-1.85056
-1.85721
-1.85489
-1.85468
-1.86203
-1.87352
-1.86751
-1.87517
-1.88285
-1.87411
-1.86246
-1.85905
-1.85693
-1.86807
-1.88176
-1.89191
-1.88946
-1.89916
-1.89457
-1.89657
-1.91498
-1.92478
-1.91317
-1.92887
-1.9376
-1.9383
-1.94555
-1.95702
-1.95639
-1.959
-1.96861
-1.9873
-1.98803
-1.9865
-1.97994
-1.97148
-1.95887
-1.93955
-1.91729
-1.89962
-1.90753
-1.90964
-1.92833
-1.94456
-1.93747
-1.94635
-1.96359
-1.98291
-1.9998
-2.0027
-1.98335
-1.97057
-1.95341
-1.94487
-1.93603
-1.95402
-1.95155
-1.93582
-1.92623
-1.93078
-1.93306
-1.94521
-1.93805
-1.92337
-1.92562
-1.91036
-1.91046
-1.89246
-1.8806
-1.88359
-1.86256
-1.85774
-1.86618
-1.85817
-1.86199
-1.86524
-1.85784
-1.85899
-1.86529
-1.86152
-1.85465
-1.84081
-1.84006
-1.84572
-1.83725
-1.83307
-1.83267
-1.81849
-1.81307
-1.80116
-1.81161
-1.81632
-1.78511
-1.78233
-1.76496
-1.7745
-1.76284
-1.77039
-1.77828
-1.78063
-1.77813
-1.77567
-1.78396
-1.8026
-1.79789
-1.81426
-1.81125
-1.80195
-1.79152
-1.79006
-1.80007
-1.79577
-1.80855
-1.80734
-1.79895
-1.78163
-1.77901
-1.76553
-1.74701
-1.73118
-1.72605
-1.72319
-1.69938
-1.69236
-1.69659
-1.68707
-1.67674
-1.66389
-1.6655
-1.66125
-1.66012
-1.64594
-1.6243
-1.61333
-1.6157
-1.59151
-1.58968
-1.58548
-1.59311
-1.59304
-1.58739
-1.59638
-1.59516
-1.62819
-1.63189
-1.6483
-1.6333
-1.61902
-1.61221
-1.60689
-1.61162
-1.60973
-1.58391
-1.57873
-1.58382
-1.59947
-1.60747
-1.58967
-1.60824
-1.60556
-1.57696
-1.57685
-1.58424
-1.5878
-1.5848
-1.60142
-1.60455
-1.60809
-1.61285
-1.59493
-1.58056
-1.57648
-1.58317
-1.58409
-1.6009
-1.59182
-1.58766
-1.59937
-1.59495
-1.59837
-1.61289
-1.60501
-1.58377
-1.58651
-1.58309
-1.58588
-1.58553
-1.57798
-1.5884
-1.58457
-1.59433
-1.59719
-1.61282
-1.60453
-1.59341
-1.57869
-1.59429
-1.61871
-1.59791
-1.61294
-1.59421
-1.6004
-1.58626
-1.56542
-1.56576
-1.56441
-1.56817
-1.56259
-1.5459
-1.55081
-1.55235
-1.53981
-1.53975
-1.52675
-1.52697
-1.5332
-1.52561
-1.52038
-1.52879
-1.52942
-1.5255
-1.52658
-1.5172
-1.50448
-1.50227
-1.49664
-1.50933
-1.51765
-1.51786
-1.52272
-1.50978
-1.51073
-1.50769
-1.49123
-1.49191
-1.47892
-1.4626
-1.46011
-1.46274
-1.47578
-1.46392
-1.46154
-1.46281
-1.46376
-1.46982
-1.49028
-1.49221
-1.47974
-1.46281
-1.45947
-1.46401
-1.45933
-1.46212
-1.46131
-1.45619
-1.47235
-1.45327
-1.44102
-1.44755
-1.4519
-1.46062
-1.4316
-1.44983
-1.41976
-1.39954
-1.40736
-1.40375
-1.40107
-1.40149
-1.41845
-1.43219
-1.41945
-1.41679
-1.40483
-1.38415
-1.3856
-1.39004
-1.38385
-1.38646
-1.37288
-1.37086
-1.37417
-1.37137
-1.36827
-1.35762
-1.36159
-1.35337
-1.37618
-1.36191
-1.37417
-1.38629
-1.38408
-1.39612
-1.39485
-1.39825
-1.38747
-1.36741
-1.35858
-1.34922
-1.34174
-1.30141
-1.30079
-1.30129
-1.31412
-1.32672
-1.32109
-1.32119
-1.29405
-1.30568
-1.28835
-1.2918
-1.26055
-1.27363
-1.26656
-1.27835
-1.29058
-1.29678
-1.27945
-1.28907
-1.29302
-1.3007
-1.29165
-1.29235
-1.28479
-1.27243
-1.25683
-1.24021
-1.22932
-1.22668
-1.21768
-1.19825
-1.18536
-1.17154
-1.16901
-1.15883
-1.15738
-1.17379
-1.14843
-1.14161
-1.13319
-1.12768
-1.09096
-1.08429
-1.08949
-1.09775
-1.09719
-1.09864
-1.11479
-1.10985
-1.11534
-1.12233
-1.11376
-1.1278
-1.11577
-1.11981
-1.13134
-1.1538
-1.15708
-1.165
-1.14582
-1.12192
-1.14775
-1.1403
-1.15148
-1.1612
-1.15069
-1.1542
-1.16245
-1.17184
-1.16119
-1.16231
-1.17518
-1.1748
-1.17649
-1.19549
-1.21211
-1.20911
-1.21948
-1.2441
-1.24559
-1.27211
-1.26371
-1.26774
-1.27252
-1.287
-1.28217
-1.27731
-1.28025
-1.27843
-1.27813
-1.29521
-1.30122
-1.29621
-1.30519
-1.29011
-1.29464
-1.28965
-1.29792
-1.29747
-1.29573
-1.29823
-1.30762
-1.30887
-1.31851
-1.3225
-1.33105
-1.32857
-1.34063
-1.33394
-1.33172
-1.34051
-1.32352
-1.34464
-1.36782
-1.37875
-1.37336
-1.37705
-1.3838
-1.36711
-1.36272
-1.36202
-1.37339
-1.39137
-1.38605
-1.39209
-1.39662
-1.40149
-1.41729
-1.42419
-1.44922
-1.44981
-1.45963
-1.5028
-1.49068
-1.50068
-1.50008
-1.52444
-1.53184
-1.51248
-1.51284
-1.51906
-1.51598
-1.52854
-1.53651
-1.55133
-1.56188
-1.55103
-1.57269
-1.5642
-1.54957
-1.52319
-1.5374
-1.52145
-1.50732
-1.50623
-1.50303
-1.51546
-1.49901
-1.49967
-1.48592
-1.48135
-1.48252
-1.48611
-1.50925
-1.50721
-1.53727
-1.54104
-1.54199
-1.54502
-1.51534
-1.5033
-1.5002
-1.51715
-1.50944
-1.49777
-1.49337
-1.48591
-1.5171
-1.52867
-1.49702
-1.4908
-1.48064
-1.47701
-1.46011
-1.46419
-1.48329
-1.48599
-1.4512
-1.44129
-1.4546
-1.44966
-1.47106
-1.44854
-1.4614
-1.47125
-1.46258
-1.46654
-1.49394
-1.47736
-1.50703
-1.52096
-1.5531
-1.55983
-1.55922
-1.54201
-1.55541
-1.56666
-1.57182
-1.5793
-1.59114
-1.58808
-1.58939
-1.54885
-1.5449
-1.54785
-1.54865
-1.54358
-1.54819
-1.5428
-1.53184
-1.55626
-1.53345
-1.49465
-1.48579
-1.48733
-1.45865
-1.47841
-1.48155
-1.4957
-1.50273
-1.50602
-1.48995
-1.49222
-1.49197
-1.49644
-1.50821
-1.50604
-1.51378
-1.49623
-1.52052
-1.50306
-1.52582
-1.52778
-1.52176
-1.52404
-1.52724
-1.52967
-1.52955
-1.5116
-1.51176
-1.4986
-1.49916
-1.51302
-1.50953
-1.51386
-1.51099
-1.50946
-1.52714
-1.53283
-1.53647
-1.50125
-1.52318
-1.53266
-1.52401
-1.54394
-1.53282
-1.55137
-1.55924
-1.57769
-1.59317
-1.58321
-1.58938
-1.60398
-1.63516
-1.63657
-1.63274
-1.65743
-1.64847
-1.65943
-1.64713
-1.64787
-1.65236
-1.64551
-1.66087
-1.66503
-1.63966
-1.63839
-1.62774
-1.62846
-1.6064
-1.58625
-1.59269
-1.57778
-1.56356
-1.56881
-1.57132
-1.57346
-1.58532
-1.57456
-1.55049
-1.55504
-1.55581
-1.54744
-1.54705
-1.54623
-1.55328
-1.54544
-1.55051
-1.53918
-1.54005
-1.55282
-1.5501
-1.55805
-1.53147
-1.54149
-1.52626
-1.50853
-1.48961
-1.48307
-1.44955
-1.4613
-1.46525
-1.47516
-1.48859
-1.48363
-1.48847
-1.49528
-1.50731
-1.5133
-1.51737
-1.51052
-1.52238
-1.53442
-1.53287
-1.52851
-1.52966
-1.51521
-1.53194
-1.52304
-1.52894
-1.53333
-1.53095
-1.53587
-1.52472
-1.52625
-1.51679
-1.53562
-1.52666
-1.5318
-1.51518
-1.52127
-1.5193
-1.53067
-1.52763
-1.53209
-1.55089
-1.55294
-1.56937
-1.57941
-1.60317
-1.61088
-1.61041
-1.61377
-1.61737
-1.62737
-1.64858
-1.62703
-1.61024
-1.58896
-1.61081
-1.61211
-1.62743
-1.62758
-1.64709
-1.64284
-1.65479
-1.6264
-1.63094
-1.62023
-1.60885
-1.60696
-1.62529
-1.63334
-1.62225
-1.64178
-1.63897
-1.64439
-1.6535
-1.67175
-1.67188
-1.69046
-1.67967
-1.68791
-1.70252
-1.71751
-1.76283
-1.78014
-1.76874
-1.74981
-1.75674
-1.76297
-1.77655
-1.79009
-1.80143
-1.82598
-1.83226
-1.835
-1.82852
-1.84033
-1.8282
-1.83012
-1.83102
-1.83304
-1.84613
-1.85545
-1.86921
-1.88683
-1.8637
-1.86322
-1.86856
-1.89668
-1.88844
-1.88888
-1.8987
-1.8858
-1.88675
-1.907
-1.90898
-1.92421
-1.937
-1.96531
-1.9507
-1.96201
-1.99319
-1.99544
-2.00851
-2.00267
-1.95765
-1.94461
-1.93323
-1.9536
-1.94442
-1.92319
-1.93131
-1.9255
-1.95191
-1.93609
-1.91322
-1.94429
-1.91469
-1.93079
-1.94079
-1.94486
-1.96758
-1.96938
-1.9546
-1.97469
-1.97866
-1.99274
-1.98705
-1.98848
-1.99382
-1.9824
-1.99419
-1.99799
-2.02259
-2.01802
-2.02196
-2.02665
-2.01156
-2.02139
-2.02903
-2.02864
-2.02464
-2.0348
-2.04752
-2.05124
-2.06113
-2.05533
-2.04681
-2.03497
-2.02932
-2.02697
-2.03526
-2.04746
-2.04386
-2.04109
-2.03309
-2.04013
-2.01403
-2.01178
-2.01724
-2.01303
-2.013
-2.00222
-2.00143
-2.007
-1.99528
-1.99208
-1.99524
-2.00374
-2.02493
-2.014
-2.03534
-2.05022
-2.04855
-2.04265
-2.03985
-2.00531
-2.00625
-2.00156
-1.99101
-1.97314
-1.96883
-1.96776
-1.95573
-1.95001
-1.9403
-1.92685
-1.93718
-1.94057
-1.9328
-1.92968
-1.92162
-1.9231
-1.92037
-1.91339
-1.92108
-1.91485
-1.93068
-1.92711
-1.93493
-1.93532
-1.92083
-1.90583
-1.91905
-1.91471
-1.91336
-1.89693
-1.90153
-1.90818
-1.90489
-1.9038
-1.90016
-1.88139
-1.88853
-1.9092
-1.90357
-1.90066
-1.90506
-1.9052
-1.90395
-1.92008
-1.92106
-1.93982
-1.9331
-1.94687
-1.93817
-1.92765
-1.91896
-1.91291
-1.90938
-1.93073
-1.92638
-1.93795
-1.90838
-1.92099
-1.93276
-1.90749
-1.90782
-1.91396
-1.91816
-1.90005
-1.90676
-1.93315
-1.9503
-1.95651
-1.94123
-1.94698
-1.93175
-1.94473
-1.9453
-1.93421
-1.9627
-1.96325
-1.95357
-1.96388
-1.95927
-1.94449
-1.94506
-1.95718
-1.98034
-1.99253
-1.97515
-1.96052
-1.94457
-1.95804
-1.95114
-1.96957
-1.97302
-1.96438
-1.97067
-1.97169
-1.95339
-1.9579
-1.95884
-1.94197
-1.95214
-1.95918
-1.95003
-1.93602
-1.89942
-1.89187
-1.90795
-1.92645
-1.92172
-1.92939
-1.92337
-1.91459
-1.91191
-1.9169
-1.90643
-1.90716
-1.90821
-1.90919
-1.89956
-1.90485
-1.89838
-1.89178
-1.90176
-1.9095
-1.90696
-1.88464
-1.8635
-1.85192
-1.83129
-1.83464
-1.82209
-1.8125
-1.8025
-1.80044
-1.80542
-1.81233
-1.83652
-1.84206
-1.81926
-1.79779
-1.78735
-1.79946
-1.79108
-1.80687
-1.8187
-1.804
-1.77122
-1.76288
-1.74238
-1.72571
-1.73441
-1.7303
-1.73677
-1.72681
-1.73143
-1.73842
-1.7205
-1.70557
-1.68057
-1.67514
-1.68262
-1.6728
-1.67632
-1.67585
-1.69855
-1.68348
-1.69859
-1.69273
-1.6904
-1.69471
-1.70487
-1.71507
-1.70187
-1.67479
-1.6762
-1.6911
-1.68102
-1.68367
-1.67673
-1.66343
-1.61767
-1.62678
-1.62358
-1.63082
-1.61148
-1.61969
-1.60336
-1.592
-1.61435
-1.61871
-1.58804
-1.59334
-1.58841
-1.5998
-1.57785
-1.56922
-1.55281
-1.53106
-1.54407
-1.52957
-1.53421
-1.52855
-1.5072
-1.50279
-1.50777
-1.47605
-1.46366
-1.4866
-1.48654
-1.47905
-1.49316
-1.47225
-1.45872
-1.48529
-1.48863
-1.47014
-1.44537
-1.43194
-1.43384
-1.42138
-1.43001
-1.42378
-1.40707
-1.39809
-1.38663
-1.35457
-1.35035
-1.3405
-1.36273
-1.37813
-1.36321
-1.36931
-1.34789
-1.34795
-1.3349
-1.31604
-1.31173
-1.318
-1.30297
-1.29064
-1.25393
-1.25675
-1.24565
-1.24737
-1.24168
-1.21413
-1.19363
-1.21123
-1.20913
-1.21837
-1.22628
-1.19024
-1.1765
-1.17073
-1.15264
-1.1418
-1.13711
-1.13018
-1.13073
-1.1282
-1.12542
-1.12744
-1.15255
-1.14687
-1.13701
-1.12173
-1.12451
-1.10619
-1.11687
-1.1373
-1.12227
-1.12899
-1.11737
-1.11494
-1.10395
-1.0808
-1.07109
-1.04644
-1.02822
-1.01505
-1.01979
-1.01261
-0.997618
-1.00352
-1.02237
-1.035
-1.03253
-1.00768
-1.01122
-1.00387
-1.01168
-1.01709
-1.00421
-0.99702
-1.00721
-1.02254
-1.03537
-1.04524
-1.04131
-1.05772
-1.04359
-1.04857
-1.04745
-1.05792
-1.05791
-1.04577
-1.04092
-1.03149
-1.03399
-1.03451
-1.03743
-1.04981
-1.05737
-1.0542
-1.04724
-1.056
-1.04984
-1.06589
-1.05914
-1.03999
-1.0275
-1.01599
-1.00132
-0.990194
-0.969673
-0.962124
-0.941408
-0.944238
-0.949962
-0.958864
-0.931995
-0.934489
-0.945292
-0.942684
-0.926504
-0.915292
-0.900931
-0.907438
-0.915069
-0.909141
-0.918513
-0.91491
-0.91576
-0.901933
-0.893485
-0.904958
-0.907547
-0.903306
-0.90467
-0.89285
-0.886862
-0.889634
-0.887863
-0.895356
-0.900607
-0.906181
-0.927419
-0.946285
-0.939842
-0.944076
-0.933662
-0.939984
-0.958142
-0.939512
-0.935923
-0.922792
-0.924301
-0.924598
-0.93573
-0.955521
-0.981197
-0.985033
-0.988103
-1.01936
-1.02988
-1.0248
-1.026
-1.03102
-1.01026
-1.03099
-1.01012
-1.02746
-1.03875
-1.03224
-1.04873
-1.03442
-1.03446
-1.01617
-1.0166
-1.0349
-1.05837
-1.05631
-1.06644
-1.07003
-1.06284
-1.05945
-1.05897
-1.06167
-1.05668
-1.05464
-1.04926
-1.05908
-1.03674
-1.04716
-1.05859
-1.07469
-1.09862
-1.11593
-1.12589
-1.13421
-1.14134
-1.15371
-1.13537
-1.13973
-1.14076
-1.14
-1.14595
-1.12259
-1.12926
-1.12787
-1.13147
-1.12386
-1.14515
-1.14812
-1.13904
-1.16075
-1.16327
-1.16165
-1.1728
-1.16288
-1.15655
-1.15098
-1.13958
-1.13101
-1.15231
-1.15218
-1.16356
-1.14544
-1.14863
-1.15546
-1.17313
-1.1925
-1.17687
-1.17489
-1.17945
-1.17907
-1.1725
-1.17283
-1.19068
-1.21554
-1.22988
-1.24931
-1.23892
-1.23141
-1.23963
-1.25985
-1.27072
-1.27338
-1.27893
-1.28151
-1.27827
-1.27053
-1.26957
-1.26473
-1.26986
-1.2599
-1.27213
-1.28953
-1.28899
-1.27207
-1.29498
-1.31108
-1.31403
-1.3052
-1.30611
-1.32236
-1.35609
-1.3441
-1.36321
-1.36209
-1.37636
-1.38847
-1.37268
-1.39403
-1.37528
-1.39477
-1.40707
-1.42378
-1.42838
-1.44719
-1.44663
-1.44245
-1.44624
-1.45537
-1.47793
-1.50496
-1.49174
-1.50137
-1.47977
-1.4717
-1.4747
-1.47138
-1.48733
-1.49354
-1.50063
-1.48969
-1.47882
-1.52259
-1.50632
-1.51098
-1.48567
-1.48209
-1.49222
-1.49206
-1.49331
-1.50166
-1.54575
-1.52938
-1.53112
-1.53894
-1.55476
-1.55522
-1.58232
-1.59184
-1.58556
-1.62539
-1.62112
-1.61216
-1.63877
-1.62178
-1.64609
-1.65796
-1.65506
-1.66386
-1.67504
-1.68904
-1.70203
-1.69614
-1.71568
-1.69795
-1.69587
-1.70158
-1.70971
-1.70096
-1.70726
-1.69365
-1.70139
-1.72124
-1.7174
-1.71457
-1.73896
-1.76729
-1.76433
-1.75514
-1.74493
-1.74191
-1.76174
-1.77857
-1.76434
-1.77569
-1.74675
-1.74193
-1.74104
-1.74367
-1.76794
-1.77592
-1.76934
-1.78725
-1.78688
-1.78629
-1.81765
-1.80336
-1.79485
-1.80507
-1.78602
-1.814
-1.78561
-1.77899
-1.7639
-1.77172
-1.8028
-1.8535
-1.88686
-1.867
-1.88808
-1.88105
-1.88108
-1.91418
-1.925
-1.91579
-1.92398
-1.93627
-1.93642
-1.93323
-1.94043
-1.92327
-1.92627
-1.94186
-1.94499
-1.95141
-1.95301
-1.94043
-1.9308
-1.94151
-1.95924
-1.97472
-1.98576
-2.00425
-1.99673
-2.02891
-2.00514
-1.99311
-2.02395
-2.00262
-2.01761
-1.99966
-2.01781
-2.03523
-2.03996
-2.05271
-2.07512
-2.09
-2.08887
-2.08755
-2.1273
-2.09716
-2.10644
-2.11042
-2.10845
-2.09845
-2.11151
-2.14514
-2.15731
-2.16591
-2.12519
-2.13607
-2.13174
-2.1488
-2.15276
-2.1648
-2.15775
-2.1693
-2.16385
-2.17671
-2.15841
-2.17807
-2.16578
-2.16922
-2.16078
-2.15893
-2.18979
-2.19837
-2.20186
-2.21383
-2.21031
-2.23726
-2.22701
-2.22643
-2.22369
-2.22544
-2.23702
-2.25073
-2.23844
-2.26441
-2.29009
-2.3072
-2.32378
-2.32137
-2.31318
-2.3198
-2.33676
-2.31811
-2.32566
-2.31915
-2.30914
-2.30466
-2.31726
-2.27793
-2.28702
-2.2919
-2.3037
-2.33135
-2.33255
-2.33372
-2.33872
-2.34226
-2.35641
-2.34507
-2.34499
-2.35486
-2.34714
-2.351
-2.35204
-2.35038
-2.34577
-2.37485
-2.3897
-2.3967
-2.39279
-2.40193
-2.42093
-2.41682
-2.42527
-2.43173
-2.44091
-2.44436
-2.45496
-2.44457
-2.45941
-2.47334
-2.48831
-2.47104
-2.46128
-2.43445
-2.44643
-2.43217
-2.44252
-2.44132
-2.45004
-2.44166
-2.45443
-2.46632
-2.44308
-2.4594
-2.46451
-2.45553
-2.45804
-2.44706
-2.43569
-2.4203
-2.42525
-2.41845
-2.41931
-2.43433
-2.43291
-2.4338
-2.44007
-2.43053
-2.43998
-2.43624
-2.44614
-2.43384
-2.44674
-2.43795
-2.42455
-2.41756
-2.41916
-2.41368
-2.40459
-2.39054
-2.38191
-2.40265
-2.41018
-2.39069
-2.41299
-2.41359
-2.41817
-2.39644
-2.387
-2.38085
-2.35393
-2.36685
-2.37042
-2.3446
-2.31936
-2.30674
-2.30326
-2.28976
-2.31123
-2.29711
-2.29043
-2.27144
-2.26686
-2.26608
-2.26805
-2.27368
-2.30661
-2.32195
-2.3343
-2.30955
-2.30776
-2.32132
-2.33976
-2.3339
-2.37924
-2.37623
-2.37835
-2.38902
-2.38399
-2.38086
-2.3806
-2.38491
-2.38279
-2.36177
-2.37679
-2.37825
-2.38702
-2.3538
-2.34534
-2.30293
-2.33081
-2.32757
-2.29644
-2.30507
-2.31992
-2.3114
-2.30874
-2.2844
-2.28025
-2.27094
-2.28348
-2.2913
-2.27116
-2.25803
-2.25459
-2.27558
-2.2774
-2.27177
-2.27
-2.25497
-2.25571
-2.25273
-2.26417
-2.26201
-2.24612
-2.23699
-2.23061
-2.24745
-2.23501
-2.2408
-2.21501
-2.19016
-2.21344
-2.22041
-2.18779
-2.18294
-2.17479
-2.15905
-2.18676
-2.18934
-2.19249
-2.15036
-2.15682
-2.14828
-2.12281
-2.11223
-2.14511
-2.12417
-2.11639
-2.1061
-2.10598
-2.09027
-2.06462
-2.0385
-2.03037
-2.00974
-2.01775
-2.06897
-2.05951
-2.05835
-2.07511
-2.06738
-2.07954
-2.08034
-2.05526
-2.02145
-2.08674
-2.10121
-2.11332
-2.12355
-2.09065
-2.06605
-2.06955
-2.08767
-2.09182
-2.07435
-2.07386
-2.0609
-2.04656
-2.07382
-2.07707
-2.06125
-2.09459
-2.06754
-2.07347
-2.0739
-2.05223
-2.02992
-2.0377
-2.02877
-1.99737
-1.97375
-1.95447
-1.91424
-1.89893
-1.9301
-1.91258
-1.91796
-1.89311
-1.8913
-1.88236
-1.90572
-1.93439
-1.94017
-1.95719
-1.97805
-2.01515
-1.99013
-1.99049
-1.9969
-2.00795
-2.02147
-1.99522
-2.0083
-2.0039
-2.01908
-2.01443
-1.99793
-2.02172
-2.04089
-2.07042
-2.0681
-2.06107
-2.07567
-2.07186
-2.09156
-2.08992
-2.12083
-2.13112
-2.12844
-2.09609
-2.04681
-2.04842
-2.07716
-2.05027
-2.09759
-2.07554
-2.07972
-2.06298
-2.09011
-2.05668
-2.05554
-2.07804
-2.07944
-2.08416
-2.10955
-2.11721
-2.12425
-2.06616
-2.084
-2.08571
-2.11735
-2.1015
-2.08727
-2.08966
-2.09281
-2.03928
-2.00588
-2.01184
-2.01514
-1.9998
-2.02667
-1.98111
-1.96986
-1.97773
-1.91365
-1.91208
-1.84329
-1.83573
-1.83951
-1.85087
-1.85855
-1.84396
-1.88306
-1.88407
-1.88382
-1.85974
-1.83455
-1.85603
-1.83117
-1.83074
-1.77393
-1.76651
-1.78034
-1.7648
-1.79153
-1.79126
-1.77749
-1.80535
-1.81583
-1.78337
-1.79343
-1.76448
-1.76958
-1.81712
-1.81015
-1.78736
-1.77285
-1.75419
-1.75588
-1.80335
-1.80575
-1.84428
-1.85593
-1.85577
-1.92313
-1.93096
-1.97365
-1.92063
-1.91533
-1.8593
-1.86462
-1.85981
-1.83305
-1.76845
-1.74797
-1.74238
-1.78401
-1.72912
-1.76059
-1.81332
-1.82332
-1.79003
-1.84141
-1.78648
-1.74689
-1.77282
-1.79826
-1.8301
-1.84579
-1.89354
-1.91183
-1.93035
-1.9531
-1.89622
-1.91061
-1.90343
-1.89255
-1.89322
-1.86133
-1.86698
-1.94606
-1.92974
-1.92978
-1.90267
-1.88349
-1.90674
-1.88996
-1.91969
-1.91971
-1.95556
-1.94779
-1.95979
-1.9702
-1.94536
-1.95301
-1.97059
-1.94843
-1.93994
-1.99213
-1.99508
-1.98906
-1.97939
-1.99665
-1.98407
-1.99282
-1.9928
-2.00483
-2.01165
-1.98351
-1.97565
-1.94013
-1.90573
-1.91482
-1.89714
-1.96092
-2.01575
-2.04714
-1.9924
-1.99684
-1.96672
-1.97331
-1.96329
-1.96567
-2.02559
-2.00409
-2.00281
-2.04944
-2.01327
-2.07285
-2.1162
-2.05485
-2.02377
-2.017
-1.97274
-1.94719
-1.88396
-1.89713
-1.90297
-1.93499
-1.94746
-1.97402
-1.95662
-1.92649
-1.96259
-1.96237
-1.95333
-1.91757
-1.9537
-1.97232
-1.94747
-1.86522
-1.85518
-1.86975
-1.8221
-1.83736
-1.81926
-1.84587
-1.83823
-1.76837
-1.75076
-1.77308
-1.78335
-1.75679
-1.73076
-1.80932
-1.76667
-1.74895
-1.77839
-1.77996
-1.82369
-1.87159
-1.88678
-1.88463
-1.88142
-1.87043
-1.90809
-1.89864
-1.80558
-1.81869
-1.78324
-1.74284
-1.76622
-1.75536
-1.75367
-1.72634
-1.69258
-1.68828
-1.68725
-1.68341
-1.65164
-1.6343
-1.66293
-1.65956
-1.68066
-1.67289
-1.69685
-1.74726
-1.75025
-1.79203
-1.83498
-1.82411
-1.86331
-1.87665
-1.90037
-1.91678
-1.89883
-1.88958
-1.89145
-1.90439
-1.88093
-1.89751
-1.94011
-1.91384
-1.91314
-1.87893
-1.8216
-1.8466
-1.80602
-1.82666
-1.80316
-1.79473
-1.73152
-1.76164
-1.79407
-1.78928
-1.84584
-1.83458
-1.77344
-1.78253
-1.78219
-1.82512
-1.80506
-1.83329
-1.86272
-1.89757
-1.88542
-1.89614
-1.91383
-1.87402
-1.83857
-1.82351
-1.84983
-1.78606
-1.78862
-1.81912
-1.82354
-1.79066
-1.78153
-1.79454
-1.78726
-1.78839
-1.8161
-1.85333
-1.8917
-1.92736
-1.93962
-1.97667
-1.99689
-1.96899
-1.87324
-1.82907
-1.80293
-1.78953
-1.74018
-1.733
-1.70992
-1.67245
-1.59582
-1.5715
-1.54393
-1.54136
-1.51618
-1.48392
-1.38469
-1.4142
-1.41221
-1.40406
-1.39039
-1.37811
-1.30907
-1.33814
-1.37689
-1.38301
-1.38854
-1.36455
-1.41146
-1.42278
-1.37478
-1.36685
-1.40309
-1.39677
-1.40733
-1.38038
-1.33148
-1.28958
-1.30011
-1.28978
-1.28181
-1.23315
-1.29541
-1.29155
-1.25945
-1.24654
-1.22733
-1.1977
-1.18316
-1.13218
-1.07459
-1.05843
-1.06068
-1.05131
-1.08064
-1.09236
-1.04793
-1.05729
-1.02973
-1.01404
-1.02205
-1.02418
-1.04927
-1.05654
-1.06457
-1.082
-1.03045
-1.0616
-1.02217
-1.04627
-1.06299
-0.990014
-1.02116
-1.07637
-1.04907
-0.987037
-0.964703
-1.0102
-0.974073
-1.00659
-1.01192
-1.02739
-1.00245
-0.989901
-1.06849
-0.987298
-0.981081
-0.916636
-0.877357
-0.85955
-0.849138
-0.797344
-0.837502
-0.736897
-0.69973
-0.697266
-0.678228
-0.767698
-0.740509
-0.68652
-0.663794
-0.650241
-0.645999
-0.649609
-0.670437
-0.69548
-0.672949
-0.633807
-0.647388
-0.634031
-0.647972
-0.639612
-0.631639
-0.645066
-0.633998
-0.622152
-0.640141
-0.613829
-0.586621
-0.577047
-0.566979
-0.538365
-0.569645
-0.617875
-0.584059
-0.502386
-0.550798
-0.575671
-0.557883
-0.542347
-0.512232
-0.50376
-0.499528
-0.548064
-0.573642
-0.554769
-0.53692
-0.57582
-0.644148
-0.659928
-0.704788
-0.732409
-0.708128
-0.665168
-0.657493
-0.670372
-0.69849
-0.70097
-0.639753
-0.641022
-0.656126
-0.637945
-0.570399
-0.543273
-0.556962
-0.582914
-0.57827
-0.586215
-0.599969
-0.554416
-0.500764
-0.553867
-0.527554
-0.530889
-0.501585
-0.518337
-0.488146
-0.539136
-0.51726
-0.499871
-0.526048
-0.514035
-0.513414
-0.525009
-0.515918
-0.46244
-0.472503
-0.469576
-0.492002
-0.496359
-0.467812
-0.479637
-0.488165
-0.487296
-0.408204
-0.41307
-0.418037
-0.381372
-0.387763
-0.38568
-0.357902
-0.371277
-0.352966
-0.363988
-0.340064
-0.357617
-0.374013
-0.354169
-0.326384
-0.33117
-0.303404
-0.295952
-0.31458
-0.351768
-0.372672
-0.379661
-0.38667
-0.405698
-0.423074
-0.430777
-0.437236
-0.415026
-0.38451
-0.383471
-0.42463
-0.428165
-0.461397
-0.458346
-0.494326
-0.572017
-0.558459
-0.555021
-0.563448
-0.566296
-0.593681
-0.605599
-0.584249
-0.593847
-0.579135
-0.566477
-0.595908
-0.586187
-0.580208
-0.538935
-0.580907
-0.551661
-0.54827
-0.542893
-0.523072
-0.494684
-0.475554
-0.509126
-0.478763
-0.444068
-0.477948
-0.504565
-0.538663
-0.527414
-0.557282
-0.562911
-0.583939
-0.571938
-0.565099
-0.580765
-0.611553
-0.612488
-0.620053
-0.636507
-0.653039
-0.657096
-0.705496
-0.676421
-0.652744
-0.669479
-0.694294
-0.659546
-0.62656
-0.677634
-0.672742
-0.676726
-0.673497
-0.699593
-0.719438
-0.717883
-0.775174
-0.755614
-0.738404
-0.752085
-0.805414
-0.761074
-0.736228
-0.748489
-0.754068
-0.756332
-0.779437
-0.774315
-0.787349
-0.789009
-0.784345
-0.801115
-0.805292
-0.791115
-0.794254
-0.796236
-0.807312
-0.806164
-0.831315
-0.815316
-0.831334
-0.839409
-0.840386
-0.840803
-0.810285
-0.833486
-0.806285
-0.783422
-0.751601
-0.750183
-0.754578
-0.73543
-0.731219
-0.751479
-0.750189
-0.755744
-0.74617
-0.734809
-0.700587
-0.707968
-0.751202
-0.760285
-0.749225
-0.725445
-0.727534
-0.695895
-0.685619
-0.714191
-0.718114
-0.719948
-0.726266
-0.724594
-0.701993
-0.709677
-0.683476
-0.699873
-0.698294
-0.702487
-0.687074
-0.688583
-0.696649
-0.707867
-0.696822
-0.690972
-0.692951
-0.701282
-0.694027
-0.72413
-0.723683
-0.719238
-0.729836
-0.720584
-0.701663
-0.733101
-0.729695
-0.710344
-0.712083
-0.701023
-0.694641
-0.713576
-0.725593
-0.722969
-0.712411
-0.725856
-0.728152
-0.722959
-0.707829
-0.709924
-0.694745
-0.72181
-0.717501
-0.688532
-0.68049
-0.675626
-0.653661
-0.654526
-0.658387
-0.655344
-0.658776
-0.660916
-0.672198
-0.688914
-0.671032
-0.669933
-0.666513
-0.657505
-0.66537
-0.673655
-0.679392
-0.674671
-0.665925
-0.674866
-0.677013
-0.694792
-0.675208
-0.669491
-0.675269
-0.70798
-0.690906
-0.732415
-0.748409
-0.768839
-0.785848
-0.792045
-0.804952
-0.819378
-0.824313
-0.813798
-0.824671
-0.832952
-0.831122
-0.858352
-0.863953
-0.875888
-0.881116
-0.898248
-0.886387
-0.874859
-0.909787
-0.913669
-0.919016
-0.905552
-0.911798
-0.925482
-0.933678
-0.939651
-0.962606
-0.971491
-0.976791
-0.995688
-0.992207
-1.00559
-1.01753
-1.008
-1.0105
-0.996464
-0.998126
-0.996517
-0.997116
-1.00093
-1.01622
-1.03552
-1.0426
-1.05603
-1.06315
-1.05469
-1.06834
-1.05924
-1.06522
-1.06903
-1.08251
-1.09182
-1.09047
-1.11517
-1.1422
-1.15876
-1.17751
-1.15616
-1.18417
-1.20238
-1.19907
-1.20654
-1.20765
-1.1933
-1.19629
-1.21952
-1.21874
-1.20998
-1.22528
-1.2306
-1.21301
-1.22299
-1.21194
-1.19347
-1.19421
-1.15949
-1.16864
-1.16111
-1.18147
-1.14599
-1.14969
-1.15107
-1.12943
-1.13739
-1.1616
-1.19409
-1.22315
-1.2418
-1.24731
-1.2374
-1.21576
-1.19871
-1.18022
-1.17697
-1.19293
-1.20277
-1.19813
-1.14805
-1.14323
-1.16398
-1.15468
-1.15209
-1.13027
-1.10787
-1.10314
-1.11365
-1.13607
-1.12623
-1.11785
-1.10015
-1.11819
-1.10641
-1.13096
-1.10994
-1.09469
-1.09356
-1.10709
-1.11101
-1.08767
-1.10947
-1.10135
-1.08908
-1.07305
-1.08324
-1.07549
-1.0928
-1.08379
-1.09503
-1.10284
-1.11902
-1.12555
-1.13399
-1.122
-1.12955
-1.14705
-1.18392
-1.22235
-1.24886
-1.26499
-1.27271
-1.28988
-1.30825
-1.30011
-1.32467
-1.32037
-1.34604
-1.35686
-1.37127
-1.40389
-1.41486
-1.42713
-1.4184
-1.39073
-1.39004
-1.3863
-1.35926
-1.3457
-1.36521
-1.39604
-1.40702
-1.4136
-1.40053
-1.4048
-1.38944
-1.37906
-1.37698
-1.37581
-1.3497
-1.35526
-1.37315
-1.41339
-1.40974
-1.40958
-1.39498
-1.43957
-1.43903
-1.45039
-1.48103
-1.49098
-1.45519
-1.45044
-1.48843
-1.51464
-1.53778
-1.54492
-1.51771
-1.51862
-1.52328
-1.55229
-1.59985
-1.59936
-1.60208
-1.62126
-1.60924
-1.60843
-1.6059
-1.58762
-1.60136
-1.59709
-1.60095
-1.62516
-1.66513
-1.70148
-1.69543
-1.67226
-1.66082
-1.6806
-1.70964
-1.69554
-1.72383
-1.74797
-1.77786
-1.79682
-1.8013
-1.80084
-1.80701
-1.81415
-1.82273
-1.81281
-1.85127
-1.8606
-1.84603
-1.82803
-1.81785
-1.8029
-1.78431
-1.80202
-1.78778
-1.79747
-1.80304
-1.83938
-1.85892
-1.84211
-1.8457
-1.8341
-1.8355
-1.80923
-1.80689
-1.8137
-1.82694
-1.82136
-1.83218
-1.84294
-1.82896
-1.81242
-1.80813
-1.80573
-1.80383
-1.79122
-1.79716
-1.81108
-1.79653
-1.81508
-1.76972
-1.78808
-1.77549
-1.76838
-1.76493
-1.76201
-1.74624
-1.77616
-1.80104
-1.81415
-1.85098
-1.8706
-1.89674
-1.88728
-1.90005
-1.89959
-1.91216
-1.92677
-1.93278
-1.93544
-1.9318
-1.91962
-1.93699
-1.94037
-1.93939
-1.94371
-1.93427
-1.95378
-1.95632
-1.93549
-1.93768
-1.93096
-1.91817
-1.8929
-1.87439
-1.86077
-1.84466
-1.86379
-1.88672
-1.87596
-1.87314
-1.89786
-1.89508
-1.92226
-1.93652
-1.93035
-1.96227
-1.96132
-1.95759
-1.95268
-1.95554
-1.96734
-1.98346
-1.98014
-2.00258
-2.00635
-1.99913
-2.01342
-2.00486
-1.99815
-1.98785
-2.00507
-2.01868
-2.02539
-2.04764
-2.04394
-2.07231
-2.07871
-2.10194
-2.08118
-2.09442
-2.11367
-2.09208
-2.0796
-2.08717
-2.08336
-2.08982
-2.08988
-2.06973
-2.08443
-2.08229
-2.05891
-2.05163
-2.03507
-2.02685
-2.03535
-2.05394
-2.0286
-2.00262
-1.9731
-1.96124
-1.95293
-1.97607
-1.99764
-2.0154
-2.01987
-2.03412
-2.00964
-1.98548
-2.00446
-2.00911
-2.0027
-1.98975
-1.97783
-1.98256
-1.95425
-1.94504
-1.94739
-1.9388
-1.92473
-1.9526
-1.96082
-1.95778
-1.9642
-1.99187
-1.99935
-2.02565
-2.03434
-2.04504
-2.06046
-2.06408
-2.06078
-2.10445
-2.10199
-2.12661
-2.13215
-2.13468
-2.14402
-2.13859
-2.1397
-2.14754
-2.13204
-2.11403
-2.08408
-2.11172
-2.11938
-2.12483
-2.13993
-2.13929
-2.13157
-2.10934
-2.11854
-2.11115
-2.10749
-2.1221
-2.13436
-2.11389
-2.08941
-2.09615
-2.08676
-2.09887
-2.12195
-2.11625
-2.13497
-2.12482
-2.1283
-2.13259
-2.14799
-2.14938
-2.16248
-2.17597
-2.17579
-2.19573
-2.20231
-2.20249
-2.20739
-2.21132
-2.19853
-2.20736
-2.20256
-2.21532
-2.20604
-2.20297
-2.19274
-2.19089
-2.18799
-2.18495
-2.18127
-2.18271
-2.15615
-2.15329
-2.15211
-2.13711
-2.14321
-2.15228
-2.14649
-2.13645
-2.14509
-2.12913
-2.14463
-2.12945
-2.12565
-2.13453
-2.12387
-2.11654
-2.11025
-2.11938
-2.12977
-2.13442
-2.13933
-2.14572
-2.14202
-2.14364
-2.13093
-2.12818
-2.1284
-2.12069
-2.12332
-2.10937
-2.12961
-2.12534
-2.11547
-2.09888
-2.07422
-2.06897
-2.05959
-2.05418
-2.05443
-2.04118
-2.03268
-2.04785
-2.05077
-2.03032
-2.04466
-2.04308
-2.0478
-2.03826
-2.04423
-2.0473
-2.04191
-2.05524
-2.05157
-2.00839
-1.98731
-1.97461
-1.99416
-1.98727
-1.9658
-1.95486
-1.95913
-1.96725
-1.95436
-1.96341
-1.9541
-1.94326
-1.94527
-1.9436
-1.93438
-1.9297
-1.92733
-1.91931
-1.91467
-1.91221
-1.90964
-1.89255
-1.86704
-1.82996
-1.83298
-1.82551
-1.80627
-1.78381
-1.77472
-1.78927
-1.77525
-1.77026
-1.77771
-1.7773
-1.75856
-1.74102
-1.75158
-1.74785
-1.75843
-1.75062
-1.7356
-1.72719
-1.72636
-1.70148
-1.70736
-1.69503
-1.67708
-1.65297
-1.66986
-1.67245
-1.65927
-1.64616
-1.62989
-1.62181
-1.63431
-1.61751
-1.62083
-1.62066
-1.61841
-1.61636
-1.61226
-1.59549
-1.57686
-1.55957
-1.55602
-1.56338
-1.54549
-1.54298
-1.56055
-1.56031
-1.55562
-1.55899
-1.54334
-1.51061
-1.51049
-1.50225
-1.50738
-1.4736
-1.44891
-1.42327
-1.42247
-1.42551
-1.421
-1.42651
-1.45507
-1.44978
-1.44683
-1.43741
-1.41036
-1.41336
-1.37633
-1.3568
-1.34795
-1.35463
-1.36601
-1.37097
-1.35404
-1.36269
-1.34697
-1.34439
-1.33827
-1.33498
-1.34245
-1.34627
-1.31407
-1.31944
-1.31997
-1.30011
-1.32179
-1.32482
-1.31176
-1.30922
-1.31867
-1.31366
-1.30975
-1.30142
-1.30306
-1.30703
-1.31799
-1.30645
-1.29787
-1.28039
-1.27217
-1.25706
-1.23249
-1.23334
-1.22253
-1.21281
-1.20762
-1.19871
-1.1972
-1.19318
-1.18271
-1.18426
-1.20251
-1.20822
-1.1909
-1.15896
-1.16555
-1.14194
-1.13222
-1.17599
-1.19103
-1.20265
-1.18552
-1.16639
-1.16755
-1.16921
-1.16797
-1.14539
-1.15531
-1.15334
-1.15885
-1.13343
-1.1388
-1.12282
-1.1223
-1.12831
-1.16412
-1.15456
-1.14595
-1.14136
-1.1365
-1.16111
-1.17564
-1.16479
-1.17031
-1.16144
-1.15761
-1.14344
-1.1353
-1.12207
-1.12364
-1.14462
-1.14435
-1.15655
-1.13696
-1.12159
-1.11403
-1.12025
-1.09758
-1.10045
-1.08697
-1.08691
-1.0657
-1.04058
-1.063
-1.04575
-1.03673
-1.03891
-1.03129
-1.03065
-1.03412
-1.05162
-1.06142
-1.05146
-1.04788
-1.03618
-1.03151
-1.02204
-1.01631
-0.995511
-0.983362
-0.96948
-0.96812
-0.96161
-0.953478
-0.970907
-0.976086
-0.946984
-0.962831
-0.96372
-0.970716
-0.967983
-0.951621
-0.95359
-0.960101
-0.976676
-0.966784
-0.959771
-0.952414
-0.958996
-0.971744
-0.987368
-0.99741
-0.994827
-1.01479
-1.03187
-1.04618
-1.06132
-1.07163
-1.07589
-1.0974
-1.11961
-1.12884
-1.1345
-1.13299
-1.16501
-1.15257
-1.15948
-1.16023
-1.17291
-1.17362
-1.17183
-1.19164
-1.20389
-1.21515
-1.20332
-1.18989
-1.20129
-1.21188
-1.22196
-1.21219
-1.22878
-1.24498
-1.26395
-1.27419
-1.27062
-1.28029
-1.28742
-1.28926
-1.27341
-1.27636
-1.2675
-1.28428
-1.29466
-1.29712
-1.29929
-1.31034
-1.3142
-1.33585
-1.34339
-1.36024
-1.3484
-1.3436
-1.35792
-1.37206
-1.37708
-1.3536
-1.35716
-1.35496
-1.33967
-1.3313
-1.35662
-1.37146
-1.3775
-1.36146
-1.34529
-1.35945
-1.35902
-1.37066
-1.37919
-1.37579
-1.39158
-1.40437
-1.404
-1.43269
-1.43998
-1.44313
-1.46883
-1.47076
-1.48624
-1.46447
-1.48948
-1.47639
-1.48855
-1.49349
-1.51681
-1.55305
-1.56831
-1.58004
-1.59571
-1.60466
-1.61776
-1.59711
-1.57686
-1.60446
-1.59703
-1.5934
-1.59649
-1.59507
-1.58743
-1.59359
-1.59928
-1.61511
-1.60551
-1.62288
-1.60509
-1.59787
-1.61949
-1.6137
-1.62765
-1.63719
-1.66392
-1.66225
-1.66744
-1.6798
-1.69336
-1.70894
-1.73012
-1.73572
-1.75578
-1.73222
-1.74909
-1.75225
-1.72119
-1.7033
-1.70708
-1.69654
-1.72282
-1.73139
-1.75891
-1.74961
-1.7644
-1.76844
-1.75099
-1.74402
-1.75578
-1.75228
-1.76192
-1.76718
-1.78101
-1.78232
-1.79003
-1.76558
-1.80414
-1.79429
-1.79813
-1.80787
-1.82568
-1.84567
-1.85596
-1.85561
-1.86239
-1.83559
-1.84933
-1.84045
-1.84032
-1.83779
-1.82508
-1.83502
-1.8413
-1.85241
-1.84921
-1.84184
-1.85668
-1.85952
-1.87143
-1.86776
-1.87378
-1.87073
-1.88999
-1.8915
-1.90533
-1.90348
-1.91157
-1.91914
-1.92172
-1.91298
-1.91099
-1.90276
-1.89542
-1.90674
-1.89533
-1.89757
-1.91368
-1.908
-1.90258
-1.91462
-1.90119
-1.89207
-1.90065
-1.91369
-1.91554
-1.91547
-1.92499
-1.94562
-1.94172
-1.95657
-1.96065
-1.98004
-1.98366
-1.96644
-1.95975
-1.96811
-1.9627
-1.96384
-1.96922
-1.98334
-1.98787
-1.97963
-1.98582
-1.97468
-1.94737
-1.93925
-1.95062
-1.94414
-1.94898
-1.95842
-1.96419
-1.96845
-1.96815
-1.97527
-1.97662
-1.97157
-1.97684
-1.97527
-1.98706
-1.98759
-2.01185
-2.01362
-1.99905
-1.99738
-2.0114
-2.00932
-1.99626
-1.99317
-1.99151
-1.99439
-1.99306
-1.99017
-1.98554
-1.9734
-1.96559
-1.95995
-1.94062
-1.93288
-1.92915
-1.92988
-1.91569
-1.91879
-1.89383
-1.88374
-1.90315
-1.88862
-1.88346
-1.89834
-1.88456
-1.87132
-1.863
-1.86026
-1.86447
-1.84817
-1.84263
-1.83287
-1.83294
-1.83149
-1.84816
-1.8569
-1.86871
-1.85585
-1.87501
-1.87086
-1.86734
-1.84779
-1.85276
-1.83878
-1.83199
-1.83428
-1.82016
-1.80979
-1.78931
-1.79809
-1.79334
-1.77323
-1.78259
-1.77262
-1.77127
-1.75912
-1.75817
-1.76369
-1.77663
-1.77342
-1.76804
-1.76779
-1.77647
-1.79181
-1.79539
-1.81011
-1.79644
-1.78763
-1.78639
-1.77674
-1.77298
-1.77071
-1.78974
-1.76829
-1.76284
-1.76215
-1.76191
-1.76591
-1.76141
-1.76618
-1.75285
-1.73842
-1.74202
-1.75523
-1.77133
-1.75561
-1.73898
-1.77313
-1.76791
-1.77152
-1.77748
-1.78541
-1.78942
-1.80093
-1.81631
-1.80956
-1.80238
-1.78407
-1.76924
-1.76228
-1.74795
-1.77105
-1.76442
-1.75371
-1.75972
-1.74681
-1.74112
-1.74649
-1.77426
-1.74969
-1.72027
-1.69079
-1.6794
-1.65574
-1.642
-1.63822
-1.62057
-1.60511
-1.60024
-1.6043
-1.61031
-1.62935
-1.60931
-1.58583
-1.56959
-1.55395
-1.5389
-1.51806
-1.51287
-1.49971
-1.50835
-1.50689
-1.48805
-1.47613
-1.47091
-1.44655
-1.4524
-1.45464
-1.43729
-1.43769
-1.45465
-1.44825
-1.4398
-1.43329
-1.4232
-1.42606
-1.4066
-1.37325
-1.35506
-1.35621
-1.35519
-1.342
-1.32206
-1.31507
-1.31321
-1.29735
-1.30075
-1.2728
-1.29477
-1.28349
-1.27267
-1.28551
-1.29483
-1.28944
-1.2981
-1.28336
-1.26588
-1.25932
-1.25861
-1.24831
-1.23472
-1.22593
-1.23095
-1.24299
-1.24183
-1.2299
-1.22735
-1.2174
-1.21649
-1.22054
-1.21106
-1.21991
-1.2121
-1.23007
-1.22644
-1.23738
-1.25757
-1.27202
-1.25978
-1.2668
-1.25858
-1.24634
-1.24515
-1.24879
-1.24036
-1.24152
-1.25007
-1.26513
-1.26786
-1.27917
-1.26468
-1.26522
-1.2542
-1.26519
-1.27003
-1.26866
-1.26889
-1.27617
-1.27463
-1.28093
-1.27451
-1.25812
-1.24955
-1.24176
-1.23167
-1.23175
-1.24369
-1.23568
-1.24927
-1.23998
-1.22827
-1.22237
-1.21719
-1.21231
-1.2032
-1.19684
-1.1809
-1.16674
-1.15678
-1.16707
-1.15138
-1.15503
-1.17197
-1.18139
-1.16848
-1.17158
-1.16515
-1.15465
-1.13972
-1.1396
-1.11736
-1.11712
-1.11924
-1.11609
-1.12805
-1.15244
-1.15633
-1.15763
-1.15542
-1.15053
-1.16026
-1.16899
-1.16621
-1.1757
-1.19262
-1.19826
-1.20106
-1.19013
-1.19858
-1.19988
-1.21841
-1.22428
-1.1972
-1.20672
-1.20379
-1.21685
-1.22252
-1.24291
-1.23161
-1.2379
-1.25049
-1.25418
-1.22852
-1.22467
-1.23294
-1.2319
-1.22039
-1.24221
-1.24501
-1.25089
-1.24615
-1.24726
-1.2577
-1.26788
-1.25961
-1.27663
-1.28933
-1.27902
-1.29732
-1.28566
-1.3049
-1.31342
-1.3158
-1.31323
-1.31792
-1.31696
-1.32459
-1.31861
-1.33559
-1.33237
-1.33541
-1.3388
-1.32962
-1.32839
-1.32522
-1.32913
-1.32145
-1.31049
-1.30797
-1.30985
-1.30344
-1.31049
-1.31602
-1.29725
-1.30765
-1.31926
-1.3119
-1.30744
-1.30216
-1.29079
-1.28727
-1.27706
-1.27933
-1.27756
-1.30144
-1.28973
-1.2962
-1.29265
-1.2975
-1.29836
-1.30454
-1.3036
-1.29811
-1.307
-1.3094
-1.3081
-1.30491
-1.28644
-1.28502
-1.2856
-1.29271
-1.30865
-1.30279
-1.31323
-1.32423
-1.3193
-1.3438
-1.34985
-1.35883
-1.35287
-1.37454
-1.38237
-1.38047
-1.39562
-1.38682
-1.39516
-1.39647
-1.39284
-1.4079
-1.41099
-1.41363
-1.40839
-1.41705
-1.42886
-1.4358
-1.44747
-1.45923
-1.45319
-1.48806
-1.46328
-1.45557
-1.47119
-1.46747
-1.46322
-1.45908
-1.44893
-1.44165
-1.45272
-1.44893
-1.43501
-1.45819
-1.47628
-1.46058
-1.46337
-1.47012
-1.47063
-1.47035
-1.47709
-1.5012
-1.49514
-1.50051
-1.48857
-1.49767
-1.49892
-1.4923
-1.499
-1.49864
-1.50552
-1.49065
-1.47399
-1.49715
-1.49817
-1.51003
-1.51229
-1.52434
-1.5309
-1.55554
-1.55251
-1.54322
-1.55153
-1.55756
-1.56481
-1.57433
-1.57227
-1.54945
-1.5662
-1.58608
-1.58912
-1.59653
-1.60267
-1.59537
-1.6003
-1.60241
-1.60298
-1.62356
-1.64254
-1.65244
-1.6476
-1.64657
-1.64097
-1.61897
-1.61511
-1.61499
-1.62034
-1.6325
-1.64409
-1.66487
-1.66853
-1.65734
-1.65156
-1.62898
-1.63482
-1.6577
-1.64507
-1.62265
-1.62955
-1.645
-1.6492
-1.67519
-1.65719
-1.67998
-1.66626
-1.66594
-1.6646
-1.67541
-1.67587
-1.71146
-1.73127
-1.70394
-1.6858
-1.67493
-1.66906
-1.64719
-1.64999
-1.65804
-1.64682
-1.65854
-1.66628
-1.66736
-1.6571
-1.65307
-1.64387
-1.64213
-1.62148
-1.63577
-1.64377
-1.62737
-1.60366
-1.60864
-1.65005
-1.66559
-1.66908
-1.68991
-1.70479
-1.68184
-1.64233
-1.63656
-1.63108
-1.67371
-1.66502
-1.66931
-1.64984
-1.64946
-1.64782
-1.66021
-1.68094
-1.68629
-1.69847
-1.72719
-1.78973
-1.79215
-1.79676
-1.78929
-1.79393
-1.79877
-1.83304
-1.82299
-1.82567
-1.85691
-1.85676
-1.8761
-1.89764
-1.90065
-1.90644
-1.91056
-1.93477
-1.94792
-1.94994
-1.98571
-1.96754
-1.97605
-1.99121
-1.97279
-1.97266
-1.98683
-1.94838
-1.97083
-1.97637
-1.95561
-1.97304
-1.97293
-1.99258
-2.00916
-1.99388
-1.99812
-2.03192
-2.01544
-2.02172
-2.01362
-2.01596
-2.01923
-2.02513
-2.01085
-2.01827
-2.003
-2.00838
-2.01111
-2.0211
-2.02902
-2.05199
-2.04815
-2.04391
-2.05299
-2.04703
-2.05064
-2.06418
-2.07669
-2.07941
-2.085
-2.09684
-2.10432
-2.10815
-2.12122
-2.12763
-2.13591
-2.13079
-2.1316
-2.12387
-2.11979
-2.12258
-2.11857
-2.12627
-2.12525
-2.13815
-2.13831
-2.14804
-2.13985
-2.131
-2.12715
-2.13897
-2.14042
-2.14039
-2.15354
-2.15681
-2.16756
-2.17507
-2.15564
-2.17454
-2.15591
-2.14304
-2.14731
-2.14246
-2.13837
-2.14283
-2.14012
-2.1347
-2.14146
-2.13085
-2.13801
-2.15834
-2.14059
-2.11226
-2.10553
-2.09753
-2.09656
-2.08551
-2.08873
-2.08879
-2.0835
-2.08672
-2.07715
-2.07279
-2.0611
-2.06545
-2.08286
-2.08564
-2.07574
-2.06425
-2.0506
-2.02297
-1.99655
-1.98903
-1.97245
-1.96517
-1.9778
-1.97891
-1.9742
-1.95751
-1.94874
-1.94282
-1.94428
-1.94884
-1.96402
-1.96517
-1.97226
-1.97571
-1.96133
-1.95733
-1.94455
-1.94297
-1.94542
-1.96093
-1.95897
-1.95553
-1.9287
-1.91954
-1.92368
-1.92395
-1.90854
-1.91981
-1.91658
-1.91685
-1.90603
-1.90025
-1.88797
-1.88651
-1.88721
-1.89705
-1.90383
-1.90157
-1.89765
-1.89517
-1.89118
-1.86939
-1.86925
-1.85213
-1.86298
-1.85176
-1.85214
-1.8505
-1.86236
-1.87006
-1.87104
-1.88291
-1.8868
-1.87273
-1.87409
-1.88652
-1.89348
-1.88748
-1.88557
-1.87668
-1.87729
-1.87407
-1.86831
-1.87292
-1.85308
-1.85963
-1.85286
-1.85739
-1.84289
-1.84627
-1.84313
-1.86402
-1.85525
-1.84242
-1.86256
-1.86715
-1.86076
-1.86657
-1.84564
-1.85054
-1.84447
-1.83429
-1.82159
-1.82722
-1.84629
-1.842
-1.83679
-1.83477
-1.82687
-1.81432
-1.79896
-1.8038
-1.79674
-1.79186
-1.7959
-1.79077
-1.79218
-1.79094
-1.79567
-1.77899
-1.75419
-1.72219
-1.72978
-1.74746
-1.77163
-1.77374
-1.80185
-1.76878
-1.76439
-1.77631
-1.76716
-1.79212
-1.79953
-1.78325
-1.77597
-1.78676
-1.79579
-1.78753
-1.81621
-1.81307
-1.80776
-1.78845
-1.76884
-1.74985
-1.74067
-1.72583
-1.69853
-1.70639
-1.71894
-1.69863
-1.68691
-1.67493
-1.67215
-1.67169
-1.666
-1.66933
-1.68211
-1.67055
-1.66538
-1.66857
-1.68023
-1.68037
-1.67614
-1.69805
-1.67735
-1.67299
-1.67491
-1.65642
-1.65347
-1.64739
-1.63604
-1.65291
-1.65526
-1.64335
-1.63958
-1.61637
-1.61707
-1.6216
-1.62411
-1.5943
-1.59778
-1.58953
-1.59242
-1.60084
-1.59363
-1.60543
-1.57435
-1.56529
-1.53666
-1.53195
-1.51692
-1.51226
-1.50174
-1.48109
-1.48942
-1.47703
-1.45804
-1.45531
-1.44271
-1.43632
-1.43004
-1.43166
-1.45058
-1.44243
-1.4466
-1.4338
-1.43829
-1.43851
-1.42135
-1.43182
-1.43759
-1.44079
-1.42352
-1.42528
-1.43008
-1.40655
-1.40147
-1.37222
-1.35609
-1.34638
-1.34029
-1.33588
-1.34848
-1.34684
-1.33042
-1.32893
-1.29698
-1.30269
-1.3148
-1.32814
-1.31045
-1.3214
-1.31195
-1.30909
-1.30261
-1.27582
-1.27401
-1.28254
-1.26902
-1.26063
-1.25197
-1.23432
-1.27085
-1.26243
-1.27687
-1.25517
-1.24623
-1.2624
-1.24382
-1.2099
-1.22124
-1.2073
-1.17312
-1.14255
-1.12102
-1.10916
-1.07869
-1.07197
-1.07191
-1.07658
-1.05614
-1.04991
-1.03956
-1.04607
-1.03282
-1.02979
-1.01344
-1.03531
-1.04132
-1.03697
-1.04868
-1.05683
-1.03765
-1.04796
-1.04399
-1.02614
-1.01319
-0.992041
-1.01105
-1.01989
-1.02083
-0.994836
-0.99646
-0.992119
-1.0017
-1.00029
-1.00502
-0.983017
-0.992578
-0.992371
-0.967469
-0.956155
-0.956833
-0.979475
-0.986008
-0.975091
-0.984343
-0.977081
-0.949545
-0.928055
-0.919743
-0.909644
-0.908378
-0.86494
-0.864914
-0.861122
-0.855502
-0.836884
-0.84808
-0.852996
-0.846931
-0.843804
-0.815464
-0.826786
-0.836348
-0.823862
-0.84
-0.851297
-0.845051
-0.850961
-0.843988
-0.830861
-0.815567
-0.821117
-0.818061
-0.80859
-0.799348
-0.798442
-0.783607
-0.786019
-0.764105
-0.762117
-0.747355
-0.768377
-0.769929
-0.765324
-0.771471
-0.784155
-0.780432
-0.763219
-0.75909
-0.757366
-0.774835
-0.787695
-0.77418
-0.771204
-0.792403
-0.791255
-0.800698
-0.813978
-0.829356
-0.834096
-0.832668
-0.824637
-0.821044
-0.843295
-0.825259
-0.830608
-0.848519
-0.855092
-0.840237
-0.844897
-0.851729
-0.840941
-0.84474
-0.846483
-0.846414
-0.840444
-0.833307
-0.816463
-0.81347
-0.846094
-0.846095
-0.838139
-0.829471
-0.850103
-0.840481
-0.859666
-0.862619
-0.854836
-0.832937
-0.84342
-0.83959
-0.852334
-0.873765
-0.857909
-0.863692
-0.83966
-0.863625
-0.869676
-0.869629
-0.85101
-0.832534
-0.842038
-0.842772
-0.872091
-0.860244
-0.846384
-0.845111
-0.835938
-0.840776
-0.837141
-0.83408
-0.844843
-0.848041
-0.867179
-0.873771
-0.893261
-0.900817
-0.892418
-0.913537
-0.929294
-0.922046
-0.920907
-0.928196
-0.894117
-0.869361
-0.864696
-0.853284
-0.845667
-0.846369
-0.844958
-0.834012
-0.853123
-0.868879
-0.868265
-0.840355
-0.827583
-0.825501
-0.812135
-0.82725
-0.838604
-0.842382
-0.862416
-0.840099
-0.841598
-0.854245
-0.824238
-0.863024
-0.865011
-0.867915
-0.859623
-0.851132
-0.867805
-0.88598
-0.90383
-0.913393
-0.921787
-0.946905
-0.929667
-0.921559
-0.949646
-0.932862
-0.914289
-0.926964
-0.945645
-0.980562
-0.985605
-0.979756
-1.00341
-1.00149
-1.00255
-1.01315
-0.99441
-0.972638
-0.953529
-0.946094
-0.939534
-0.91347
-0.887436
-0.873412
-0.889743
-0.866811
-0.901439
-0.888683
-0.906061
-0.896313
-0.89248
-0.924504
-0.948254
-0.949279
-0.959715
-1.00957
-1.01884
-1.04075
-1.04351
-1.04883
-1.00838
-1.00491
-0.981592
-0.995632
-0.982689
-0.995599
-0.987243
-0.956248
-0.962314
-0.977905
-0.982983
-0.987247
-1.0016
-1.01837
-1.02328
-1.03434
-1.04095
-1.03914
-1.05765
-1.07096
-1.06179
-1.05214
-1.04277
-1.02301
-1.03861
-1.04
-1.04306
-1.04449
-1.01981
-1.02332
-1.00119
-1.02321
-1.06009
-1.02182
-0.979629
-0.965881
-0.970468
-0.985272
-0.938804
-0.951063
-0.925822
-0.949002
-0.952474
-0.96208
-0.993045
-1.034
-1.04038
-1.04921
-1.02686
-1.03352
-1.01981
-1.02788
-1.01339
-1.02675
-1.03411
-1.06487
-1.096
-1.12456
-1.10508
-1.12636
-1.12004
-1.12405
-1.11076
-1.07923
-1.11218
-1.12203
-1.16093
-1.1453
-1.13911
-1.15358
-1.13943
-1.17644
-1.21771
-1.23058
-1.24404
-1.23938
-1.26021
-1.26081
-1.25428
-1.26511
-1.25837
-1.24351
-1.18943
-1.22491
-1.18665
-1.19532
-1.22626
-1.23212
-1.224
-1.25777
-1.22816
-1.24646
-1.24326
-1.25548
-1.28084
-1.27944
-1.28092
-1.22688
-1.22122
-1.22035
-1.20817
-1.20345
-1.21997
-1.21368
-1.2237
-1.25283
-1.25613
-1.24727
-1.27025
-1.26298
-1.23459
-1.28534
-1.26782
-1.26246
-1.32458
-1.31815
-1.33121
-1.32608
-1.3593
-1.36383
-1.38637
-1.37509
-1.35268
-1.37885
-1.40433
-1.39018
-1.38135
-1.39646
-1.4201
-1.4181
-1.4092
-1.407
-1.38289
-1.37658
-1.37929
-1.40164
-1.43587
-1.44631
-1.4109
-1.39719
-1.41948
-1.43391
-1.46457
-1.51965
-1.5331
-1.5821
-1.5812
-1.54779
-1.51491
-1.53563
-1.52427
-1.52448
-1.54196
-1.57452
-1.54334
-1.5734
-1.59793
-1.65471
-1.70784
-1.81162
-1.82924
-1.85693
-1.87184
-1.89511
-1.87492
-1.87588
-1.90613
-1.9073
-1.86259
-1.86588
-1.92972
-1.91987
-1.90175
-1.82971
-1.84669
-1.88496
-1.87739
-1.87557
-1.85138
-1.8844
-1.91467
-1.91372
-1.93006
-1.9183
-1.90984
-1.8976
-1.85388
-1.8273
-1.82794
-1.80405
-1.7578
-1.73297
-1.72375
-1.67344
-1.64863
-1.71289
-1.67662
-1.67423
-1.65844
-1.70267
-1.68957
-1.73933
-1.73255
-1.7668
-1.7523
-1.77449
-1.74072
-1.71661
-1.79317
-1.797
-1.85083
-1.83518
-1.79765
-1.79013
-1.81076
-1.75543
-1.71711
-1.7217
-1.7084
-1.74325
-1.69994
-1.69719
-1.7071
-1.73413
-1.7401
-1.73305
-1.71114
-1.73428
-1.74464
-1.74011
-1.74363
-1.73462
-1.69522
-1.6901
-1.6757
-1.68362
-1.66052
-1.71925
-1.72994
-1.75263
-1.82332
-1.82265
-1.86805
-1.87283
-1.86724
-1.91681
-1.93736
-1.95451
-1.92989
-2.01201
-2.00068
-1.97237
-2.01225
-2.0298
-2.01566
-2.04894
-2.03975
-2.05576
-2.04679
-2.08048
-2.07679
-2.11952
-2.0839
-2.12449
-2.15369
-2.15169
-2.16892
-2.16433
-2.16503
-2.20538
-2.19019
-2.15913
-2.15648
-2.17857
-2.16537
-2.1378
-2.08308
-2.13119
-2.11985
-2.09418
-2.13827
-2.1185
-2.10152
-2.12838
-2.12769
-2.1349
-2.13182
-2.12101
-2.14907
-2.16482
-2.13669
-2.11066
-2.08531
-2.07217
-2.02371
-1.97293
-1.99184
-1.99628
-1.99759
-2.01724
-2.03521
-2.02221
-1.99737
-1.98482
-1.98679
-1.98171
-1.96809
-1.96308
-1.97551
-2.00407
-2.0175
-2.06078
-2.06051
-2.05914
-2.05263
-2.02092
-2.05711
-2.06023
-2.03716
-2.03462
-2.04789
-2.07343
-2.08567
-2.07654
-2.07447
-2.1024
-2.07734
-2.07806
-2.06651
-2.05994
-2.02937
-2.0418
-2.0134
-2.01923
-2.00648
-2.04935
-2.0003
-1.98778
-1.99167
-1.96627
-1.92358
-1.91488
-1.97597
-2.01739
-2.00286
-2.04427
-2.0906
-2.06824
-2.09466
-2.08236
-2.0786
-2.11132
-2.10409
-2.13602
-2.12363
-2.12464
-2.11826
-2.09258
-2.06969
-2.07469
-2.11973
-2.14114
-2.14751
-2.16968
-2.1867
-2.17899
-2.21288
-2.22607
-2.21165
-2.20022
-2.18614
-2.15563
-2.18515
-2.19434
-2.20298
-2.20406
-2.19403
-2.20823
-2.18869
-2.17588
-2.16218
-2.16121
-2.18126
-2.21335
-2.20075
-2.18221
-2.17114
-2.16887
-2.18132
-2.2052
-2.18999
-2.19543
-2.19797
-2.21243
-2.21786
-2.23308
-2.20448
-2.19922
-2.21623
-2.24475
-2.24965
-2.24907
-2.25006
-2.24841
-2.23613
-2.24728
-2.26578
-2.29091
-2.30523
-2.31217
-2.31622
-2.31966
-2.31177
-2.32367
-2.33508
-2.35621
-2.36641
-2.37854
-2.4111
-2.40118
-2.41166
-2.42491
-2.40124
-2.40366
-2.36962
-2.40483
-2.38955
-2.40262
-2.3873
-2.40396
-2.41332
-2.40388
-2.40405
-2.41321
-2.44099
-2.42773
-2.43395
-2.41588
-2.41921
-2.43411
-2.44437
-2.44319
-2.43874
-2.42909
-2.44719
-2.46245
-2.44404
-2.43207
-2.41811
-2.42375
-2.46121
-2.47378
-2.43071
-2.41549
-2.41515
-2.41324
-2.43259
-2.44087
-2.43482
-2.44266
-2.44176
-2.42522
-2.42167
-2.42685
-2.42178
-2.44839
-2.44657
-2.42483
-2.40495
-2.39838
-2.38429
-2.38121
-2.39158
-2.38863
-2.39348
-2.39067
-2.41536
-2.40422
-2.43107
-2.42734
-2.41354
-2.41322
-2.39829
-2.3906
-2.37968
-2.39271
-2.38787
-2.38966
-2.38764
-2.3821
-2.40167
-2.40281
-2.4023
-2.42234
-2.41306
-2.42479
-2.40868
-2.42082
-2.43219
-2.42608
-2.42233
-2.43005
-2.4298
-2.41422
-2.40182
-2.38756
-2.39822
-2.38251
-2.38652
-2.40573
-2.39772
-2.40594
-2.42371
-2.41179
-2.41253
-2.41009
-2.40912
-2.39853
-2.36665
-2.36892
-2.35636
-2.36648
-2.36254
-2.36471
-2.36323
-2.36016
-2.3313
-2.357
-2.35451
-2.35387
-2.34317
-2.35609
-2.35231
-2.35533
-2.35524
-2.36092
-2.37323
-2.38028
-2.39855
-2.42431
-2.40566
-2.39642
-2.37783
-2.37605
-2.40181
-2.38628
-2.39084
-2.39419
-2.40263
-2.38511
-2.38265
-2.38805
-2.37214
-2.35665
-2.357
-2.36656
-2.37621
-2.37542
-2.37626
-2.38619
-2.39962
-2.38377
-2.39801
-2.37956
-2.38322
-2.39305
-2.39722
-2.39931
-2.39769
-2.40671
-2.38751
-2.40915
-2.40935
-2.42353
-2.39793
-2.38942
-2.37104
-2.38383
-2.40268
-2.40667
-2.40046
-2.40015
-2.40011
-2.37482
-2.37513
-2.37157
-2.36633
-2.3975
-2.37735
-2.34116
-2.34385
-2.34746
-2.34542
-2.3434
-2.40095
-2.4123
-2.41038
-2.38042
-2.35899
-2.36278
-2.36236
-2.3617
-2.35964
-2.33859
-2.35442
-2.3804
-2.38484
-2.36148
-2.37243
-2.38087
-2.40814
-2.42466
-2.41145
-2.42262
-2.42167
-2.42512
-2.42821
-2.41242
-2.4001
-2.39969
-2.41058
-2.43219
-2.44417
-2.47833
-2.46816
-2.45475
-2.44246
-2.46419
-2.48059
-2.4812
-2.47802
-2.45072
-2.44313
-2.45031
-2.44021
-2.43365
-2.41508
-2.43233
-2.42149
-2.45775
-2.46354
-2.48728
-2.47566
-2.51109
-2.51441
-2.54863
-2.55844
-2.54822
-2.56239
-2.58116
-2.56685
-2.5706
-2.58575
-2.5885
-2.61679
-2.6407
-2.64962
-2.62364
-2.58249
-2.57764
-2.60383
-2.59012
-2.53984
-2.57099
-2.58296
-2.56509
-2.55643
-2.55099
-2.5441
-2.53615
-2.50496
-2.49794
-2.52126
-2.57162
-2.58793
-2.56605
-2.5842
-2.55245
-2.56083
-2.57621
-2.56044
-2.548
-2.53828
-2.56416
-2.58291
-2.53059
-2.51145
-2.5001
-2.51393
-2.51549
-2.4969
-2.5013
-2.51026
-2.5285
-2.51014
-2.49448
-2.46579
-2.4189
-2.43003
-2.40832
-2.40763
-2.38247
-2.37625
-2.33169
-2.33982
-2.37246
-2.33929
-2.33005
-2.2954
-2.34525
-2.32319
-2.33635
-2.35027
-2.36149
-2.31403
-2.29586
-2.30209
-2.30467
-2.24309
-2.27061
-2.25892
-2.27432
-2.33106
-2.32594
-2.32566
-2.31025
-2.30455
-2.24778
-2.21567
-2.22643
-2.19803
-2.1805
-2.16628
-2.21867
-2.21636
-2.16206
-2.12336
-2.12368
-2.10237
-2.07479
-2.04013
-2.02428
-2.024
-2.03382
-2.02545
-1.99782
-1.99566
-1.993
-1.99058
-1.96023
-2.00286
-1.97402
-1.90394
-1.8874
-1.84059
-1.86925
-1.86993
-1.82006
-1.81901
-1.79514
-1.79657
-1.80481
-1.82253
-1.82256
-1.8492
-1.84063
-1.8365
-1.80921
-1.83904
-1.85615
-1.86997
-1.8494
-1.85988
-1.89236
-1.86313
-1.88724
-1.85936
-1.85167
-1.8714
-1.90952
-1.90226
-1.85917
-1.85807
-1.85483
-1.86161
-1.84861
-1.81816
-1.82027
-1.82772
-1.83561
-1.80269
-1.80901
-1.74656
-1.74525
-1.71871
-1.71933
-1.69037
-1.75001
-1.73154
-1.71188
-1.73843
-1.7077
-1.6503
-1.64073
-1.65318
-1.65749
-1.63026
-1.62052
-1.61167
-1.6288
-1.61547
-1.60084
-1.59094
-1.65768
-1.59875
-1.5698
-1.53828
-1.55855
-1.57356
-1.58083
-1.59061
-1.59399
-1.61246
-1.55427
-1.61564
-1.60506
-1.59167
-1.60444
-1.61038
-1.63245
-1.60147
-1.59544
-1.5531
-1.57821
-1.53728
-1.50489
-1.52182
-1.58893
-1.57281
-1.56911
-1.52628
-1.4815
-1.47293
-1.41971
-1.38735
-1.38784
-1.35571
-1.39504
-1.44059
-1.40521
-1.42786
-1.43759
-1.44862
-1.46009
-1.41574
-1.40976
-1.39088
-1.36338
-1.36567
-1.39236
-1.37487
-1.3986
-1.39017
-1.46296
-1.49009
-1.48065
-1.47065
-1.49844
-1.50844
-1.46971
-1.49235
-1.49814
-1.48515
-1.49218
-1.45534
-1.4729
-1.46676
-1.42139
-1.41242
-1.44936
-1.46211
-1.47431
-1.45558
-1.46235
-1.43209
-1.4087
-1.38563
-1.37623
-1.34149
-1.3414
-1.37927
-1.37307
-1.38995
-1.3478
-1.30533
-1.30291
-1.29362
-1.24744
-1.22636
-1.23038
-1.27814
-1.26325
-1.26191
-1.27062
-1.25217
-1.29873
-1.28641
-1.25604
-1.28862
-1.33082
-1.32417
-1.31691
-1.26619
-1.2962
-1.28458
-1.29612
-1.28119
-1.31175
-1.22824
-1.24703
-1.23707
-1.19208
-1.16357
-1.14942
-1.18213
-1.21019
-1.2224
-1.21367
-1.18419
-1.19803
-1.21298
-1.18272
-1.09874
-1.12022
-1.12057
-1.11445
-1.13468
-1.11623
-1.11562
-1.13174
-1.12503
-1.13327
-1.16671
-1.19053
-1.18002
-1.18584
-1.11915
-1.13185
-1.12182
-1.10279
-1.0549
-1.01236
-0.997779
-0.971196
-0.957578
-0.9161
-0.952897
-0.939539
-0.964477
-0.963171
-0.998129
-1.02895
-0.985701
-0.990124
-0.939833
-0.905629
-0.936592
-0.97204
-0.966799
-1.04233
-0.996402
-0.941998
-0.987962
-0.983294
-0.971541
-0.943829
-0.890236
-0.881538
-0.894999
-0.886972
-0.901729
-0.892003
-0.828695
-0.805969
-0.798087
-0.799592
-0.823958
-0.811645
-0.794746
-0.807882
-0.815804
-0.77552
-0.763521
-0.816656
-0.807338
-0.767948
-0.761736
-0.782525
-0.776416
-0.774361
-0.805584
-0.781044
-0.779009
-0.74526
-0.769051
-0.717188
-0.728601
-0.771132
-0.80426
-0.813256
-0.811556
-0.840798
-0.808731
-0.820366
-0.821135
-0.785153
-0.788034
-0.823235
-0.812067
-0.758093
-0.807167
-0.763051
-0.797179
-0.815273
-0.882465
-0.876978
-0.828954
-0.838165
-0.813298
-0.857083
-0.88626
-0.882333
-0.878488
-0.827811
-0.787726
-0.762816
-0.714387
-0.769181
-0.782604
-0.806493
-0.796487
-0.748075
-0.720513
-0.735989
-0.682805
-0.652008
-0.610217
-0.675358
-0.637578
-0.648739
-0.623897
-0.63945
-0.627901
-0.629446
-0.618987
-0.614472
-0.582073
-0.568936
-0.560112
-0.576155
-0.593639
-0.585706
-0.588212
-0.59788
-0.569471
-0.591071
-0.590903
-0.569571
-0.549646
-0.533603
-0.553161
-0.564125
-0.590826
-0.622097
-0.647059
-0.677242
-0.685801
-0.678058
-0.673264
-0.676103
-0.663657
-0.653123
-0.636662
-0.649132
-0.65603
-0.654986
-0.630104
-0.599638
-0.628433
-0.645198
-0.633829
-0.636766
-0.620802
-0.70779
-0.694153
-0.680478
-0.67151
-0.64314
-0.606976
-0.621287
-0.603416
-0.599895
-0.604046
-0.60067
-0.610693
-0.577096
-0.564683
-0.597047
-0.59695
-0.564556
-0.606873
-0.581211
-0.555844
-0.566687
-0.554562
-0.577258
-0.571923
-0.569531
-0.580377
-0.524549
-0.522442
-0.535809
-0.516269
-0.550409
-0.543719
-0.502633
-0.515512
-0.515255
-0.486457
-0.486749
-0.477684
-0.496158
-0.48084
-0.474143
-0.474988
-0.460901
-0.481112
-0.446677
-0.43782
-0.455309
-0.484368
-0.475647
-0.471029
-0.444984
-0.424704
-0.426313
-0.435083
-0.454803
-0.461375
-0.46294
-0.456854
-0.425955
-0.429725
-0.449783
-0.453659
-0.43355
-0.391703
-0.387573
-0.383578
-0.380495
-0.376159
-0.370552
-0.33823
-0.340144
-0.334565
-0.315957
-0.3107
-0.320321
-0.307593
-0.290771
-0.284341
-0.296472
-0.309717
-0.31178
-0.329508
-0.306691
-0.310253
-0.306819
-0.282403
-0.270202
-0.275392
-0.294203
-0.283393
-0.313311
-0.331
-0.327898
-0.296191
-0.29791
-0.303945
-0.313166
-0.287742
-0.274439
-0.255705
-0.232661
-0.249464
-0.250048
-0.264369
-0.253577
-0.248207
-0.224557
-0.223392
-0.238442
-0.228836
-0.248964
-0.266874
-0.267297
-0.277779
-0.283124
-0.283704
-0.288433
-0.300506
-0.288565
-0.252844
-0.240703
-0.268727
-0.26576
-0.258417
-0.244791
-0.238677
-0.246204
-0.228881
-0.231383
-0.239087
-0.225097
-0.224872
-0.223382
-0.234564
-0.226416
-0.222424
-0.233276
-0.226518
-0.241693
-0.241918
-0.244987
-0.247712
-0.260074
-0.27714
-0.28006
-0.272574
-0.248806
-0.237503
-0.238004
-0.23265
-0.22963
-0.238995
-0.244661
-0.239638
-0.242349
-0.231541
-0.226193
-0.208894
-0.213132
-0.207199
-0.216643
-0.218426
-0.211471
-0.222951
-0.229583
-0.230595
-0.222486
-0.244879
-0.253565
-0.252441
-0.257386
-0.271649
-0.274317
-0.282706
-0.275768
-0.285981
-0.279172
-0.273672
-0.270576
-0.299974
-0.315667
-0.32011
-0.317432
-0.303472
-0.303113
-0.302093
-0.307522
-0.310227
-0.284447
-0.318331
-0.331726
-0.347154
-0.352136
-0.336697
-0.352871
-0.362215
-0.366775
-0.385721
-0.388251
-0.388096
-0.365875
-0.374943
-0.376811
-0.380092
-0.369081
-0.36718
-0.369013
-0.380723
-0.403324
-0.401846
-0.387662
-0.385572
-0.366691
-0.370887
-0.400657
-0.396136
-0.383438
-0.387968
-0.403125
-0.420972
-0.41094
-0.395204
-0.400911
-0.381761
-0.372976
-0.388599
-0.397607
-0.389596
-0.428998
-0.444443
-0.447199
-0.475116
-0.460564
-0.468152
-0.504356
-0.502411
-0.476139
-0.466018
-0.452798
-0.476473
-0.459094
-0.46358
-0.44911
-0.458114
-0.473565
-0.4802
-0.497831
-0.545259
-0.559923
-0.546412
-0.546155
-0.564883
-0.533082
-0.538056
-0.577892
-0.583271
-0.565562
-0.560741
-0.546904
-0.55038
-0.558891
-0.537154
-0.524578
-0.504524
-0.526142
-0.566467
-0.572207
-0.554812
-0.539443
-0.556178
-0.580473
-0.559244
-0.548019
-0.546238
-0.521739
-0.538439
-0.506326
-0.447077
-0.463504
-0.452288
-0.471963
-0.425881
-0.431371
-0.41311
-0.383405
-0.376294
-0.34565
-0.384143
-0.330058
-0.337684
-0.29892
-0.310024
-0.286074
-0.333281
-0.34726
-0.320832
-0.309124
-0.242227
-0.247078
-0.291869
-0.327344
-0.293522
-0.327904
-0.284743
-0.327927
-0.360999
-0.359253
-0.396775
-0.393615
-0.425214
-0.427944
-0.451526
-0.44028
-0.465031
-0.474353
-0.500365
-0.516938
-0.51832
-0.509662
-0.530208
-0.530445
-0.564813
-0.517066
-0.493849
-0.516149
-0.45673
-0.462122
-0.473285
-0.501306
-0.476315
-0.492272
-0.449955
-0.453532
-0.479551
-0.41021
-0.446199
-0.446578
-0.443938
-0.460232
-0.461097
-0.456868
-0.402903
-0.387321
-0.382555
-0.417685
-0.433653
-0.38326
-0.371651
-0.398233
-0.336527
-0.345232
-0.341369
-0.380941
-0.362411
-0.360272
-0.326817
-0.312165
-0.325059
-0.24986
-0.210839
-0.161564
-0.178023
-0.162825
-0.158072
-0.175557
-0.178083
-0.203727
-0.266524
-0.25162
-0.240007
-0.268093
-0.309618
-0.324752
-0.323153
-0.344564
-0.384652
-0.368975
-0.382757
-0.379329
-0.35989
-0.412859
-0.469727
-0.492299
-0.475643
-0.56169
-0.576253
-0.613483
-0.622207
-0.597587
-0.538266
-0.537361
-0.615398
-0.56761
-0.613858
-0.642805
-0.647813
-0.593473
-0.629156
-0.565076
-0.595601
-0.546757
-0.453104
-0.446577
-0.389885
-0.374257
-0.432464
-0.488069
-0.530682
-0.571474
-0.598703
-0.576373
-0.547898
-0.555088
-0.593207
-0.6758
-0.631036
-0.708965
-0.734083
-0.765469
-0.697846
-0.633951
-0.597647
-0.66007
-0.656812
-0.682016
-0.673414
-0.706816
-0.675249
-0.651651
-0.668946
-0.722521
-0.675123
-0.64467
-0.560319
-0.558551
-0.509249
-0.516486
-0.522761
-0.489852
-0.419694
-0.406474
-0.409071
-0.353832
-0.293192
-0.279915
-0.287392
-0.236563
-0.223755
-0.249323
-0.299169
-0.284118
-0.19497
-0.248935
-0.189343
-0.157088
-0.167065
-0.229475
-0.205718
-0.214081
-0.249241
-0.154122
-0.0932172
-0.0730677
-0.0769955
-0.109596
-0.102016
-0.124933
-0.19337
-0.180537
-0.230039
-0.257125
-0.28609
-0.317496
-0.316575
-0.253043
-0.268694
-0.299593
-0.290639
-0.304587
-0.308875
-0.327659
-0.259974
-0.227933
-0.314558
-0.278596
-0.362758
-0.391807
-0.410581
-0.367832
-0.341839
-0.357503
-0.411648
-0.437667
-0.535681
-0.541914
-0.474423
-0.581798
-0.593993
-0.592094
-0.621361
-0.703841
-0.698834
-0.680292
-0.626187
-0.580218
-0.511023
-0.544037
-0.554002
-0.548765
-0.572396
-0.560259
-0.603547
-0.593226
-0.550847
-0.644901
-0.7887
-0.818794
-0.702541
-0.780194
-0.765082
-0.814245
-0.859874
-0.862552
-0.845718
-0.854994
-0.865495
-0.876904
-0.866713
-0.810009
-0.82805
-0.831253
-0.809779
-0.728811
-0.754172
-0.71813
-0.652965
-0.668903
-0.648316
-0.682133
-0.669123
-0.711783
-0.725514
-0.772605
-0.748074
-0.758016
-0.736443
-0.713598
-0.725168
-0.725101
-0.773096
-0.825242
-0.761087
-0.708285
-0.741541
-0.741866
-0.760459
-0.666951
-0.706494
-0.631319
-0.639808
-0.633491
-0.612377
-0.606513
-0.577831
-0.61006
-0.616364
-0.523532
-0.610212
-0.468908
-0.45379
-0.476602
-0.431221
-0.422596
-0.461792
-0.378969
-0.303368
-0.415283
-0.359265
-0.346835
-0.294737
-0.317013
-0.25514
-0.35841
-0.280902
-0.220657
-0.199614
-0.107519
-0.225837
-0.388335
-0.315394
-0.332683
-0.32381
-0.0859641
-0.121338
-0.113866
-0.062896
-0.031641
-0.00590691
-0.022232
-0.0618554
-0.141304
-0.0627724
0.062635
0.137929
0.215603
0.211724
0.293329
0.418228
0.328803
0.383595
0.328237
0.370029
0.340349
0.378666
0.546016
0.576142
0.541361
0.45316
0.477954
0.289347
0.355911
0.369546
0.358122
0.391662
0.372113
0.456775
0.445069
0.515695
0.53061
0.368477
0.342654
0.33758
0.21803
0.27297
0.232741
0.0235499
0.0191116
-0.075307
0.042373
-0.0423621
-0.146289
-0.0706354
-0.122495
0.0808768
0.22817
0.302175
0.107022
-0.0196322
0.0876294
-0.150515
-0.275418
-0.366437
-0.506001
-0.515884
-0.495156
-0.537047
-0.819566
-0.948866
-0.8212
-0.819521
-0.824148
-0.954676
-0.994399
-0.944804
-0.810312
-0.868278
-0.942886
-0.97027
-1.03072
-1.0957
-1.02921
-1.05355
-0.982035
-0.985895
-0.995726
-0.945917
-0.980866
-0.936975
-0.947904
-1.08493
-1.03442
-0.996028
-0.973477
-0.961114
-0.846311
-0.919418
-0.931729
-1.03655
-1.11045
-1.12744
-1.24718
-1.24163
-1.24753
-1.22922
-1.25181
-1.3296
-1.23695
-1.24789
-1.34899
-1.49765
-1.4831
-1.38569
-1.48089
-1.4047
-1.50764
-1.49928
-1.49257
-1.45672
-1.42035
-1.4897
-1.58103
-1.65986
-1.53611
-1.60618
-1.63667
-1.68232
-1.74648
-1.74421
-1.6356
-1.60489
-1.55821
-1.52546
-1.53293
-1.53289
-1.56628
-1.616
-1.69617
-1.68718
-1.67676
-1.70346
-1.66542
-1.57947
-1.55046
-1.54089
-1.60311
-1.60312
-1.70677
-1.68295
-1.61874
-1.56641
-1.5514
-1.59674
-1.59466
-1.60862
-1.60879
-1.55199
-1.63722
-1.61761
-1.60702
-1.61865
-1.64382
-1.65275
-1.74974
-1.83109
-1.8661
-1.86724
-1.85761
-1.89712
-1.85476
-1.87194
-1.87415
-1.83637
-1.80735
-1.74801
-1.73259
-1.70815
-1.77661
-1.68784
-1.7004
-1.71748
-1.59449
-1.67324
-1.59312
-1.58456
-1.5683
-1.6164
-1.57019
-1.62632
-1.62643
-1.66469
-1.69093
-1.75055
-1.77212
-1.74843
-1.72247
-1.70086
-1.70534
-1.66685
-1.73792
-1.77166
-1.72751
-1.70644
-1.71204
-1.76972
-1.73925
-1.7073
-1.71402
-1.68878
-1.6015
-1.64372
-1.65986
-1.69981
-1.62551
-1.67621
-1.68155
-1.66893
-1.60616
-1.55285
-1.54216
-1.50673
-1.47231
-1.39614
-1.4446
-1.40235
-1.46022
-1.48344
-1.41561
-1.44539
-1.5128
-1.52834
-1.51687
-1.54322
-1.49925
-1.43937
-1.39295
-1.38399
-1.33875
-1.29176
-1.33046
-1.3291
-1.38064
-1.29306
-1.2722
-1.31712
-1.32528
-1.30467
-1.2642
-1.20817
-1.16501
-1.15407
-1.15842
-1.14273
-1.2046
-1.20733
-1.21885
-1.20415
-1.23483
-1.26509
-1.24145
-1.25345
-1.28917
-1.30036
-1.29433
-1.31676
-1.331
-1.25413
-1.25017
-1.29683
-1.30869
-1.24893
-1.32397
-1.3615
-1.37225
-1.28602
-1.29347
-1.37124
-1.41367
-1.42049
-1.41738
-1.37362
-1.3858
-1.37604
-1.38544
-1.37408
-1.35372
-1.36986
-1.41009
-1.37317
-1.31201
-1.31425
-1.3047
-1.35669
-1.36096
-1.39227
-1.43488
-1.46315
-1.51405
-1.55943
-1.54994
-1.57723
-1.64149
-1.73622
-1.73992
-1.65479
-1.73185
-1.69281
-1.7166
-1.67091
-1.67474
-1.63512
-1.68929
-1.70289
-1.67132
-1.64251
-1.63209
-1.63911
-1.69203
-1.73655
-1.77701
-1.8358
-1.83775
-1.80662
-1.76783
-1.74164
-1.75984
-1.69756
-1.64323
-1.64097
-1.66802
-1.65206
-1.64165
-1.6131
-1.59383
-1.60853
-1.6752
-1.63209
-1.65193
-1.60957
-1.6984
-1.69374
-1.69465
-1.64874
-1.61014
-1.62849
-1.67388
-1.64193
-1.66607
-1.68344
-1.73024
-1.80098
-1.82249
-1.81672
-1.69017
-1.72227
-1.70484
-1.77048
-1.77352
-1.82601
-1.86879
-1.87881
-1.80384
-1.90443
-1.88966
-1.87001
-1.95951
-1.9967
-1.89126
-1.95456
-1.95635
-2.09134
-2.24299
-2.23943
-2.23566
-2.26881
-2.3044
-2.32278
-2.30246
-2.30342
-2.27749
-2.23715
-2.19029
-2.1392
-2.12054
-2.11213
-2.16486
-2.20027
-2.13706
-2.07607
-2.07787
-2.10191
-2.08849
-2.07691
-2.07066
-2.04659
-2.07038
-2.00215
-2.01089
-1.98367
-1.97947
-1.96778
-1.94863
-1.94816
-1.92711
-1.97887
-1.99961
-2.10824
-2.10427
-2.21821
-2.14758
-2.02155
-2.00371
-2.04458
-2.03322
-2.12773
-2.0524
-2.00458
-1.93975
-2.02603
-2.02558
-1.92965
-1.94988
-1.98443
-2.0056
-1.99425
-2.00505
-1.96719
-1.9974
-1.99864
-2.00037
-2.01966
-2.10408
-2.05746
-2.10667
-2.12468
-2.10544
-1.99277
-2.00004
-2.02578
-2.02864
-2.06487
-2.10621
-2.15839
-2.16468
-2.16227
-2.15427
-2.16838
-2.17368
-2.21703
-2.34944
-2.38716
-2.40475
-2.46011
-2.50261
-2.3995
-2.34972
-2.38209
-2.41483
-2.37538
-2.48422
-2.51666
-2.54016
-2.5657
-2.64289
-2.60738
-2.58313
-2.5943
-2.58647
-2.56274
-2.60585
-2.65531
-2.70573
-2.7
-2.70267
-2.70238
-2.69396
-2.68476
-2.71525
-2.73012
-2.7598
-2.79926
-2.7206
-2.69086
-2.66423
-2.68985
-2.736
-2.76169
-2.77544
-2.765
-2.83779
-2.79575
-2.86426
-2.88388
-2.88565
-2.89373
-2.83411
-2.83199
-2.79819
-2.79803
-2.81305
-2.81067
-2.81161
-2.8548
-2.9159
-2.91182
-2.94024
-2.94609
-2.97043
-2.95339
-2.96046
-2.91649
-2.97808
-2.88423
-2.92547
-2.94291
-2.9143
-2.94872
-2.93383
-2.9255
-2.87036
-2.86486
-2.90792
-2.95933
-2.96717
-2.99016
-2.99805
-2.95414
-2.98078
-2.98142
-2.97103
-2.96563
-2.94066
-2.87318
-2.84407
-2.82914
-2.79352
-2.77025
-2.72435
-2.70553
-2.76129
-2.72256
-2.68057
-2.66851
-2.63832
-2.63815
-2.70722
-2.71395
-2.69601
-2.74429
-2.80092
-2.81579
-2.77056
-2.78103
-2.79589
-2.77895
-2.74841
-2.74209
-2.75509
-2.83364
-2.78805
-2.75186
-2.74586
-2.69912
-2.69566
-2.71571
-2.71153
-2.75648
-2.8035
-2.76969
-2.82307
-2.81784
-2.87917
-2.95746
-2.96754
-2.9742
-2.99991
-3.00182
-3.02056
-2.99314
-3.07006
-3.07819
-3.05918
-3.10899
-3.10954
-3.11198
-3.10555
-3.1107
3.12428
-3.10385
-3.12478
-3.09565
3.14052
-3.12967
-3.12298
-3.10819
-3.13304
-3.12595
-3.12634
-3.12277
3.13215
3.13483
3.13498
3.13688
3.13036
-3.12202
-3.1247
-3.11401
-3.09607
3.11349
3.0746
3.08155
3.08787
3.10127
3.12419
3.07795
3.09634
3.10806
3.07903
3.03591
3.04641
3.0799
3.09102
3.07619
3.0881
3.05642
3.03578
3.04123
3.04956
3.06218
3.04784
3.04994
3.04111
3.05864
3.07621
3.05087
3.0886
3.1046
-3.11095
-3.09571
-3.04155
-3.0549
-3.06072
-3.01167
-3.01629
-3.02965
-3.04399
-3.05859
-3.04976
-3.03005
-3.01084
-3.02508
-3.01517
-3.00358
-2.98678
-2.96517
-2.96017
-2.98169
-2.97612
-3.01995
-3.0195
-3.00806
-2.97041
-2.95143
-2.9243
-2.90012
-2.90855
-2.90341
-2.88556
-2.8573
-2.86334
-2.86623
-2.86441
-2.8632
-2.87167
-2.85516
-2.85158
-2.88422
-2.87429
-2.89407
-2.90947
-2.89682
-2.90009
-2.87312
-2.88621
-2.85538
-2.84897
-2.85243
-2.85328
-2.86203
-2.88382
-2.8912
-2.8599
-2.87135
-2.87221
-2.87237
-2.89496
-2.89212
-2.91984
-2.88785
-2.91824
-2.91707
-2.95174
-2.98738
-2.99028
-2.97263
-2.9502
-2.96975
-2.97441
-2.97803
-2.95721
-2.95849
-2.97077
-2.99987
-2.98791
-2.97322
-2.99203
-2.9882
-3.00639
-3.02503
-3.01128
-3.00252
-2.99792
-2.99005
-3.00926
-3.02707
-3.01579
-3.02046
-3.01748
-3.01087
-3.04497
-3.08407
-3.04804
-3.05306
-3.04174
-3.03638
-3.04924
-2.99799
-2.95936
-2.93264
-2.92844
-2.93609
-2.94182
-2.91479
-2.91083
-2.90746
-2.92548
-2.93974
-2.92997
-2.9252
-2.93011
-2.96595
-2.96175
-2.92287
-2.92022
-2.9393
-2.92971
-2.93083
-2.8955
-2.89112
-2.88946
-2.89421
-2.88447
-2.88177
-2.89974
-2.92621
-2.95143
-2.94754
-2.95789
-2.97143
-2.96866
-2.98097
-2.967
-2.99157
-2.9838
-2.9658
-2.97439
-2.97445
-2.96677
-2.95241
-2.96295
-2.96632
-2.96526
-2.97021
-2.95021
-2.97664
-2.99514
-2.98783
-3.00424
-3.00386
-3.01958
-3.00684
-3.01033
-3.01526
-2.98642
-3.00486
-3.00466
-2.98441
-3.00368
-2.99646
-3.00968
-3.03103
-3.02115
-3.00016
-2.98615
-2.9979
-3.00739
-2.99624
-2.99444
-3.00681
-2.98535
-2.98235
-2.96658
-2.95994
-2.97283
-2.97938
-2.94819
-2.91806
-2.91869
-2.91716
-2.94585
-2.93016
-2.93809
-2.93966
-2.9429
-2.94335
-2.95629
-2.96007
-2.95055
-2.9646
-2.98541
-2.9568
-2.96309
-2.95133
-2.94722
-2.92869
-2.91679
-2.90501
-2.9174
-2.90341
-2.91109
-2.90557
-2.8933
-2.89364
-2.88613
-2.91032
-2.91122
-2.90666
-2.90133
-2.89568
-2.89553
-2.91012
-2.90431
-2.89161
-2.90637
-2.92523
-2.93644
-2.94453
-2.9276
-2.91785
-2.9386
-2.94661
-2.96374
-2.95689
-2.97444
-2.97519
-2.97755
-2.9756
-2.96238
-2.93488
-2.93137
-2.9326
-2.92305
-2.90506
-2.91158
-2.93609
-2.93053
-2.93889
-2.94415
-2.93671
-2.93487
-2.92422
-2.92455
-2.93456
-2.92196
-2.92973
-2.94034
-2.91868
-2.92859
-2.911
-2.89185
-2.88551
-2.88429
-2.8735
-2.85598
-2.85752
-2.8335
-2.82892
-2.82416
-2.79154
-2.79762
-2.78737
-2.75666
-2.76481
-2.77981
-2.76651
-2.77628
-2.76285
-2.72636
-2.73511
-2.74733
-2.74527
-2.73089
-2.7416
-2.77498
-2.76063
-2.75996
-2.73779
-2.76216
-2.74318
-2.7298
-2.73346
-2.72536
-2.7412
-2.73247
-2.74899
-2.72692
-2.74261
-2.75639
-2.77907
-2.77021
-2.75541
-2.75987
-2.7539
-2.76003
-2.74342
-2.77596
-2.76399
-2.75767
-2.76847
-2.76736
-2.76214
-2.77403
-2.78768
-2.78765
-2.7913
-2.76504
-2.77397
-2.78675
-2.74199
-2.72603
-2.73611
-2.7458
-2.74358
-2.72164
-2.74654
-2.78537
-2.75343
-2.76365
-2.76378
-2.79777
-2.83023
-2.83073
-2.79938
-2.80218
-2.8198
-2.84947
-2.86303
-2.87222
-2.86067
-2.85105
-2.84592
-2.86137
-2.85048
-2.85147
-2.85587
-2.8579
-2.86387
-2.80949
-2.8042
-2.80058
-2.80575
-2.81257
-2.79354
-2.79514
-2.81848
-2.82436
-2.79883
-2.80521
-2.78752
-2.79199
-2.78173
-2.7196
-2.72481
-2.72388
-2.73419
-2.743
-2.7647
-2.77758
-2.8097
-2.77213
-2.73763
-2.73656
-2.73881
-2.75581
-2.76491
-2.7845
-2.8
-2.7768
-2.80225
-2.81369
-2.81802
-2.83875
-2.85834
-2.83643
-2.82581
-2.83749
-2.84167
-2.8827
-2.9046
-2.88874
-2.9361
-2.8972
-2.92788
-2.91125
-2.89297
-2.90522
-2.90993
-2.87108
-2.87687
-2.84544
-2.90035
-2.85719
-2.85735
-2.89876
-2.90009
-2.8858
-2.89117
-2.84936
-2.82596
-2.79978
-2.8165
-2.82363
-2.82185
-2.86749
-2.83429
-2.79978
-2.80699
-2.85025
-2.84922
-2.77818
-2.80263
-2.85459
-2.84131
-2.81581
-2.79886
-2.75177
-2.80196
-2.88992
-2.92774
-2.92867
-2.9238
-2.91683
-2.89879
-2.85078
-2.84094
-2.79613
-2.76752
-2.76441
-2.78602
-2.74942
-2.75554
-2.72588
-2.73463
-2.72034
-2.78379
-2.72339
-2.77112
-2.71004
-2.76395
-2.77971
-2.73107
-2.65131
-2.64682
-2.70042
-2.77572
-2.76442
-2.78246
-2.72174
-2.7327
-2.71094
-2.73263
-2.69058
-2.62345
-2.55287
-2.62467
-2.6585
-2.66744
-2.63042
-2.61617
-2.58808
-2.6547
-2.64495
-2.56716
-2.59053
-2.56898
-2.58259
-2.57198
-2.52885
-2.50961
-2.44928
-2.46505
-2.46674
-2.45397
-2.46224
-2.50799
-2.46467
-2.41686
-2.36994
-2.41119
-2.39297
-2.41974
-2.41786
-2.43065
-2.42765
-2.39825
-2.31501
-2.28261
-2.29918
-2.34967
-2.39265
-2.39319
-2.38094
-2.38773
-2.40802
-2.42887
-2.41509
-2.43414
-2.4499
-2.42261
-2.4223
-2.40956
-2.3906
-2.43209
-2.45213
-2.42941
-2.49634
-2.47343
-2.38445
-2.36042
-2.35674
-2.39055
-2.36606
-2.28163
-2.28573
-2.35117
-2.29013
-2.28473
-2.40185
-2.32305
-2.29287
-2.29666
-2.2829
-2.25549
-2.34601
-2.39545
-2.4281
-2.38099
-2.32242
-2.3156
-2.243
-2.2975
-2.24445
-2.16502
-2.09949
-2.11875
-2.19093
-2.13552
-2.20278
-2.12447
-2.20322
-2.19573
-2.21265
-2.27226
-2.15754
-2.10311
-2.13082
-2.1357
-2.13638
-2.09465
-2.08618
-2.10969
-2.1523
-2.08349
-2.09696
-2.12852
-2.12124
-2.16725
-2.20298
-2.27444
-2.2213
-2.15828
-2.19128
-2.18329
-2.13765
-2.17417
-2.15923
-2.16131
-2.09641
-2.19167
-2.10011
-2.06186
-2.10865
-2.0576
-2.07414
-2.02765
-1.99809
-1.93638
-1.82827
-1.85513
-1.92889
-1.94143
-1.94815
-1.94759
-1.87538
-1.85781
-1.79585
-1.76613
-1.77757
-1.74877
-1.71883
-1.72047
-1.70799
-1.64892
-1.60224
-1.54245
-1.5471
-1.61561
-1.56084
-1.427
-1.37201
-1.44462
-1.46561
-1.44874
-1.3995
-1.4071
-1.35526
-1.42961
-1.31611
-1.20658
-1.28129
-1.24665
-1.3399
-1.31171
-1.33156
-1.26585
-1.34685
-1.34469
-1.29335
-1.43045
-1.43936
-1.42862
-1.33589
-1.28288
-1.21621
-1.19047
-1.1787
-1.11826
-1.22144
-1.21912
-1.2106
-1.19584
-1.26256
-1.21073
-1.18497
-1.05902
-1.01347
-0.880606
-0.921662
-0.895765
-0.850375
-0.844239
-0.825588
-0.84897
-0.897422
-0.894902
-0.984437
-0.987182
-1.02747
-1.09596
-1.0677
-1.0699
-1.07638
-1.06601
-1.10333
-1.09563
-1.05243
-1.01253
-1.04884
-0.946719
-0.931602
-0.944141
-0.839775
-0.848097
-0.885484
-0.813998
-0.772405
-0.721007
-0.717711
-0.709775
-0.661206
-0.650509
-0.637123
-0.638773
-0.610402
-0.639719
-0.689664
-0.763101
-0.796861
-0.860086
-0.812869
-0.816291
-0.818024
-0.891627
-0.816036
-0.86075
-0.821574
-0.797851
-0.816644
-0.815245
-0.790064
-0.792221
-0.810183
-0.775655
-0.751875
-0.856778
-0.893868
-0.895763
-0.873845
-0.937851
-0.856666
-0.905907
-0.951788
-0.983399
-0.912866
-0.889421
-0.867653
-0.840387
-0.802288
-0.792293
-0.808298
-0.806386
-0.79742
-0.832579
-0.815763
-0.845971
-0.878422
-0.932354
-0.919585
-0.918563
-0.902016
-0.85315
-0.880836
-0.897967
-0.93129
-0.985103
-0.984816
-1.0139
-0.975593
-1.01174
-1.02621
-1.07321
-1.0678
-1.08621
-1.07933
-1.12638
-1.12734
-1.12214
-1.14166
-1.08247
-1.10886
-1.0803
-1.06181
-1.11942
-1.09527
-1.08053
-1.06779
-1.04196
-1.01932
-1.03725
-1.10745
-1.10268
-1.07144
-1.11238
-1.11147
-1.09955
-1.16803
-1.12281
-1.14272
-1.16079
-1.1701
-1.2169
-1.22665
-1.19901
-1.16797
-1.11868
-1.14559
-1.14258
-1.1119
-1.17311
-1.16108
-1.18212
-1.15192
-1.15887
-1.08066
-1.10332
-1.05966
-1.04069
-1.01457
-1.00938
-1.01025
-0.971025
-1.04196
-1.06529
-1.10862
-1.13779
-1.08268
-1.08342
-1.1316
-1.12388
-1.15879
-1.15243
-1.11441
-1.0667
-1.09522
-1.15813
-1.09478
-1.07406
-1.02507
-1.0526
-1.01801
-1.00602
-1.00617
-0.990394
-0.976765
-1.00385
-0.954025
-0.934983
-0.948237
-0.963186
-0.938985
-0.913836
-0.880603
-0.925463
-0.931616
-0.908242
-0.90354
-0.839918
-0.786303
-0.70254
-0.678296
-0.702507
-0.625245
-0.584871
-0.587935
-0.56395
-0.5841
-0.524745
-0.530245
-0.52615
-0.561338
-0.584622
-0.59146
-0.572285
-0.557023
-0.576211
-0.599124
-0.600304
-0.650315
-0.64617
-0.653847
-0.620604
-0.602249
-0.646056
-0.64038
-0.671896
-0.67253
-0.68421
-0.675166
-0.683182
-0.668611
-0.632771
-0.616723
-0.63904
-0.642974
-0.647903
-0.633231
-0.575698
-0.558157
-0.564789
-0.613098
-0.633437
-0.65241
-0.676226
-0.678133
-0.653677
-0.631786
-0.669253
-0.63806
-0.554036
-0.571669
-0.628809
-0.600926
-0.615728
-0.606775
-0.621467
-0.655177
-0.655946
-0.653116
-0.642448
-0.557823
-0.618841
-0.609593
-0.612205
-0.63719
-0.613179
-0.594435
-0.612802
-0.557045
-0.568768
-0.608751
-0.602465
-0.61093
-0.620321
-0.619253
-0.56631
-0.516214
-0.459166
-0.507574
-0.511403
-0.581751
-0.584416
-0.609183
-0.565271
-0.625398
-0.642576
-0.59806
-0.611607
-0.613962
-0.594863
-0.549032
-0.545804
-0.566574
-0.489841
-0.48985
-0.490092
-0.457224
-0.485227
-0.472982
-0.477316
-0.452239
-0.464236
-0.487419
-0.525857
-0.476002
-0.506236
-0.480059
-0.473052
-0.487892
-0.516728
-0.479509
-0.473118
-0.475354
-0.457265
-0.452051
-0.48903
-0.522399
-0.485408
-0.502929
-0.467023
-0.4635
-0.456534
-0.465459
-0.466391
-0.478399
-0.469537
-0.481494
-0.446383
-0.410036
-0.423611
-0.389083
-0.386543
-0.373697
-0.374883
-0.341823
-0.315298
-0.332117
-0.324814
-0.328859
-0.283658
-0.281647
-0.29297
-0.322374
-0.304091
-0.27038
-0.271244
-0.290259
-0.275517
-0.29477
-0.294017
-0.28104
-0.283315
-0.319733
-0.30874
-0.322512
-0.350303
-0.35286
-0.376249
-0.408066
-0.423314
-0.444586
-0.462344
-0.470598
-0.441262
-0.475297
-0.507478
-0.490441
-0.453596
-0.466107
-0.46546
-0.439585
-0.455836
-0.44458
-0.433921
-0.453895
-0.485445
-0.483523
-0.470544
-0.476181
-0.469467
-0.477625
-0.48193
-0.469923
-0.466642
-0.419357
-0.41838
-0.430689
-0.403645
-0.408229
-0.427955
-0.429218
-0.407102
-0.410667
-0.39911
-0.403865
-0.396653
-0.428311
-0.437528
-0.421893
-0.405232
-0.417156
-0.402546
-0.418076
-0.430382
-0.416209
-0.400745
-0.396866
-0.393249
-0.413397
-0.418307
-0.388563
-0.383347
-0.379964
-0.357282
-0.315877
-0.306356
-0.31548
-0.305624
-0.290185
-0.293345
-0.290101
-0.280636
-0.272726
-0.274972
-0.254449
-0.259707
-0.249714
-0.247278
-0.245124
-0.22819
-0.25007
-0.252223
-0.254453
-0.256863
-0.240946
-0.238042
-0.242432
-0.22686
-0.220073
-0.204429
-0.201082
-0.210896
-0.221334
-0.245842
-0.231771
-0.224279
-0.241869
-0.235013
-0.235907
-0.247155
-0.248166
-0.247395
-0.235366
-0.241088
-0.254678
-0.242504
-0.232477
-0.250255
-0.248081
-0.247356
-0.229368
-0.226266
-0.216987
-0.218975
-0.216416
-0.218781
-0.250059
-0.254123
-0.270572
-0.284488
-0.29402
-0.292668
-0.29
-0.291047
-0.279796
-0.299075
-0.295203
-0.280974
-0.292933
-0.284084
-0.276826
-0.256136
-0.244379
-0.239529
-0.230582
-0.23254
-0.212729
-0.208997
-0.19437
-0.183348
-0.162832
-0.177477
-0.187392
-0.196852
-0.197252
-0.198475
-0.204892
-0.205511
-0.198573
-0.203103
-0.184422
-0.177603
-0.154637
-0.148869
-0.143851
-0.155401
-0.157682
-0.168639
-0.161746
-0.177091
-0.175058
-0.153666
-0.151181
-0.144926
-0.147371
-0.159146
-0.149403
-0.147175
-0.169285
-0.169347
-0.180477
-0.189842
-0.204876
-0.205394
-0.201743
-0.20755
-0.219252
-0.238084
-0.251916
-0.274396
-0.274293
-0.276639
-0.245819
-0.232878
-0.242248
-0.260666
-0.277575
-0.287269
-0.315996
-0.30519
-0.277642
-0.295912
-0.327154
-0.299288
-0.316742
-0.308649
-0.3127
-0.299044
-0.295052
-0.298178
-0.307214
-0.32742
-0.346635
-0.339129
-0.37605
-0.378184
-0.364902
-0.368594
-0.372734
-0.361436
-0.356283
-0.359114
-0.335445
-0.355392
-0.366726
-0.344404
-0.335896
-0.366278
-0.367025
-0.369462
-0.36533
-0.352947
-0.382067
-0.376704
-0.394686
-0.391349
-0.401007
-0.408466
-0.403195
-0.420737
-0.412431
-0.412089
-0.400595
-0.39836
-0.405551
-0.390766
-0.403614
-0.394822
-0.412456
-0.380692
-0.390478
-0.427129
-0.433818
-0.439434
-0.427547
-0.462596
-0.484327
-0.457909
-0.476322
-0.477751
-0.475512
-0.489474
-0.49354
-0.493165
-0.506314
-0.476173
-0.46148
-0.462762
-0.459566
-0.471833
-0.470973
-0.485427
-0.491445
-0.455164
-0.499622
-0.481684
-0.458524
-0.484244
-0.473305
-0.433704
-0.421936
-0.413637
-0.423471
-0.448848
-0.438335
-0.47208
-0.451841
-0.447106
-0.441817
-0.453332
-0.449035
-0.431564
-0.391534
-0.421533
-0.462847
-0.500181
-0.497097
-0.477487
-0.436413
-0.452756
-0.490615
-0.542339
-0.528425
-0.544773
-0.534884
-0.529461
-0.545768
-0.535
-0.54533
-0.572655
-0.597078
-0.582772
-0.56335
-0.560018
-0.550454
-0.538684
-0.519987
-0.539028
-0.52846
-0.50577
-0.508919
-0.518948
-0.534373
-0.516878
-0.528515
-0.509881
-0.466238
-0.551691
-0.630565
-0.611704
-0.580697
-0.565191
-0.51487
-0.496767
-0.514535
-0.509925
-0.514564
-0.526329
-0.521621
-0.534555
-0.519434
-0.512301
-0.538379
-0.494261
-0.509113
-0.452428
-0.443175
-0.470586
-0.482938
-0.474081
-0.476271
-0.472519
-0.458492
-0.516069
-0.527879
-0.526993
-0.580448
-0.567647
-0.60793
-0.603796
-0.584884
-0.624649
-0.618816
-0.660526
-0.68143
-0.694236
-0.692782
-0.645646
-0.657844
-0.69986
-0.675973
-0.660873
-0.691187
-0.6698
-0.682045
-0.677932
-0.637779
-0.607693
-0.629895
-0.632977
-0.629999
-0.6993
-0.690663
-0.691143
-0.681527
-0.73109
-0.77778
-0.763229
-0.747603
-0.750934
-0.816556
-0.820055
-0.879807
-0.892347
-0.876739
-0.853941
-0.775964
-0.812846
-0.768753
-0.785744
-0.811904
-0.790987
-0.795924
-0.778646
-0.827227
-0.820455
-0.859266
-0.884789
-0.933933
-0.932196
-0.902325
-0.923555
-1.0074
-1.02447
-1.00233
-1.0258
-1.00667
-0.99329
-0.921677
-0.977149
-0.983021
-1.04774
-1.021
-0.974467
-1.00186
-0.982042
-0.9867
-0.983728
-0.950276
-1.00433
-1.03683
-1.04752
-0.983826
-0.957633
-0.930783
-0.936858
-0.951754
-1.00856
-0.940005
-0.939332
-0.959122
-0.986153
-0.98156
-0.988092
-0.994295
-1.03439
-0.941572
-0.930784
-0.887376
-0.868119
-0.85152
-0.865894
-0.897087
-1.03406
-1.0422
-1.0263
-1.01183
-1.0041
-1.00302
-1.01782
-0.988177
-0.956824
-0.973568
-0.995526
-0.930717
-0.889253
-0.89874
-0.850585
-0.892484
-0.83893
-0.811797
-0.774987
-0.752847
-0.788356
-0.806083
-0.791069
-0.843758
-0.922935
-0.974316
-1.02971
-1.01306
-1.10128
-1.11
-1.14164
-1.17635
-1.15814
-1.09433
-1.03721
-1.00479
-1.06541
-1.13464
-1.12622
-1.12438
-1.14737
-1.14891
-1.12352
-1.04143
-1.02966
-1.03558
-1.01229
-1.00414
-1.08553
-1.01146
-1.04649
-1.04889
-1.05459
-1.02868
-1.00648
-1.01915
-1.06164
-1.11673
-1.14265
-1.16403
-1.1886
-1.12724
-1.14561
-1.15541
-1.0921
-1.03314
-1.04385
-1.06974
-1.04127
-1.07208
-1.04909
-1.06482
-1.07161
-1.06616
-1.06612
-1.09797
-1.06865
-1.09695
-1.1375
-1.16503
-1.12042
-1.1138
-1.13292
-1.20077
-1.14614
-1.22631
-1.28327
-1.37554
-1.33847
-1.35071
-1.37059
-1.33514
-1.3491
-1.31121
-1.35284
-1.45365
-1.457
-1.42307
-1.39857
-1.41583
-1.46983
-1.45642
-1.48622
-1.51015
-1.50313
-1.44451
-1.52045
-1.49188
-1.43494
-1.40328
-1.43461
-1.46141
-1.47169
-1.44398
-1.35603
-1.38128
-1.36375
-1.34808
-1.40029
-1.39053
-1.39927
-1.40408
-1.33903
-1.35187
-1.26199
-1.29844
-1.28929
-1.26683
-1.29127
-1.29374
-1.26015
-1.23901
-1.21722
-1.19595
-1.21816
-1.18745
-1.21366
-1.18904
-1.21855
-1.26361
-1.25473
-1.28278
-1.30225
-1.06499
-1.04658
-1.02812
-1.01827
-1.05835
-1.01978
-1.09724
-1.15087
-1.15198
-1.2412
-1.26553
-1.21268
-1.31661
-1.17194
-1.2289
-1.29404
-1.20799
-1.18498
-1.12517
-1.21871
-1.20109
-1.20805
-1.1159
-1.11886
-1.20881
-1.30231
-1.42701
-1.49703
-1.43152
-1.50588
-1.42657
-1.48291
-1.33432
-1.40616
-1.33376
-1.23564
-1.1737
-1.17329
-1.10331
-1.13242
-1.18911
-1.26305
-1.24713
-1.33957
-1.27471
-1.35483
-1.35766
-1.43804
-1.45689
-1.38283
-1.37312
-1.38343
-1.39027
-1.42837
-1.49677
-1.54166
-1.5897
-1.63531
-1.69376
-1.61279
-1.57813
-1.52617
-1.47487
-1.43446
-1.50815
-1.522
-1.50586
-1.48648
-1.47411
-1.44028
-1.47898
-1.57657
-1.55869
-1.56405
-1.51432
-1.49575
-1.50959
-1.56309
-1.57939
-1.63331
-1.71697
-1.67399
-1.65196
-1.77693
-1.84183
-1.83642
-1.86475
-1.98796
-2.07063
-2.05081
-2.02791
-1.87129
-1.78209
-1.84852
-1.78714
-1.76648
-1.79044
-1.79898
-1.7964
-1.73316
-1.70352
-1.76926
-1.75516
-1.70417
-1.68097
-1.63588
-1.5518
-1.61789
-1.58135
-1.52664
-1.56168
-1.58138
-1.60235
-1.60283
-1.54593
-1.57795
-1.60236
-1.64409
-1.64916
-1.67428
-1.7114
-1.70988
-1.71935
-1.70719
-1.75956
-1.7376
-1.82234
-1.88341
-1.88919
-1.86659
-1.84629
-1.7384
-1.77259
-1.84235
-1.89001
-1.9311
-1.84607
-1.85831
-1.80359
-1.7903
-1.79705
-1.79649
-1.77797
-1.90281
-1.87299
-1.7949
-1.86193
-1.87281
-1.80103
-1.79235
-1.77525
-1.7631
-1.77473
-1.77004
-1.70169
-1.79051
-1.77511
-1.77173
-1.75241
-1.75096
-1.68497
-1.65817
-1.59178
-1.64826
-1.63465
-1.55176
-1.57396
-1.52548
-1.52919
-1.55013
-1.5767
-1.50694
-1.52005
-1.54641
-1.4576
-1.4153
-1.38618
-1.38731
-1.40708
-1.3822
-1.37331
-1.37003
-1.41603
-1.49252
-1.51764
-1.53802
-1.51359
-1.53546
-1.55799
-1.60943
-1.63995
-1.68959
-1.64968
-1.62906
-1.58179
-1.54904
-1.58738
-1.62496
-1.66848
-1.66427
-1.66578
-1.67767
-1.67313
-1.64594
-1.65545
-1.67969
-1.75745
-1.81457
-1.79961
-1.76344
-1.77233
-1.71658
-1.70383
-1.66916
-1.70532
-1.77559
-1.79039
-1.77685
-1.82815
-1.75206
-1.79792
-1.79753
-1.78223
-1.79059
-1.78787
-1.77567
-1.77557
-1.76286
-1.73061
-1.70555
-1.68381
-1.6717
-1.64658
-1.70997
-1.6877
-1.67318
-1.67888
-1.63251
-1.63233
-1.67831
-1.73499
-1.74121
-1.7945
-1.81283
-1.83213
-1.89364
-1.85376
-1.93546
-1.90854
-1.93292
-1.93505
-1.95507
-1.96215
-1.89451
-1.88797
-1.85477
-1.82461
-1.77629
-1.69092
-1.67925
-1.70723
-1.65897
-1.6994
-1.75557
-1.81037
-1.8433
-1.74861
-1.69414
-1.72454
-1.76751
-1.76529
-1.81707
-1.81696
-1.86236
-1.86153
-1.88347
-1.95475
-1.99791
-1.95875
-1.96506
-2.05849
-2.08236
-2.0853
-2.08826
-2.1063
-2.21295
-2.21684
-2.24348
-2.28718
-2.27647
-2.2622
-2.22628
-2.17402
-2.19209
-2.20539
-2.20009
-2.16803
-2.11522
-2.08237
-2.11411
-2.13284
-2.09128
-2.14419
-2.13577
-2.21027
-2.16017
-2.13899
-2.15048
-2.14015
-2.15369
-2.10666
-2.09991
-2.12142
-2.13772
-2.11632
-2.14108
-2.13678
-2.16293
-2.18147
-2.23065
-2.2144
-2.22259
-2.25294
-2.25992
-2.24974
-2.28077
-2.24859
-2.27156
-2.26807
-2.24034
-2.22306
-2.19225
-2.1405
-2.18366
-2.24408
-2.26904
-2.25902
-2.24397
-2.2878
-2.26865
-2.2625
-2.26354
-2.20545
-2.17772
-2.10731
-2.16752
-2.16729
-2.14018
-2.15739
-2.16465
-2.15038
-2.14317
-2.20054
-2.22288
-2.19632
-2.24683
-2.27461
-2.29978
-2.2508
-2.21888
-2.16534
-2.1493
-2.11953
-2.0895
-2.07591
-2.11732
-2.16047
-2.17187
-2.15985
-2.16977
-2.23001
-2.18106
-2.19342
-2.21731
-2.22623
-2.24043
-2.25666
-2.27504
-2.27354
-2.27896
-2.20739
-2.314
-2.34554
-2.29899
-2.32001
-2.32021
-2.32773
-2.34616
-2.34521
-2.36496
-2.33486
-2.32928
-2.31527
-2.29573
-2.28634
-2.28875
-2.27866
-2.27338
-2.26389
-2.32591
-2.294
-2.34969
-2.31767
-2.31212
-2.32138
-2.30182
-2.32602
-2.25983
-2.29199
-2.26338
-2.28586
-2.25913
-2.2599
-2.31081
-2.28644
-2.31587
-2.29501
-2.36194
-2.33347
-2.32585
-2.30985
-2.23335
-2.25062
-2.27734
-2.31558
-2.39589
-2.34404
-2.38088
-2.36989
-2.36517
-2.42596
-2.43732
-2.44342
-2.45675
-2.41431
-2.42188
-2.41263
-2.46315
-2.47363
-2.46885
-2.53762
-2.56111
-2.55273
-2.56923
-2.58603
-2.61319
-2.62073
-2.63433
-2.62928
-2.62722
-2.60983
-2.60938
-2.60339
-2.6223
-2.65056
-2.65423
-2.58919
-2.63334
-2.5659
-2.51166
-2.55689
-2.49763
-2.54609
-2.59178
-2.65365
-2.64149
-2.65058
-2.68908
-2.71754
-2.70754
-2.66742
-2.64173
-2.61937
-2.63711
-2.69932
-2.71553
-2.69961
-2.70478
-2.72076
-2.69935
-2.66729
-2.72013
-2.76759
-2.7102
-2.72486
-2.72362
-2.71435
-2.76362
-2.79654
-2.7971
-2.78791
-2.82938
-2.868
-2.84626
-2.87311
-2.89927
-2.9349
-2.97091
-2.97646
-2.97108
-3.00147
-2.97906
-2.97806
-2.99544
-2.96445
-2.95271
-2.95383
-2.96916
-2.96708
-2.96791
-2.95375
-2.9776
-2.95956
-2.95451
-2.96952
-2.99493
-2.97566
-2.95472
-2.96067
-2.99149
-2.97316
-2.99924
-3.0072
-3.02438
-3.02229
-3.02132
-3.01824
-2.98338
-2.9974
-2.99896
-2.97536
-2.97069
-2.97433
-2.98397
-2.97305
-2.97779
-2.98943
-2.9854
-2.98036
-2.99505
-2.98322
-2.97537
-2.97983
-2.95568
-2.92478
-2.93646
-2.96777
-2.9534
-2.97372
-2.96449
-2.95266
-2.94673
-2.96342
-2.97011
-2.97146
-2.9627
-2.95248
-2.93896
-2.9567
-2.90709
-2.92348
-2.93329
-2.92411
-2.91396
-2.91286
-2.94008
-2.94324
-2.94804
-2.92895
-2.93064
-2.95011
-2.94525
-2.96822
-2.97541
-2.97821
-2.98672
-2.97499
-2.97132
-3.00538
-3.01569
-2.98769
-3.00355
-2.98426
-2.99275
-2.98967
-2.97324
-2.95814
-2.95246
-2.97266
-2.97762
-2.98673
-2.99532
-2.99059
-2.96763
-2.94825
-2.95147
-2.94809
-2.94089
-2.95072
-2.97741
-3.00503
-3.02522
-2.99116
-3.00337
-2.98653
-2.97761
-3.00224
-3.01168
-3.02239
-3.02882
-3.05583
-3.06989
-3.05789
-3.04219
-3.03442
-3.05484
-3.06494
-3.03782
-3.04316
-3.05692
-3.07866
-3.07882
-3.06196
-3.0615
-3.05607
-3.05876
-3.08397
-3.0625
-3.05023
-3.03152
-3.02259
-3.01869
-3.01581
-3.02273
-3.04204
-3.02118
-3.02611
-3.00926
-3.01551
-3.00102
-2.97042
-2.97787
-2.98012
-2.96807
-2.98769
-3.00002
-2.9949
-2.9892
-3.00698
-3.00637
-3.00355
-3.01602
-3.02164
-3.02586
-3.02805
-3.04715
-3.04368
-3.03837
-3.03128
-3.01475
-3.01435
-3.0254
-3.0214
-3.03407
-3.01611
-3.01942
-3.02247
-3.02988
-3.02048
-3.03504
-3.04053
-3.03711
-3.04429
-3.04391
-3.04794
-3.03934
-3.02377
-3.01428
-2.98338
-2.98136
-2.96195
-2.96617
-2.96261
-2.96125
-2.95789
-2.95294
-2.94781
-2.93845
-2.9346
-2.91431
-2.90883
-2.91335
-2.91318
-2.90432
-2.9135
-2.92604
-2.9146
-2.92052
-2.92795
-2.92993
-2.90397
-2.91906
-2.94145
-2.93372
-2.92258
-2.89935
-2.90524
-2.89556
-2.88179
-2.8794
-2.87095
-2.88639
-2.87624
-2.88496
-2.87621
-2.87233
-2.88075
-2.8959
-2.9
-2.88968
-2.87892
-2.87131
-2.85355
-2.88152
-2.88374
-2.88148
-2.86242
-2.84724
-2.84131
-2.86709
-2.87287
-2.89415
-2.88868
-2.8933
-2.87039
-2.88798
-2.924
-2.91492
-2.9232
-2.9393
-2.94316
-2.95285
-2.93176
-2.92716
-2.94325
-2.95763
-2.94494
-2.94614
-2.9581
-2.94158
-2.92868
-2.94247
-2.93972
-2.952
-2.90602
-2.9341
-2.93422
-2.95665
-2.94368
-2.93478
-2.94193
-2.93117
-2.95335
-2.92273
-2.95402
-2.93567
-2.94637
-2.95394
-2.94394
-2.92857
-2.93933
-2.94769
-2.92148
-2.94479
-2.94462
-2.91429
-2.88672
-2.88873
-2.8949
-2.87794
-2.85227
-2.84679
-2.84077
-2.79904
-2.78963
-2.7892
-2.80905
-2.80917
-2.78743
-2.81036
-2.80691
-2.77119
-2.75557
-2.74786
-2.71496
-2.75587
-2.70431
-2.69572
-2.6844
-2.65423
-2.66705
-2.67978
-2.6842
-2.69239
-2.70891
-2.67513
-2.6652
-2.71417
-2.72037
-2.67486
-2.66507
-2.69103
-2.6597
-2.68617
-2.66396
-2.61374
-2.58939
-2.60101
-2.58954
-2.58965
-2.5734
-2.52539
-2.53532
-2.56114
-2.59129
-2.5872
-2.60606
-2.61425
-2.6328
-2.61575
-2.5976
-2.5733
-2.55215
-2.56204
-2.56766
-2.50628
-2.4729
-2.50912
-2.51405
-2.49444
-2.47964
-2.47424
-2.42381
-2.47786
-2.48981
-2.48304
-2.45984
-2.45486
-2.47826
-2.48032
-2.46622
-2.47079
-2.48986
-2.46794
-2.48424
-2.45184
-2.46358
-2.52211
-2.5156
-2.48564
-2.52053
-2.48922
-2.50197
-2.52436
-2.58001
-2.59096
-2.56339
-2.51739
-2.47362
-2.48447
-2.48255
-2.46471
-2.48766
-2.47461
-2.37784
-2.35356
-2.36753
-2.34081
-2.32031
-2.32343
-2.31559
-2.35307
-2.31811
-2.36388
-2.24199
-2.2821
-2.28774
-2.23472
-2.26583
-2.29107
-2.30152
-2.33609
-2.3492
-2.39333
-2.40147
-2.35199
-2.34835
-2.31898
-2.3456
-2.35451
-2.31038
-2.26629
-2.18936
-2.19251
-2.17752
-2.24989
-2.29819
-2.26188
-2.29815
-2.27581
-2.24665
-2.1799
-2.10984
-2.13644
-2.22035
-2.16007
-2.19115
-2.19534
-2.20861
-2.22487
-2.20065
-2.1062
-2.07311
-2.05401
-2.0869
-2.0625
-2.08214
-2.06125
-2.12469
-2.09635
-2.11091
-2.16221
-2.12728
-2.16289
-2.21563
-2.1628
-2.13314
-2.10062
-2.04168
-2.0741
-2.03561
-2.03042
-2.04947
-2.05664
-2.03296
-2.00313
-1.96013
-1.94649
-1.94141
-1.97987
-1.90451
-1.88623
-1.87965
-1.83447
-1.84082
-1.83979
-1.81736
-1.8334
-1.80391
-1.90776
-1.9073
-1.89562
-1.9106
-1.92549
-1.91999
-1.93268
-1.96692
-1.99692
-1.98687
-1.9969
-1.94885
-1.89495
-1.88523
-1.87073
-1.89207
-1.87484
-1.83185
-1.79766
-1.78897
-1.82847
-1.76704
-1.77059
-1.81261
-1.8717
-1.85807
-1.87823
-1.84503
-1.83501
-1.81942
-1.76488
-1.8016
-1.82813
-1.87152
-1.85799
-1.83007
-1.82405
-1.82197
-1.81432
-1.7916
-1.77431
-1.73978
-1.78445
-1.80405
-1.80617
-1.85338
-1.85217
-1.82385
-1.80824
-1.83604
-1.8194
-1.81605
-1.8542
-1.83092
-1.79744
-1.77915
-1.79274
-1.81555
-1.844
-1.87078
-1.8745
-1.88285
-1.86492
-1.90641
-1.88478
-1.91333
-1.91799
-1.89297
-1.88016
-1.87698
-1.88015
-1.92885
-1.94018
-1.93577
-1.91045
-1.89625
-1.91491
-1.92562
-1.95411
-1.93719
-1.93609
-1.84793
-1.8686
-1.863
-1.80721
-1.75983
-1.74806
-1.7638
-1.78893
-1.81411
-1.79898
-1.76029
-1.72359
-1.7495
-1.80215
-1.79864
-1.74828
-1.79928
-1.79017
-1.73596
-1.74869
-1.82769
-1.79836
-1.78459
-1.7937
-1.76191
-1.77957
-1.78026
-1.82082
-1.81189
-1.82694
-1.81872
-1.79925
-1.79844
-1.76914
-1.76858
-1.7919
-1.76394
-1.80111
-1.87315
-1.85551
-1.87454
-1.90342
-1.90734
-1.91349
-1.87659
-1.86188
-1.87562
-1.88413
-1.88157
-1.80422
-1.83824
-1.7937
-1.75682
-1.74052
-1.68199
-1.64897
-1.6021
-1.6008
-1.63563
-1.61696
-1.61216
-1.65702
-1.64667
-1.64023
-1.74192
-1.733
-1.74618
