1.10715
1.10656
1.10597
1.10538
1.10479
1.10419
1.10359
1.10298
1.10238
1.10177
1.10116
1.10054
1.09992
1.0993
1.09868
1.09805
1.09742
1.09679
1.09616
1.09552
1.09489
1.09425
1.0936
1.09296
1.09231
1.09166
1.09101
1.09035
1.0897
1.08904
1.08838
1.08772
1.08705
1.08639
1.08572
1.08505
1.08438
1.0837
1.08303
1.08235
1.08167
1.08099
1.08031
1.07963
1.07894
1.07825
1.07757
1.07688
1.07618
1.07549
1.0748
1.0741
1.07341
1.07271
1.07201
1.07131
1.07061
1.06991
1.0692
1.0685
1.06779
1.06708
1.06638
1.06567
1.06496
1.06425
1.06354
1.06282
1.06211
1.06139
1.06068
1.05996
1.05925
1.05853
1.05781
1.05709
1.05637
1.05565
1.05493
1.05421
1.05348
1.05276
1.05204
1.05131
1.05059
1.04986
1.04914
1.04841
1.04768
1.04696
1.04623
1.0455
1.04477
1.04404
1.04331
1.04258
1.04185
1.04112
1.04039
1.03966
1.03893
1.03819
1.03746
1.03673
1.036
1.03526
1.03453
1.0338
1.03306
1.03233
1.0316
1.03086
1.03013
1.02939
1.02866
1.02792
1.02719
1.02646
1.02572
1.02499
1.02425
1.02351
1.02278
1.02204
1.02131
1.02057
1.01984
1.0191
1.01837
1.01763
1.0169
1.01616
1.01542
1.01469
1.01395
1.01322
1.01248
1.01175
1.01101
1.01028
1.00954
1.00881
1.00807
1.00734
1.0066
1.00587
1.00513
1.0044
1.00366
1.00293
1.0022
1.00146
1.00073
0.999995
0.999261
0.998528
0.997794
0.997061
0.996328
0.995596
0.994863
0.994131
0.993399
0.992667
0.991935
0.991203
0.990472
0.98974
0.989009
0.988278
0.987548
0.986817
0.986087
0.985357
0.984627
0.983898
0.983168
0.982439
0.98171
0.980982
0.980253
0.979525
0.978797
0.978069
0.977342
0.976615
0.975888
0.975161
0.974434
0.973708
0.972982
0.972257
0.971531
0.970806
0.970081
0.969357
0.968632
0.967908
0.967184
0.966461
0.965738
0.965015
0.964292
0.96357
0.962847
0.962126
0.961404
0.960683
0.959962
0.959241
0.958521
0.957801
0.957081
0.956362
0.955642
0.954923
0.954205
0.953487
0.952769
0.952051
0.951334
0.950616
0.9499
0.949183
0.948467
0.947751
0.947036
0.94632
0.945606
0.944891
0.944177
0.943463
0.942749
0.942036
0.941323
0.94061
0.939898
0.939186
0.938474
0.937762
0.937051
0.936341
0.93563
0.93492
0.93421
0.933501
0.932792
0.932083
0.931374
0.930666
0.929958
0.929251
0.928544
0.927837
0.92713
0.926424
0.925718
0.925012
0.924307
0.923602
0.922898
0.922194
0.92149
0.920786
0.920083
0.91938
0.918677
0.917975
0.917273
0.916572
0.915871
0.91517
0.914469
0.913769
0.913069
0.91237
0.91167
0.910971
0.910273
0.909575
0.908877
0.908179
0.907482
0.906785
0.906089
0.905393
0.904697
0.904001
0.903306
0.902611
0.901917
0.901223
0.900529
0.899835
0.899142
0.89845
0.897757
0.897065
0.896373
0.895682
0.894991
0.8943
0.89361
0.892919
0.89223
0.89154
0.890851
0.890163
0.889474
0.888786
0.888099
0.887411
0.886724
0.886038
0.885351
0.884665
0.88398
0.883294
0.882609
0.881925
0.88124
0.880556
0.879873
0.87919
0.878507
0.877824
0.877142
0.87646
0.875778
0.875097
0.874416
0.873736
0.873055
0.872376
0.871696
0.871017
0.870338
0.86966
0.868981
0.868304
0.867626
0.866949
0.866272
0.865596
0.86492
0.864244
0.863568
0.862893
0.862218
0.861544
0.86087
0.860196
0.859523
0.85885
0.858177
0.857504
0.856832
0.856161
0.855489
0.854818
0.854147
0.853477
0.852807
0.852137
0.851468
0.850799
0.85013
0.849462
0.848794
0.848126
0.847459
0.846792
0.846125
0.845459
0.844793
0.844127
0.843462
0.842797
0.842132
0.841468
0.840803
0.84014
0.839476
0.838813
0.838151
0.837488
0.836826
0.836165
0.835503
0.834842
0.834182
0.833521
0.832861
0.832202
0.831542
0.830883
0.830225
0.829566
0.828908
0.82825
0.827593
0.826936
0.826279
0.825623
0.824967
0.824311
0.823656
0.823001
0.822346
0.821692
0.821038
0.820384
0.81973
0.819077
0.818424
0.817772
0.81712
0.816468
0.815817
0.815165
0.814515
0.813864
0.813214
0.812564
0.811915
0.811265
0.810617
0.809968
0.80932
0.808672
0.808024
0.807377
0.80673
0.806084
0.805437
0.804791
0.804146
0.8035
0.802855
0.802211
0.801566
0.800922
0.800278
0.799635
0.798992
0.798349
0.797707
0.797065
0.796423
0.795781
0.79514
0.794499
0.793859
0.793218
0.792579
0.791939
0.7913
0.790661
0.790022
0.789384
0.788746
0.788108
0.787471
0.786833
0.786197
0.78556
0.784924
0.784288
0.783653
0.783017
0.782383
0.781748
0.781114
0.78048
0.779846
0.779213
0.77858
0.777947
0.777314
0.776682
0.77605
0.775419
0.774788
0.774157
0.773526
0.772896
0.772266
0.771636
0.771007
0.770378
0.769749
0.76912
0.768492
0.767864
0.767237
0.766609
0.765982
0.765356
0.764729
0.764103
0.763478
0.762852
0.762227
0.761602
0.760977
0.760353
0.759729
0.759105
0.758482
0.757859
0.757236
0.756613
0.755991
0.755369
0.754748
0.754126
0.753505
0.752884
0.752264
0.751644
0.751024
0.750404
0.749785
0.749166
0.748547
0.747929
0.74731
0.746692
0.746075
0.745457
0.74484
0.744224
0.743607
0.742991
0.742375
0.741759
0.741144
0.740529
0.739914
0.7393
0.738685
0.738071
0.737458
0.736844
0.736231
0.735618
0.735006
0.734393
0.733781
0.73317
0.732558
0.731947
0.731336
0.730725
0.730115
0.729505
0.728895
0.728285
0.727676
0.727067
0.726458
0.72585
0.725241
0.724633
0.724026
0.723418
0.722811
0.722204
0.721597
0.720991
0.720385
0.719779
0.719173
0.718568
0.717963
0.717358
0.716753
0.716149
0.715545
0.714941
0.714337
0.713734
0.713131
0.712528
0.711925
0.711323
0.710721
0.710119
0.709518
0.708916
0.708315
0.707714
0.707114
0.706513
0.705913
0.705313
0.704714
0.704114
0.703515
0.702916
0.702317
0.701719
0.701121
0.700523
0.699925
0.699327
0.69873
0.698133
0.697536
0.696939
0.696343
0.695747
0.695151
0.694555
0.695151
0.695746
0.696341
0.696936
0.697531
0.698125
0.698719
0.699313
0.699906
0.700499
0.701093
0.701686
0.702279
0.702871
0.703464
0.704056
0.704649
0.705241
0.705834
0.706426
0.707018
0.70761
0.708202
0.708794
0.709386
0.709979
0.710571
0.711163
0.711755
0.712347
0.71294
0.713532
0.714125
0.714717
0.71531
0.715903
0.716496
0.717089
0.717682
0.718276
0.718869
0.719463
0.720057
0.720651
0.721245
0.721839
0.722434
0.723029
0.723624
0.724219
0.724815
0.725411
0.726007
0.726603
0.7272
0.727797
0.728394
0.728991
0.729589
0.730187
0.730785
0.731384
0.731983
0.732582
0.733181
0.733781
0.734382
0.734982
0.735583
0.736184
0.736786
0.737388
0.73799
0.738593
0.739196
0.739799
0.740403
0.741008
0.741612
0.742217
0.742823
0.743429
0.744035
0.744641
0.745249
0.745856
0.746464
0.747072
0.747681
0.74829
0.7489
0.74951
0.750121
0.750732
0.751343
0.751955
0.752567
0.75318
0.753794
0.754407
0.755021
0.755636
0.756251
0.756867
0.757483
0.7581
0.758717
0.759334
0.759953
0.760571
0.76119
0.76181
0.76243
0.76305
0.763671
0.764293
0.764915
0.765538
0.766161
0.766784
0.767408
0.768033
0.768658
0.769284
0.76991
0.770537
0.771164
0.771792
0.77242
0.773049
0.773678
0.774308
0.774939
0.77557
0.776201
0.776833
0.777466
0.778099
0.778732
0.779367
0.780001
0.780637
0.781273
0.781909
0.782546
0.783183
0.783821
0.78446
0.785099
0.785739
0.786379
0.78702
0.787661
0.788303
0.788945
0.789588
0.790232
0.790876
0.79152
0.792166
0.792811
0.793458
0.794105
0.794752
0.7954
0.796049
0.796698
0.797347
0.797998
0.798648
0.7993
0.799952
0.800604
0.801257
0.801911
0.802565
0.80322
0.803875
0.804531
0.805187
0.805844
0.806502
0.80716
0.807819
0.808478
0.809138
0.809798
0.810459
0.811121
0.811783
0.812445
0.813108
0.813772
0.814437
0.815101
0.815767
0.816433
0.8171
0.817767
0.818434
0.819103
0.819772
0.820441
0.821111
0.821782
0.822453
0.823124
0.823797
0.824469
0.825143
0.825817
0.826491
0.827166
0.827842
0.828518
0.829195
0.829872
0.83055
0.831228
0.831907
0.832587
0.833267
0.833947
0.834629
0.83531
0.835993
0.836676
0.837359
0.838043
0.838728
0.839413
0.840098
0.840785
0.841471
0.842159
0.842846
0.843535
0.844224
0.844913
0.845604
0.846294
0.846985
0.847677
0.848369
0.849062
0.849756
0.85045
0.851144
0.851839
0.852535
0.853231
0.853928
0.854625
0.855323
0.856021
0.85672
0.857419
0.858119
0.85882
0.859521
0.860222
0.860924
0.861627
0.86233
0.863034
0.863738
0.864443
0.865149
0.865855
0.866561
0.867268
0.867976
0.868684
0.869392
0.870101
0.870811
0.871521
0.872232
0.872943
0.873655
0.874367
0.87508
0.875794
0.876507
0.877222
0.877937
0.878652
0.879368
0.880085
0.880802
0.88152
0.882238
0.882957
0.883676
0.884395
0.885116
0.885836
0.886558
0.88728
0.888002
0.888725
0.889448
0.890172
0.890896
0.891621
0.892347
0.893073
0.893799
0.894526
0.895254
0.895982
0.89671
0.897439
0.898169
0.898899
0.899629
0.900361
0.901092
0.901824
0.902557
0.90329
0.904024
0.904758
0.905492
0.906228
0.906963
0.907699
0.908436
0.909173
0.909911
0.910649
0.911388
0.912127
0.912867
0.913607
0.914347
0.915089
0.91583
0.916573
0.917315
0.918058
0.918802
0.919546
0.920291
0.921036
0.921782
0.922528
0.923274
0.924021
0.924769
0.925517
0.926266
0.927015
0.927764
0.928514
0.929265
0.930016
0.930767
0.931519
0.932272
0.933025
0.933778
0.934532
0.935286
0.936041
0.936797
0.937553
0.938309
0.939066
0.939823
0.940581
0.941339
0.942098
0.942857
0.943616
0.944377
0.945137
0.945898
0.94666
0.947422
0.948184
0.948947
0.949711
0.950474
0.951239
0.952004
0.952769
0.953535
0.954301
0.955068
0.955835
0.956602
0.95737
0.958139
0.958908
0.959677
0.960447
0.961218
0.961989
0.96276
0.963532
0.964304
0.965077
0.96585
0.966623
0.967397
0.968172
0.968947
0.969722
0.970498
0.971274
0.972051
0.972828
0.973606
0.974384
0.975163
0.975942
0.976721
0.977501
0.978281
0.979062
0.979843
0.980625
0.981407
0.98219
0.982973
0.983756
0.98454
0.985324
0.986109
0.986894
0.98768
0.988466
0.989253
0.99004
0.990827
0.991615
0.992403
0.993192
0.993981
0.994771
0.995561
0.996351
0.997142
0.997933
0.998725
0.999517
1.00031
1.0011
1.0019
1.00269
1.00348
1.00428
1.00507
1.00587
1.00667
1.00746
1.00826
1.00906
1.00985
1.01065
1.01145
1.01225
1.01305
1.01385
1.01465
1.01545
1.01625
1.01705
1.01785
1.01866
1.01946
1.02026
1.02106
1.02187
1.02267
1.02348
1.02428
1.02509
1.02589
1.0267
1.02751
1.02831
1.02912
1.02993
1.03074
1.03155
1.03236
1.03317
1.03398
1.03479
1.0356
1.03641
1.03722
1.03803
1.03884
1.03966
1.04047
1.04128
1.0421
1.04291
1.04373
1.04454
1.04536
1.04617
1.04699
1.04781
1.04862
1.04944
1.05026
1.05108
1.05189
1.05271
1.05353
1.05435
1.05517
1.05599
1.05681
1.05764
1.05846
1.05928
1.0601
1.06092
1.06175
1.06257
1.06339
1.06422
1.06504
1.06587
1.06669
1.06752
1.06835
1.06917
1.07
1.07083
1.07165
1.07248
1.07331
1.07414
1.07497
1.0758
1.07663
1.07746
1.07829
1.07912
1.07995
1.08078
1.08161
1.08245
1.08328
1.08411
1.08495
1.08578
1.08661
1.08745
1.08828
1.08912
1.08995
1.09079
1.09163
1.09246
1.0933
1.09414
1.09498
1.09581
1.09665
1.09749
1.09833
1.09917
1.10001
1.10085
1.10169
1.10253
1.10337
1.10421
1.10505
1.1059
1.10674
1.10758
1.10843
1.10927
1.11011
1.11096
1.1118
1.11265
1.11349
1.11434
1.11518
1.11603
1.11688
1.11772
1.11857
1.11942
1.12027
1.12111
1.12196
1.12281
1.12366
1.12451
1.12536
1.12621
1.12706
1.12791
1.12876
1.12961
1.13047
1.13132
1.13217
1.13302
1.13388
1.13473
1.13558
1.13644
1.13729
1.13815
1.139
1.13986
1.14071
1.14157
1.14242
1.14328
1.14414
1.14499
1.14585
1.14671
1.14757
1.14842
1.14928
1.15014
1.151
1.15186
1.15272
1.15358
1.15444
1.1553
1.15616
1.15702
1.15789
1.15875
1.15961
1.16047
1.16133
1.1622
1.16306
1.16392
1.16479
1.16565
1.16652
1.16738
1.16825
1.16911
1.16998
1.17084
1.17171
1.17258
1.17344
1.17431
1.17518
1.17605
1.17691
1.17778
1.17865
1.17952
1.18039
1.18126
1.18213
1.183
1.18387
1.18474
1.18561
1.18648
1.18735
1.18822
1.18909
1.18997
1.19084
1.19171
1.19258
1.19346
1.19433
1.1952
1.19608
1.19695
1.19783
1.1987
1.19958
1.20045
1.20133
1.2022
1.20308
1.20395
1.20483
1.20571
1.20658
1.20746
1.20834
1.20922
1.21009
1.21097
1.21185
1.21273
1.21361
1.21449
1.21537
1.21625
1.21713
1.21801
1.21889
1.21977
1.22065
1.22153
1.22241
1.22329
1.22417
1.22506
1.22594
1.22682
1.2277
1.22859
1.22947
1.23035
1.23124
1.23212
1.23301
1.23389
1.23478
1.23566
1.23655
1.23743
1.23832
1.2392
1.24009
1.24097
1.24186
1.24275
1.24363
1.24452
1.24541
1.2463
1.24718
1.24807
1.24896
1.24985
1.25074
1.25163
1.25251
1.2534
1.25429
1.25518
1.25607
1.25696
1.25785
1.25874
1.25963
1.26053
1.26142
1.26231
1.2632
1.26409
1.26498
1.26588
1.26677
1.26766
1.26855
1.26945
1.27034
1.27123
1.27213
1.27302
1.27391
1.27481
1.2757
1.2766
1.27749
1.27839
1.27928
1.28018
1.28107
1.28197
1.28286
1.28376
1.28465
1.28555
1.28645
1.28734
1.28824
1.28914
1.29004
1.29093
1.29183
1.29273
1.29363
1.29452
1.29542
1.29632
1.29722
1.29812
1.29902
1.29992
1.30082
1.30172
1.30261
1.30351
1.30441
1.30531
1.30621
1.30712
1.30802
1.30892
1.30982
1.31072
1.31162
1.31252
1.31342
1.31432
1.31523
1.31613
1.31703
1.31793
1.31884
1.31974
1.32064
1.32154
1.32245
1.32335
1.32425
1.32516
1.32606
1.32696
1.32787
1.32877
1.32968
1.33058
1.33149
1.33239
1.3333
1.3342
1.33511
1.33601
1.33692
1.33782
1.33873
1.33963
1.34054
1.34144
1.34235
1.34326
1.34416
1.34507
1.34598
1.34688
1.34779
1.3487
1.3496
1.35051
1.35142
1.35233
1.35323
1.35414
1.35505
1.35596
1.35687
1.35777
1.35868
1.35959
1.3605
1.36141
1.36232
1.36323
1.36414
1.36504
1.36595
1.36686
1.36777
1.36868
1.36959
1.3705
1.37141
1.37232
1.37323
1.37414
1.37505
1.37596
1.37687
1.37778
1.37869
1.37961
1.38052
1.38143
1.38234
1.38325
1.38416
1.38507
1.38598
1.38689
1.38781
1.38872
1.38963
1.39054
1.39145
1.39237
1.39328
1.39419
1.3951
1.39601
1.39693
1.39784
1.39875
1.39967
1.40058
1.40149
1.4024
1.40332
1.40423
1.40514
1.40606
1.40697
1.40788
1.4088
1.40971
1.41062
1.41154
1.41245
1.41336
1.41428
1.41519
1.41611
1.41702
1.41793
1.41885
1.41976
1.42068
1.42159
1.42251
1.42342
1.42434
1.42525
1.42616
1.42708
1.42799
1.42891
1.42982
1.43074
1.43165
1.43257
1.43348
1.4344
1.43531
1.43623
1.43714
1.43806
1.43897
1.43989
1.4408
1.44172
1.44264
1.44355
1.44447
1.44538
1.4463
1.44721
1.44813
1.44905
1.44996
1.45088
1.45179
1.45271
1.45362
1.45454
1.45546
1.45637
1.45729
1.4582
1.45912
1.46004
1.46095
1.46187
1.46278
1.4637
1.46462
1.46553
1.46645
1.46737
1.46828
1.4692
1.47011
1.47103
1.47195
1.47286
1.47378
1.4747
1.47561
1.47653
1.47745
1.47836
1.47928
1.48019
1.48111
1.48203
1.48294
1.48386
1.48478
1.48569
1.48661
1.48753
1.48844
1.48936
1.49027
1.49119
1.49211
1.49302
1.49394
1.49486
1.49577
1.49669
1.49761
1.49852
1.49944
1.50036
1.50127
1.50219
1.5031
1.50402
1.50494
1.50585
1.50677
1.50769
1.5086
1.50952
1.51043
1.51135
1.51227
1.51318
1.5141
1.51501
1.51593
1.51685
1.51776
1.51868
1.51959
1.52051
1.52143
1.52234
1.52326
1.52417
1.52509
1.52601
1.52692
1.52784
1.52875
1.52967
1.53058
1.5315
1.53241
1.53333
1.53425
1.53516
1.53608
1.53699
1.53791
1.53882
1.53974
1.54065
1.54157
1.54248
1.5434
1.54431
1.54523
1.54614
1.54706
1.54797
1.54889
1.5498
1.55072
1.55163
1.55254
1.55346
1.55437
1.55529
1.5562
1.55712
1.55803
1.55894
1.55986
1.56077
1.56169
1.5626
1.56351
1.56443
1.56534
1.56625
1.56717
1.56808
1.56899
1.56991
1.57082
1.57173
1.57265
1.57356
1.57447
1.57539
1.5763
1.57721
1.57812
1.57904
1.57995
1.58086
1.58177
1.58269
1.5836
1.58451
1.58542
1.58633
1.58725
1.58816
1.58907
1.58998
1.59089
1.5918
1.59271
1.59363
1.59454
1.59545
1.59636
1.59727
1.59818
1.59909
1.6
1.60091
1.60182
1.60273
1.60364
1.60455
1.60546
1.60637
1.60728
1.60819
1.6091
1.61001
1.61092
1.61183
1.61274
1.61365
1.61456
1.61547
1.61638
1.61728
1.61819
1.6191
1.62001
1.62092
1.62183
1.62273
1.62364
1.62455
1.62546
1.62636
1.62727
1.62818
1.62909
1.62999
1.6309
1.63181
1.63271
1.63362
1.63453
1.63543
1.63634
1.63725
1.63815
1.63906
1.63996
1.64087
1.64177
1.64268
1.64359
1.64449
1.6454
1.6463
1.6472
1.64811
1.64901
1.64992
1.65082
1.65173
1.65263
1.65353
1.65444
1.65534
1.65624
1.65715
1.65805
1.65895
1.65986
1.66076
1.66166
1.66256
1.66347
1.66437
1.66527
1.66617
1.66707
1.66798
1.66888
1.66978
1.67068
1.67158
1.67248
1.67338
1.67428
1.67518
1.67608
1.67698
1.67788
1.67878
1.67968
1.68058
1.68148
1.68238
1.68328
1.68418
1.68508
1.68598
1.68687
1.68777
1.68867
1.68957
1.69047
1.69136
1.69226
1.69316
1.69406
1.69495
1.69585
1.69675
1.69764
1.69854
1.69943
1.70033
1.70123
1.70212
1.70302
1.70391
1.70481
1.7057
1.7066
1.70749
1.70839
1.70928
1.71017
1.71107
1.71196
1.71286
1.71375
1.71464
1.71553
1.71643
1.71732
1.71821
1.7191
1.72
1.72089
1.72178
1.72267
1.72356
1.72445
1.72534
1.72624
1.72713
1.72802
1.72891
1.7298
1.73069
1.73158
1.73247
1.73335
1.73424
1.73513
1.73602
1.73691
1.7378
1.73869
1.73957
1.74046
1.74135
1.74224
1.74312
1.74401
1.7449
1.74578
1.74667
1.74756
1.74844
1.74933
1.75021
1.7511
1.75198
1.75287
1.75375
1.75464
1.75552
1.75641
1.75729
1.75817
1.75906
1.75994
1.76082
1.76171
1.76259
1.76347
1.76435
1.76524
1.76612
1.767
1.76788
1.76876
1.76964
1.77052
1.7714
1.77228
1.77316
1.77404
1.77492
1.7758
1.77668
1.77756
1.77844
1.77932
1.7802
1.78108
1.78195
1.78283
1.78371
1.78459
1.78546
1.78634
1.78722
1.78809
1.78897
1.78984
1.79072
1.7916
1.79247
1.79335
1.79422
1.79509
1.79597
1.79684
1.79772
1.79859
1.79946
1.80034
1.80121
1.80208
1.80295
1.80383
1.8047
1.80557
1.80644
1.80731
1.80818
1.80906
1.80993
1.8108
1.81167
1.81254
1.81341
1.81427
1.81514
1.81601
1.81688
1.81775
1.81862
1.81949
1.82035
1.82122
1.82209
1.82295
1.82382
1.82469
1.82555
1.82642
1.82729
1.82815
1.82902
1.82988
1.83075
1.83161
1.83247
1.83334
1.8342
1.83507
1.83593
1.83679
1.83765
1.83852
1.83938
1.84024
1.8411
1.84196
1.84283
1.84369
1.84455
1.84541
1.84627
1.84713
1.84799
1.84885
1.8497
1.85056
1.85142
1.85228
1.85314
1.854
1.85485
1.85571
1.85657
1.85742
1.85828
1.85914
1.85999
1.86085
1.8617
1.86256
1.86341
1.86427
1.86512
1.86598
1.86683
1.86769
1.86854
1.86939
1.87024
1.8711
1.87195
1.8728
1.87365
1.8745
1.87535
1.87621
1.87706
1.87791
1.87876
1.87961
1.88046
1.8813
1.88215
1.883
1.88385
1.8847
1.88555
1.88639
1.88724
1.88809
1.88894
1.88978
1.89063
1.89147
1.89232
1.89316
1.89401
1.89485
1.8957
1.89654
1.89739
1.89823
1.89907
1.89992
1.90076
1.9016
1.90244
1.90329
1.90413
1.90497
1.90581
1.90665
1.90749
1.90833
1.90917
1.91001
1.91085
1.91169
1.91253
1.91337
1.9142
1.91504
1.91588
1.91672
1.91755
1.91839
1.91923
1.92006
1.9209
1.92174
1.92257
1.92341
1.92424
1.92507
1.92591
1.92674
1.92758
1.92841
1.92924
1.93007
1.93091
1.93174
1.93257
1.9334
1.93423
1.93506
1.93589
1.93672
1.93755
1.93838
1.93921
1.94004
1.94087
1.9417
1.94253
1.94336
1.94418
1.94501
1.94584
1.94666
1.94749
1.94832
1.94914
1.94997
1.95079
1.95162
1.95244
1.95327
1.95409
1.95491
1.95574
1.95656
1.95738
1.9582
1.95903
1.95985
1.96067
1.96149
1.96231
1.96313
1.96395
1.96477
1.96559
1.96641
1.96723
1.96805
1.96887
1.96968
1.9705
1.97132
1.97214
1.97295
1.97377
1.97459
1.9754
1.97622
1.97703
1.97785
1.97866
1.97948
1.98029
1.9811
1.98192
1.98273
1.98354
1.98436
1.98517
1.98598
1.98679
1.9876
1.98841
1.98922
1.99003
1.99084
1.99165
1.99246
1.99327
1.99408
1.99489
1.9957
1.9965
1.99731
1.99812
1.99892
1.99973
2.00054
2.00134
2.00215
2.00295
2.00376
2.00456
2.00537
2.00617
2.00697
2.00778
2.00858
2.00938
2.01018
2.01098
2.01179
2.01259
2.01339
2.01419
2.01499
2.01579
2.01659
2.01739
2.01819
2.01899
2.01978
2.02058
2.02138
2.02218
2.02297
2.02377
2.02457
2.02536
2.02616
2.02695
2.02775
2.02854
2.02934
2.03013
2.03092
2.03172
2.03251
2.0333
2.0341
2.03489
2.03568
2.03647
2.03726
2.03805
2.03884
2.03963
2.04042
2.04121
2.042
2.04279
2.04358
2.04437
2.04515
2.04594
2.04673
2.04751
2.0483
2.04909
2.04987
2.05066
2.05144
2.05223
2.05301
2.0538
2.05458
2.05536
2.05615
2.05693
2.05771
2.05849
2.05927
2.06006
2.06084
2.06162
2.0624
2.06318
2.06396
2.06474
2.06552
2.06629
2.06707
2.06785
2.06863
2.06941
2.07018
2.07096
2.07173
2.07251
2.07329
2.07406
2.07484
2.07561
2.07639
2.07716
2.07793
2.07871
2.07948
2.08025
2.08102
2.0818
2.08257
2.08334
2.08411
2.08488
2.08565
2.08642
2.08719
2.08796
2.08873
2.0895
2.09026
2.09103
2.0918
2.09257
2.09333
2.0941
2.09487
2.09563
2.0964
2.09716
2.09793
2.09869
2.09945
2.10022
2.10098
2.10174
2.10251
2.10327
2.10403
2.10479
2.10555
2.10632
2.10708
2.10784
2.1086
2.10936
2.11011
2.11087
2.11163
2.11239
2.11315
2.11391
2.11466
2.11542
2.11618
2.11693
2.11769
2.11844
2.1192
2.11995
2.12071
2.12146
2.12221
2.12297
2.12372
2.12447
2.12523
2.12598
2.12673
2.12748
2.12823
2.12898
2.12973
2.13048
2.13123
2.13198
2.13273
2.13348
2.13423
2.13497
2.13572
2.13647
2.13722
2.13796
2.13871
2.13945
2.1402
2.14094
2.14169
2.14243
2.14318
2.14392
2.14466
2.14541
2.14615
2.14689
2.14763
2.14838
2.14912
2.14986
2.1506
2.15134
2.15208
2.15282
2.15356
2.1543
2.15503
2.15577
2.15651
2.15725
2.15799
2.15872
2.15946
2.16019
2.16093
2.16167
2.1624
2.16313
2.16387
2.1646
2.16534
2.16607
2.1668
2.16754
2.16827
2.169
2.16973
2.17046
2.17119
2.17192
2.17265
2.17338
2.17411
2.17484
2.17557
2.1763
2.17703
2.17775
2.17848
2.17921
2.17994
2.18066
2.18139
2.18211
2.18284
2.18356
2.18429
2.18501
2.18574
2.18646
2.18718
2.18791
2.18863
2.18935
2.19007
2.19079
2.19151
2.19224
2.19296
2.19368
2.1944
2.19511
2.19583
2.19655
2.19727
2.19799
2.19871
2.19942
2.20014
2.20086
2.20157
2.20229
2.203
2.20372
2.20443
2.20515
2.20586
2.20658
2.20729
2.208
2.20872
2.20943
2.21014
2.21085
2.21156
2.21228
2.21299
2.2137
2.21441
2.21512
2.21583
2.21653
2.21724
2.21795
2.21866
2.21937
2.22007
2.22078
2.22149
2.22219
2.2229
2.22361
2.22431
2.22502
2.22572
2.22642
2.22713
2.22783
2.22853
2.22924
2.22994
2.23064
2.23134
2.23204
2.23275
2.23345
2.23415
2.23485
2.23555
2.23625
2.23694
2.23764
2.23834
2.23904
2.23974
2.24043
2.24113
2.24183
2.24252
2.24322
2.24392
2.24461
2.24531
2.246
2.2467
2.24739
2.24808
2.24878
2.24947
2.25016
2.25085
2.25155
2.25224
2.25293
2.25362
2.25431
2.255
2.25569
2.25638
2.25707
2.25776
2.25844
2.25913
2.25982
2.26051
2.2612
2.26188
2.26257
2.26325
2.26394
2.26463
2.26531
2.266
2.26668
2.26736
2.26805
2.26873
2.26941
2.2701
2.27078
2.27146
2.27214
2.27282
2.27351
2.27419
2.27487
2.27555
2.27623
2.27691
2.27758
2.27826
2.27894
2.27962
2.2803
2.28097
2.28165
2.28233
2.283
2.28368
2.28436
2.28503
2.28571
2.28638
2.28706
2.28773
2.2884
2.28908
2.28975
2.29042
2.2911
2.29177
2.29244
2.29311
2.29378
2.29445
2.29512
2.29579
2.29646
2.29713
2.2978
2.29847
2.29914
2.29981
2.30047
2.30114
2.30181
2.30248
2.30314
2.30381
2.30447
2.30514
2.30581
2.30647
2.30713
2.3078
2.30846
2.30913
2.30979
2.31045
2.31112
2.31178
2.31244
2.3131
2.31376
2.31442
2.31508
2.31574
2.3164
2.31706
2.31772
2.31838
2.31904
2.3197
2.32036
2.32102
2.32167
2.32233
2.32299
2.32364
2.3243
2.32496
2.32561
2.32627
2.32692
2.32758
2.32823
2.32889
2.32954
2.33019
2.33085
2.3315
2.33215
2.3328
2.33345
2.33411
2.33476
2.33541
2.33606
2.33671
2.33736
2.33801
2.33866
2.33931
2.33996
2.3406
2.34125
2.3419
2.34255
2.3432
2.34384
2.34449
2.34513
2.34578
2.34643
2.34707
2.34772
2.34836
2.34901
2.34965
2.35029
2.35094
2.35158
2.35222
2.35287
2.35351
2.35415
2.35479
2.35543
2.35608
2.35672
2.35736
2.358
2.35864
2.35928
2.35992
2.36056
2.36119
2.36183
2.36247
2.36311
2.36375
2.36438
2.36502
2.36566
2.36629
2.36693
2.36757
2.3682
2.36884
2.36947
2.37011
2.37074
2.37138
2.37201
2.37264
2.37328
2.37391
2.37454
2.37517
2.37581
2.37644
2.37707
2.3777
2.37833
2.37896
2.37959
2.38022
2.38085
2.38148
2.38211
2.38274
2.38337
2.384
2.38463
2.38526
2.38588
2.38651
2.38714
2.38776
2.38839
2.38902
2.38964
2.39027
2.3909
2.39152
2.39215
2.39277
2.39339
2.39402
2.39464
2.39527
2.39589
2.39651
2.39714
2.39776
2.39838
2.399
2.39962
2.40025
2.40087
2.40149
2.40211
2.40273
2.40335
2.40397
2.40459
2.40521
2.40583
2.40645
2.40707
2.40769
2.4083
2.40892
2.40954
2.41016
2.41077
2.41139
2.41201
2.41262
2.41324
2.41386
2.41447
2.41509
2.4157
2.41632
2.41693
2.41755
2.41816
2.41878
2.41939
2.42
2.42062
2.42123
2.42184
2.42246
2.42307
2.42246
2.42184
2.42123
2.42062
2.42001
2.41939
2.41878
2.41817
2.41756
2.41695
2.41634
2.41573
2.41512
2.41451
2.4139
2.41329
2.41268
2.41207
2.41146
2.41085
2.41024
2.40963
2.40902
2.40841
2.4078
2.4072
2.40659
2.40598
2.40537
2.40476
2.40415
2.40354
2.40293
2.40232
2.40171
2.4011
2.40049
2.39988
2.39927
2.39866
2.39805
2.39744
2.39683
2.39622
2.3956
2.39499
2.39438
2.39377
2.39316
2.39255
2.39193
2.39132
2.39071
2.39009
2.38948
2.38887
2.38825
2.38764
2.38702
2.38641
2.38579
2.38518
2.38456
2.38395
2.38333
2.38271
2.3821
2.38148
2.38086
2.38024
2.37962
2.37901
2.37839
2.37777
2.37715
2.37653
2.37591
2.37529
2.37466
2.37404
2.37342
2.3728
2.37217
2.37155
2.37093
2.3703
2.36968
2.36905
2.36843
2.3678
2.36718
2.36655
2.36592
2.36529
2.36467
2.36404
2.36341
2.36278
2.36215
2.36152
2.36089
2.36026
2.35962
2.35899
2.35836
2.35773
2.35709
2.35646
2.35582
2.35519
2.35455
2.35392
2.35328
2.35264
2.352
2.35137
2.35073
2.35009
2.34945
2.34881
2.34817
2.34753
2.34689
2.34624
2.3456
2.34496
2.34431
2.34367
2.34302
2.34238
2.34173
2.34109
2.34044
2.33979
2.33914
2.3385
2.33785
2.3372
2.33655
2.3359
2.33525
2.33459
2.33394
2.33329
2.33263
2.33198
2.33133
2.33067
2.33002
2.32936
2.3287
2.32805
2.32739
2.32673
2.32607
2.32541
2.32475
2.32409
2.32343
2.32277
2.32211
2.32144
2.32078
2.32012
2.31945
2.31879
2.31812
2.31746
2.31679
2.31612
2.31546
2.31479
2.31412
2.31345
2.31278
2.31211
2.31144
2.31077
2.31009
2.30942
2.30875
2.30807
2.3074
2.30673
2.30605
2.30537
2.3047
2.30402
2.30334
2.30266
2.30199
2.30131
2.30063
2.29995
2.29926
2.29858
2.2979
2.29722
2.29653
2.29585
2.29517
2.29448
2.2938
2.29311
2.29242
2.29174
2.29105
2.29036
2.28967
2.28898
2.28829
2.2876
2.28691
2.28622
2.28553
2.28483
2.28414
2.28345
2.28275
2.28206
2.28136
2.28067
2.27997
2.27927
2.27857
2.27788
2.27718
2.27648
2.27578
2.27508
2.27438
2.27367
2.27297
2.27227
2.27157
2.27086
2.27016
2.26945
2.26875
2.26804
2.26734
2.26663
2.26592
2.26521
2.2645
2.2638
2.26309
2.26238
2.26166
2.26095
2.26024
2.25953
2.25882
2.2581
2.25739
2.25667
2.25596
2.25524
2.25453
2.25381
2.25309
2.25238
2.25166
2.25094
2.25022
2.2495
2.24878
2.24806
2.24734
2.24661
2.24589
2.24517
2.24444
2.24372
2.243
2.24227
2.24155
2.24082
2.24009
2.23936
2.23864
2.23791
2.23718
2.23645
2.23572
2.23499
2.23426
2.23353
2.2328
2.23206
2.23133
2.2306
2.22986
2.22913
2.22839
2.22766
2.22692
2.22619
2.22545
2.22471
2.22397
2.22323
2.22249
2.22175
2.22101
2.22027
2.21953
2.21879
2.21805
2.21731
2.21656
2.21582
2.21508
2.21433
2.21359
2.21284
2.21209
2.21135
2.2106
2.20985
2.2091
2.20836
2.20761
2.20686
2.20611
2.20536
2.2046
2.20385
2.2031
2.20235
2.20159
2.20084
2.20009
2.19933
2.19858
2.19782
2.19707
2.19631
2.19555
2.19479
2.19404
2.19328
2.19252
2.19176
2.191
2.19024
2.18948
2.18872
2.18796
2.18719
2.18643
2.18567
2.1849
2.18414
2.18337
2.18261
2.18184
2.18108
2.18031
2.17954
2.17878
2.17801
2.17724
2.17647
2.1757
2.17493
2.17416
2.17339
2.17262
2.17185
2.17108
2.1703
2.16953
2.16876
2.16798
2.16721
2.16643
2.16566
2.16488
2.16411
2.16333
2.16255
2.16177
2.161
2.16022
2.15944
2.15866
2.15788
2.1571
2.15632
2.15554
2.15475
2.15397
2.15319
2.15241
2.15162
2.15084
2.15005
2.14927
2.14848
2.1477
2.14691
2.14613
2.14534
2.14455
2.14376
2.14298
2.14219
2.1414
2.14061
2.13982
2.13903
2.13824
2.13744
2.13665
2.13586
2.13507
2.13427
2.13348
2.13269
2.13189
2.1311
2.1303
2.12951
2.12871
2.12791
2.12712
2.12632
2.12552
2.12472
2.12392
2.12312
2.12232
2.12152
2.12072
2.11992
2.11912
2.11832
2.11752
2.11672
2.11591
2.11511
2.11431
2.1135
2.1127
2.11189
2.11109
2.11028
2.10947
2.10867
2.10786
2.10705
2.10625
2.10544
2.10463
2.10382
2.10301
2.1022
2.10139
2.10058
2.09977
2.09896
2.09815
2.09733
2.09652
2.09571
2.09489
2.09408
2.09327
2.09245
2.09164
2.09082
2.09
2.08919
2.08837
2.08755
2.08674
2.08592
2.0851
2.08428
2.08346
2.08264
2.08182
2.081
2.08018
2.07936
2.07854
2.07772
2.0769
2.07608
2.07525
2.07443
2.07361
2.07278
2.07196
2.07113
2.07031
2.06948
2.06866
2.06783
2.067
2.06618
2.06535
2.06452
2.06369
2.06287
2.06204
2.06121
2.06038
2.05955
2.05872
2.05789
2.05706
2.05622
2.05539
2.05456
2.05373
2.0529
2.05206
2.05123
2.05039
2.04956
2.04873
2.04789
2.04706
2.04622
2.04538
2.04455
2.04371
2.04287
2.04204
2.0412
2.04036
2.03952
2.03868
2.03784
2.037
2.03616
2.03532
2.03448
2.03364
2.0328
2.03196
2.03112
2.03027
2.02943
2.02859
2.02775
2.0269
2.02606
2.02521
2.02437
2.02352
2.02268
2.02183
2.02099
2.02014
2.01929
2.01845
2.0176
2.01675
2.0159
2.01506
2.01421
2.01336
2.01251
2.01166
2.01081
2.00996
2.00911
2.00826
2.00741
2.00655
2.0057
2.00485
2.004
2.00315
2.00229
2.00144
2.00058
1.99973
1.99888
1.99802
1.99717
1.99631
1.99546
1.9946
1.99374
1.99289
1.99203
1.99117
1.99031
1.98946
1.9886
1.98774
1.98688
1.98602
1.98516
1.9843
1.98344
1.98258
1.98172
1.98086
1.98
1.97914
1.97828
1.97742
1.97655
1.97569
1.97483
1.97396
1.9731
1.97224
1.97137
1.97051
1.96964
1.96878
1.96791
1.96705
1.96618
1.96532
1.96445
1.96358
1.96272
1.96185
1.96098
1.96011
1.95925
1.95838
1.95751
1.95664
1.95577
1.9549
1.95403
1.95316
1.95229
1.95142
1.95055
1.94968
1.94881
1.94794
1.94706
1.94619
1.94532
1.94445
1.94357
1.9427
1.94183
1.94095
1.94008
1.9392
1.93833
1.93746
1.93658
1.9357
1.93483
1.93395
1.93308
1.9322
1.93132
1.93045
1.92957
1.92869
1.92782
1.92694
1.92606
1.92518
1.9243
1.92342
1.92254
1.92167
1.92079
1.91991
1.91903
1.91815
1.91727
1.91638
1.9155
1.91462
1.91374
1.91286
1.91198
1.91109
1.91021
1.90933
1.90845
1.90756
1.90668
1.9058
1.90491
1.90403
1.90314
1.90226
1.90137
1.90049
1.8996
1.89872
1.89783
1.89695
1.89606
1.89518
1.89429
1.8934
1.89251
1.89163
1.89074
1.88985
1.88896
1.88808
1.88719
1.8863
1.88541
1.88452
1.88363
1.88274
1.88185
1.88096
1.88007
1.87918
1.87829
1.8774
1.87651
1.87562
1.87473
1.87384
1.87295
1.87206
1.87116
1.87027
1.86938
1.86849
1.86759
1.8667
1.86581
1.86491
1.86402
1.86313
1.86223
1.86134
1.86044
1.85955
1.85865
1.85776
1.85686
1.85597
1.85507
1.85418
1.85328
1.85239
1.85149
1.85059
1.8497
1.8488
1.8479
1.84701
1.84611
1.84521
1.84431
1.84342
1.84252
1.84162
1.84072
1.83982
1.83892
1.83803
1.83713
1.83623
1.83533
1.83443
1.83353
1.83263
1.83173
1.83083
1.82993
1.82903
1.82813
1.82723
1.82633
1.82543
1.82452
1.82362
1.82272
1.82182
1.82092
1.82002
1.81911
1.81821
1.81731
1.81641
1.8155
1.8146
1.8137
1.81279
1.81189
1.81099
1.81008
1.80918
1.80828
1.80737
1.80647
1.80556
1.80466
1.80375
1.80285
1.80194
1.80104
1.80013
1.79923
1.79832
1.79742
1.79651
1.79561
1.7947
1.79379
1.79289
1.79198
1.79107
1.79017
1.78926
1.78835
1.78745
1.78654
1.78563
1.78473
1.78382
1.78291
1.782
1.7811
1.78019
1.77928
1.77837
1.77746
1.77655
1.77565
1.77474
1.77383
1.77292
1.77201
1.7711
1.77019
1.76928
1.76837
1.76746
1.76656
1.76565
1.76474
1.76383
1.76292
1.76201
1.7611
1.76019
1.75927
1.75836
1.75745
1.75654
1.75563
1.75472
1.75381
1.7529
1.75199
1.75108
1.75017
1.74925
1.74834
1.74743
1.74652
1.74561
1.7447
1.74378
1.74287
1.74196
1.74105
1.74014
1.73922
1.73831
1.7374
1.73649
1.73557
1.73466
1.73375
1.73284
1.73192
1.73101
1.7301
1.72918
1.72827
1.72736
1.72644
1.72553
1.72462
1.7237
1.72279
1.72188
1.72096
1.72005
1.71913
1.71822
1.71731
1.71639
1.71548
1.71456
1.71365
1.71274
1.71182
1.71091
1.70999
1.70908
1.70816
1.70725
1.70633
1.70542
1.70451
1.70359
1.70268
1.70176
1.70085
1.69993
1.69902
1.6981
1.69719
1.69627
1.69536
1.69444
1.69353
1.69261
1.6917
1.69078
1.68986
1.68895
1.68803
1.68712
1.6862
1.68529
1.68437
1.68346
1.68254
1.68163
1.68071
1.67979
1.67888
1.67796
1.67705
1.67613
1.67521
1.6743
1.67338
1.67247
1.67155
1.67064
1.66972
1.6688
1.66789
1.66697
1.66606
1.66514
1.66422
1.66331
1.66239
1.66148
1.66056
1.65964
1.65873
1.65781
1.6569
1.65598
1.65506
1.65415
1.65323
1.65232
1.6514
1.65048
1.64957
1.64865
1.64774
1.64682
1.6459
1.64499
1.64407
1.64315
1.64224
1.64132
1.64041
1.63949
1.63857
1.63766
1.63674
1.63583
1.63491
1.63399
1.63308
1.63216
1.63125
1.63033
1.62942
1.6285
1.62758
1.62667
1.62575
1.62484
1.62392
1.623
1.62209
1.62117
1.62026
1.61934
1.61843
1.61751
1.6166
1.61568
1.61476
1.61385
1.61293
1.61202
1.6111
1.61019
1.60927
1.60836
1.60744
1.60653
1.60561
1.6047
1.60378
1.60287
1.60195
1.60104
1.60012
1.59921
1.59829
1.59738
1.59646
1.59555
1.59463
1.59372
1.59281
1.59189
1.59098
1.59006
1.58915
1.58823
1.58732
1.58641
1.58549
1.58458
1.58366
1.58275
1.58184
1.58092
1.58001
1.57909
1.57818
1.57727
1.57635
1.57544
1.57453
1.57361
1.5727
1.57179
1.57087
1.56996
1.56905
1.56814
1.56722
1.56631
1.5654
1.56448
1.56357
1.56266
1.56175
1.56083
1.55992
1.55901
1.5581
1.55719
1.55627
1.55536
1.55445
1.55354
1.55263
1.55172
1.5508
1.54989
1.54898
1.54807
1.54716
1.54625
1.54534
1.54443
1.54352
1.54261
1.5417
1.54079
1.53987
1.53896
1.53805
1.53714
1.53623
1.53532
1.53441
1.53351
1.5326
1.53169
1.53078
1.52987
1.52896
1.52805
1.52714
1.52623
1.52532
1.52441
1.52351
1.5226
1.52169
1.52078
1.51987
1.51896
1.51806
1.51715
1.51624
1.51533
1.51443
1.51352
1.51261
1.5117
1.5108
1.50989
1.50898
1.50808
1.50717
1.50626
1.50536
1.50445
1.50354
1.50264
1.50173
1.50083
1.49992
1.49902
1.49811
1.49721
1.4963
1.4954
1.49449
1.49359
1.49268
1.49178
1.49087
1.48997
1.48906
1.48816
1.48726
1.48635
1.48545
1.48455
1.48364
1.48274
1.48184
1.48093
1.48003
1.47913
1.47823
1.47732
1.47642
1.47552
1.47462
1.47372
1.47281
1.47191
1.47101
1.47011
1.46921
1.46831
1.46741
1.46651
1.46561
1.46471
1.46381
1.46291
1.46201
1.46111
1.46021
1.45931
1.45841
1.45751
1.45661
1.45571
1.45481
1.45392
1.45302
1.45212
1.45122
1.45032
1.44943
1.44853
1.44763
1.44673
1.44584
1.44494
1.44404
1.44315
1.44225
1.44136
1.44046
1.43956
1.43867
1.43777
1.43688
1.43598
1.43509
1.43419
1.4333
1.4324
1.43151
1.43061
1.42972
1.42883
1.42793
1.42704
1.42615
1.42525
1.42436
1.42347
1.42258
1.42168
1.42079
1.4199
1.41901
1.41812
1.41722
1.41633
1.41544
1.41455
1.41366
1.41277
1.41188
1.41099
1.4101
1.40921
1.40832
1.40743
1.40654
1.40565
1.40476
1.40387
1.40299
1.4021
1.40121
1.40032
1.39943
1.39855
1.39766
1.39677
1.39589
1.395
1.39411
1.39323
1.39234
1.39145
1.39057
1.38968
1.3888
1.38791
1.38703
1.38614
1.38526
1.38437
1.38349
1.38261
1.38172
1.38084
1.37996
1.37907
1.37819
1.37731
1.37643
1.37554
1.37466
1.37378
1.3729
1.37202
1.37114
1.37025
1.36937
1.36849
1.36761
1.36673
1.36585
1.36497
1.36409
1.36321
1.36234
1.36146
1.36058
1.3597
1.35882
1.35794
1.35707
1.35619
1.35531
1.35443
1.35356
1.35268
1.3518
1.35093
1.35005
1.34918
1.3483
1.34743
1.34655
1.34568
1.3448
1.34393
1.34305
1.34218
1.34131
1.34043
1.33956
1.33869
1.33781
1.33694
1.33607
1.3352
1.33433
1.33345
1.33258
1.33171
1.33084
1.32997
1.3291
1.32823
1.32736
1.32649
1.32562
1.32475
1.32388
1.32301
1.32215
1.32128
1.32041
1.31954
1.31867
1.31781
1.31694
1.31607
1.31521
1.31434
1.31347
1.31261
1.31174
1.31088
1.31001
1.30915
1.30828
1.30742
1.30656
1.30569
1.30483
1.30396
1.3031
1.30224
1.30138
1.30051
1.29965
1.29879
1.29793
1.29707
1.29621
1.29535
1.29449
1.29363
1.29277
1.29191
1.29105
1.29019
1.28933
1.28847
1.28761
1.28675
1.28589
1.28504
1.28418
1.28332
1.28247
1.28161
1.28075
1.2799
1.27904
1.27819
1.27733
1.27647
1.27562
1.27477
1.27391
1.27306
1.2722
1.27135
1.2705
1.26964
1.26879
1.26794
1.26709
1.26624
1.26538
1.26453
1.26368
1.26283
1.26198
1.26113
1.26028
1.25943
1.25858
1.25773
1.25688
1.25603
1.25519
1.25434
1.25349
1.25264
1.2518
1.25095
1.2501
1.24926
1.24841
1.24756
1.24672
1.24587
1.24503
1.24418
1.24334
1.2425
1.24165
1.24081
1.23996
1.23912
1.23828
1.23744
1.23659
1.23575
1.23491
1.23407
1.23323
1.23239
1.23155
1.23071
1.22987
1.22903
1.22819
1.22735
1.22651
1.22567
1.22483
1.224
1.22316
1.22232
1.22149
1.22065
1.21981
1.21898
1.21814
1.2173
1.21647
1.21563
1.2148
1.21397
1.21313
1.2123
1.21146
1.21063
1.2098
1.20897
1.20813
1.2073
1.20647
1.20564
1.20481
1.20398
1.20315
1.20232
1.20149
1.20066
1.19983
1.199
1.19817
1.19734
1.19651
1.19568
1.19486
1.19403
1.1932
1.19238
1.19155
1.19072
1.1899
1.18907
1.18825
1.18742
1.1866
1.18577
1.18495
1.18413
1.1833
1.18248
1.18166
1.18084
1.18001
1.17919
1.17837
1.17755
1.17673
1.17591
1.17509
1.17427
1.17345
1.17263
1.17181
1.17099
1.17017
1.16935
1.16854
1.16772
1.1669
1.16609
1.16527
1.16445
1.16364
1.16282
1.16201
1.16119
1.16038
1.15956
1.15875
1.15793
1.15712
1.15631
1.15549
1.15468
1.15387
1.15306
1.15225
1.15144
1.15062
1.14981
1.149
1.14819
1.14738
1.14657
1.14577
1.14496
1.14415
1.14334
1.14253
1.14173
1.14092
1.14011
1.13931
1.1385
1.13769
1.13689
1.13608
1.13528
1.13447
1.13367
1.13287
1.13206
1.13126
1.13046
1.12965
1.12885
1.12805
1.12725
1.12645
1.12564
1.12484
1.12404
1.12324
1.12244
1.12164
1.12085
1.12005
1.11925
1.11845
1.11765
1.11686
1.11606
1.11526
1.11446
1.11367
1.11287
1.11208
1.11128
1.11049
1.10969
1.1089
1.10811
1.10731
1.10652
1.10573
1.10493
1.10414
1.10335
1.10256
1.10177
1.10098
1.10018
1.09939
1.0986
1.09781
1.09703
1.09624
1.09545
1.09466
1.09387
1.09308
1.0923
1.09151
1.09072
1.08994
1.08915
1.08837
1.08758
1.0868
1.08601
1.08523
1.08444
1.08366
1.08288
1.08209
1.08131
1.08053
1.07975
1.07896
1.07818
1.0774
1.07662
1.07584
1.07506
1.07428
1.0735
1.07272
1.07194
1.07117
1.07039
1.06961
1.06883
1.06806
1.06728
1.0665
1.06573
1.06495
1.06418
1.0634
1.06263
1.06185
1.06108
1.06031
1.05953
1.05876
1.05799
1.05721
1.05644
1.05567
1.0549
1.05413
1.05336
1.05259
1.05182
1.05105
1.05028
1.04951
1.04874
1.04797
1.04721
1.04644
1.04567
1.04491
1.04414
1.04337
1.04261
1.04184
1.04108
1.04031
1.03955
1.03878
1.03802
1.03726
1.03649
1.03573
1.03497
1.03421
1.03344
1.03268
1.03192
1.03116
1.0304
1.02964
1.02888
1.02812
1.02736
1.0266
1.02584
1.02509
1.02433
1.02357
1.02281
1.02206
1.0213
1.02055
1.01979
1.01904
1.01828
1.01753
1.01677
1.01602
1.01526
1.01451
1.01376
1.01301
1.01225
1.0115
1.01075
1.01
1.00925
1.0085
1.00775
1.007
1.00625
1.0055
1.00475
1.004
1.00325
1.00251
1.00176
1.00101
1.00027
0.999519
0.998773
0.998027
0.997282
0.996537
0.995792
0.995048
0.994304
0.99356
0.992817
0.992074
0.991331
0.990589
0.989847
0.989106
0.988364
0.987624
0.986883
0.986143
0.985403
0.984664
0.983924
0.983186
0.982447
0.981709
0.980971
0.980234
0.979497
0.97876
0.978023
0.977287
0.976552
0.975816
0.975081
0.974347
0.973612
0.972878
0.972145
0.971411
0.970678
0.969946
0.969213
0.968481
0.96775
0.967018
0.966288
0.965557
0.964827
0.964097
0.963367
0.962638
0.961909
0.961181
0.960453
0.959725
0.958997
0.95827
0.957543
0.956817
0.956091
0.955365
0.954639
0.953914
0.95319
0.952465
0.951741
0.951017
0.950294
0.949571
0.948848
0.948126
0.947404
0.946682
0.945961
0.94524
0.944519
0.943799
0.943079
0.942359
0.94164
0.940921
0.940202
0.939484
0.938766
0.938049
0.937331
0.936615
0.935898
0.935182
0.934466
0.93375
0.933035
0.93232
0.931606
0.930892
0.930178
0.929464
0.928751
0.928038
0.927326
0.926614
0.925902
0.925191
0.924479
0.923769
0.923058
0.922348
0.921638
0.920929
0.92022
0.919511
0.918803
0.918095
0.917387
0.91668
0.915973
0.915266
0.91456
0.913853
0.913148
0.912442
0.911737
0.911033
0.910328
0.909624
0.908921
0.908217
0.907514
0.906812
0.906109
0.905407
0.904706
0.904004
0.903304
0.902603
0.901903
0.901203
0.900503
0.899804
0.899105
0.898406
0.897708
0.89701
0.896312
0.895615
0.894918
0.894221
0.893525
0.892829
0.892134
0.891438
0.890743
0.890049
0.889354
0.88866
0.887967
0.887274
0.886581
0.885888
0.885196
0.884504
0.883812
0.883121
0.88243
0.881739
0.881049
0.880359
0.879669
0.87898
0.878291
0.877602
0.876914
0.876226
0.875538
0.874851
0.874164
0.873477
0.872791
0.872105
0.871419
0.870734
0.870049
0.869364
0.86868
0.867996
0.867312
0.866629
0.865946
0.865263
0.864581
0.863898
0.863217
0.862535
0.861854
0.861173
0.860493
0.859813
0.859133
0.858453
0.857774
0.857095
0.856417
0.855739
0.855061
0.854383
0.853706
0.853029
0.852352
0.851676
0.851
0.850325
0.849649
0.848974
0.8483
0.847625
0.846951
0.846278
0.845604
0.844931
0.844258
0.843586
0.842914
0.842242
0.841571
0.840899
0.840229
0.839558
0.838888
0.838218
0.837548
0.836879
0.83621
0.835541
0.834873
0.834205
0.833537
0.83287
0.832203
0.831536
0.83087
0.830204
0.829538
0.828872
0.828207
0.827542
0.826878
0.826213
0.825549
0.824886
0.824222
0.823559
0.822897
0.822234
0.821572
0.82091
0.820249
0.819588
0.818927
0.818266
0.817606
0.816946
0.816286
0.815627
0.814968
0.814309
0.813651
0.812992
0.812335
0.811677
0.81102
0.810363
0.809706
0.80905
0.808394
0.807738
0.807083
0.806427
0.805773
0.805118
0.804464
0.80381
0.803156
0.802503
0.80185
0.801197
0.800544
0.799892
0.79924
0.798589
0.797937
0.797286
0.796636
0.795985
0.795335
0.794685
0.794036
0.793386
0.792737
0.792089
0.79144
0.790792
0.790144
0.789497
0.78885
0.788203
0.787556
0.78691
0.786263
0.785618
0.784972
0.784327
0.783682
0.783037
0.782393
0.781748
0.781105
0.780461
0.779818
0.779175
0.778532
0.777889
0.777247
0.776605
0.775964
0.775322
0.774681
0.77404
0.7734
0.772759
0.772119
0.77148
0.77084
0.770201
0.769562
0.768923
0.768285
0.767647
0.767009
0.766371
0.765734
0.765097
0.76446
0.763823
0.763187
0.762551
0.761915
0.76128
0.760645
0.76001
0.759375
0.75874
0.758106
0.757472
0.756838
0.756205
0.755572
0.754939
0.754306
0.753674
0.753042
0.75241
0.751778
0.751146
0.750515
0.749884
0.749254
0.748623
0.747993
0.747363
0.746733
0.746104
0.745475
0.744845
0.744217
0.743588
0.74296
0.742332
0.741704
0.741076
0.740449
0.739822
0.740451
0.74108
0.741708
0.742336
0.742964
0.743591
0.744218
0.744845
0.745472
0.746098
0.746724
0.74735
0.747976
0.748602
0.749227
0.749852
0.750478
0.751103
0.751728
0.752353
0.752977
0.753602
0.754227
0.754851
0.755476
0.756101
0.756725
0.75735
0.757975
0.758599
0.759224
0.759849
0.760474
0.761099
0.761724
0.762349
0.762974
0.763599
0.764225
0.76485
0.765476
0.766102
0.766728
0.767354
0.76798
0.768607
0.769233
0.76986
0.770487
0.771115
0.771742
0.77237
0.772998
0.773626
0.774254
0.774883
0.775512
0.776141
0.776771
0.7774
0.778031
0.778661
0.779292
0.779922
0.780554
0.781185
0.781817
0.782449
0.783082
0.783715
0.784348
0.784982
0.785616
0.78625
0.786884
0.787519
0.788155
0.788791
0.789427
0.790063
0.7907
0.791337
0.791975
0.792613
0.793252
0.793891
0.79453
0.79517
0.79581
0.79645
0.797091
0.797733
0.798375
0.799017
0.79966
0.800303
0.800946
0.80159
0.802235
0.80288
0.803525
0.804171
0.804818
0.805464
0.806112
0.806759
0.807408
0.808056
0.808705
0.809355
0.810005
0.810656
0.811307
0.811959
0.812611
0.813263
0.813916
0.81457
0.815224
0.815879
0.816534
0.817189
0.817845
0.818502
0.819159
0.819817
0.820475
0.821133
0.821793
0.822452
0.823112
0.823773
0.824434
0.825096
0.825758
0.826421
0.827085
0.827748
0.828413
0.829078
0.829743
0.830409
0.831076
0.831743
0.83241
0.833078
0.833747
0.834416
0.835086
0.835756
0.836427
0.837098
0.83777
0.838443
0.839116
0.839789
0.840463
0.841138
0.841813
0.842489
0.843165
0.843842
0.844519
0.845197
0.845875
0.846554
0.847234
0.847914
0.848595
0.849276
0.849957
0.85064
0.851323
0.852006
0.85269
0.853374
0.854059
0.854745
0.855431
0.856118
0.856805
0.857493
0.858181
0.85887
0.859559
0.860249
0.86094
0.861631
0.862322
0.863015
0.863707
0.864401
0.865094
0.865789
0.866484
0.867179
0.867875
0.868572
0.869269
0.869967
0.870665
0.871364
0.872063
0.872763
0.873463
0.874164
0.874866
0.875568
0.876271
0.876974
0.877678
0.878382
0.879087
0.879792
0.880498
0.881204
0.881911
0.882619
0.883327
0.884036
0.884745
0.885455
0.886165
0.886876
0.887587
0.888299
0.889011
0.889724
0.890438
0.891152
0.891867
0.892582
0.893297
0.894014
0.89473
0.895448
0.896166
0.896884
0.897603
0.898322
0.899042
0.899763
0.900484
0.901205
0.901928
0.90265
0.903373
0.904097
0.904821
0.905546
0.906272
0.906997
0.907724
0.908451
0.909178
0.909906
0.910634
0.911364
0.912093
0.912823
0.913554
0.914285
0.915016
0.915749
0.916481
0.917214
0.917948
0.918682
0.919417
0.920152
0.920888
0.921625
0.922361
0.923099
0.923837
0.924575
0.925314
0.926053
0.926793
0.927534
0.928275
0.929016
0.929758
0.930501
0.931244
0.931987
0.932731
0.933476
0.934221
0.934966
0.935712
0.936459
0.937206
0.937953
0.938701
0.93945
0.940199
0.940948
0.941699
0.942449
0.9432
0.943952
0.944704
0.945456
0.946209
0.946963
0.947717
0.948472
0.949227
0.949982
0.950738
0.951495
0.952252
0.953009
0.953767
0.954525
0.955284
0.956044
0.956804
0.957564
0.958325
0.959087
0.959848
0.960611
0.961374
0.962137
0.962901
0.963665
0.96443
0.965195
0.965961
0.966727
0.967494
0.968261
0.969028
0.969796
0.970565
0.971334
0.972104
0.972874
0.973644
0.974415
0.975186
0.975958
0.976731
0.977503
0.978277
0.97905
0.979825
0.980599
0.981374
0.98215
0.982926
0.983703
0.98448
0.985257
0.986035
0.986813
0.987592
0.988371
0.989151
0.989931
0.990712
0.991493
0.992275
0.993057
0.993839
0.994622
0.995405
0.996189
0.996974
0.997758
0.998543
0.999329
1.00012
1.0009
1.00169
1.00248
1.00326
1.00405
1.00484
1.00563
1.00642
1.00721
1.008
1.00879
1.00958
1.01037
1.01117
1.01196
1.01275
1.01355
1.01434
1.01513
1.01593
1.01672
1.01752
1.01832
1.01911
1.01991
1.02071
1.02151
1.0223
1.0231
1.0239
1.0247
1.0255
1.0263
1.0271
1.0279
1.02871
1.02951
1.03031
1.03111
1.03192
1.03272
1.03352
1.03433
1.03513
1.03594
1.03675
1.03755
1.03836
1.03917
1.03997
1.04078
1.04159
1.0424
1.04321
1.04402
1.04483
1.04564
1.04645
1.04726
1.04807
1.04888
1.0497
1.05051
1.05132
1.05213
1.05295
1.05376
1.05458
1.05539
1.05621
1.05702
1.05784
1.05866
1.05948
1.06029
1.06111
1.06193
1.06275
1.06357
1.06439
1.06521
1.06603
1.06685
1.06767
1.06849
1.06931
1.07013
1.07096
1.07178
1.0726
1.07343
1.07425
1.07508
1.0759
1.07673
1.07755
1.07838
1.0792
1.08003
1.08086
1.08169
1.08251
1.08334
1.08417
1.085
1.08583
1.08666
1.08749
1.08832
1.08915
1.08998
1.09081
1.09164
1.09248
1.09331
1.09414
1.09498
1.09581
1.09664
1.09748
1.09831
1.09915
1.09998
1.10082
1.10166
1.10249
1.10333
1.10417
1.105
1.10584
1.10668
1.10752
1.10836
1.1092
1.11004
1.11088
1.11172
1.11256
1.1134
1.11424
1.11508
1.11593
1.11677
1.11761
1.11846
1.1193
1.12014
1.12099
1.12183
1.12268
1.12352
1.12437
1.12521
1.12606
1.12691
1.12775
1.1286
1.12945
1.1303
1.13114
1.13199
1.13284
1.13369
1.13454
1.13539
1.13624
1.13709
1.13794
1.13879
1.13965
1.1405
1.14135
1.1422
1.14305
1.14391
1.14476
1.14562
1.14647
1.14732
1.14818
1.14903
1.14989
1.15074
1.1516
1.15246
1.15331
1.15417
1.15503
1.15589
1.15674
1.1576
1.15846
1.15932
1.16018
1.16104
1.1619
1.16276
1.16362
1.16448
1.16534
1.1662
1.16706
1.16792
1.16878
1.16965
1.17051
1.17137
1.17224
1.1731
1.17396
1.17483
1.17569
1.17656
1.17742
1.17829
1.17915
1.18002
1.18088
1.18175
1.18262
1.18348
1.18435
1.18522
1.18609
1.18695
1.18782
1.18869
1.18956
1.19043
1.1913
1.19217
1.19304
1.19391
1.19478
1.19565
1.19652
1.19739
1.19826
1.19914
1.20001
1.20088
1.20175
1.20263
1.2035
1.20437
1.20525
1.20612
1.20699
1.20787
1.20874
1.20962
1.21049
1.21137
1.21225
1.21312
1.214
1.21488
1.21575
1.21663
1.21751
1.21838
1.21926
1.22014
1.22102
1.2219
1.22278
1.22365
1.22453
1.22541
1.22629
1.22717
1.22805
1.22893
1.22982
1.2307
1.23158
1.23246
1.23334
1.23422
1.23511
1.23599
1.23687
1.23775
1.23864
1.23952
1.2404
1.24129
1.24217
1.24306
1.24394
1.24482
1.24571
1.24659
1.24748
1.24837
1.24925
1.25014
1.25102
1.25191
1.2528
1.25368
1.25457
1.25546
1.25635
1.25723
1.25812
1.25901
1.2599
1.26079
1.26168
1.26257
1.26346
1.26435
1.26523
1.26612
1.26702
1.26791
1.2688
1.26969
1.27058
1.27147
1.27236
1.27325
1.27414
1.27504
1.27593
1.27682
1.27771
1.27861
1.2795
1.28039
1.28129
1.28218
1.28307
1.28397
1.28486
1.28575
1.28665
1.28754
1.28844
1.28933
1.29023
1.29112
1.29202
1.29292
1.29381
1.29471
1.2956
1.2965
1.2974
1.29829
1.29919
1.30009
1.30099
1.30188
1.30278
1.30368
1.30458
1.30548
1.30637
1.30727
1.30817
1.30907
1.30997
1.31087
1.31177
1.31267
1.31357
1.31447
1.31537
1.31627
1.31717
1.31807
1.31897
1.31987
1.32077
1.32167
1.32257
1.32348
1.32438
1.32528
1.32618
1.32708
1.32798
1.32889
1.32979
1.33069
1.3316
1.3325
1.3334
1.3343
1.33521
1.33611
1.33702
1.33792
1.33882
1.33973
1.34063
1.34154
1.34244
1.34335
1.34425
1.34516
1.34606
1.34697
1.34787
1.34878
1.34968
1.35059
1.35149
1.3524
1.35331
1.35421
1.35512
1.35602
1.35693
1.35784
1.35874
1.35965
1.36056
1.36147
1.36237
1.36328
1.36419
1.3651
1.366
1.36691
1.36782
1.36873
1.36964
1.37054
1.37145
1.37236
1.37327
1.37418
1.37509
1.376
1.37691
1.37782
1.37873
1.37963
1.38054
1.38145
1.38236
1.38327
1.38418
1.38509
1.386
1.38691
1.38782
1.38873
1.38964
1.39056
1.39147
1.39238
1.39329
1.3942
1.39511
1.39602
1.39693
1.39784
1.39875
1.39967
1.40058
1.40149
1.4024
1.40331
1.40422
1.40514
1.40605
1.40696
1.40787
1.40879
1.4097
1.41061
1.41152
1.41244
1.41335
1.41426
1.41517
1.41609
1.417
1.41791
1.41883
1.41974
1.42065
1.42156
1.42248
1.42339
1.4243
1.42522
1.42613
1.42705
1.42796
1.42887
1.42979
1.4307
1.43161
1.43253
1.43344
1.43436
1.43527
1.43618
1.4371
1.43801
1.43893
1.43984
1.44076
1.44167
1.44259
1.4435
1.44441
1.44533
1.44624
1.44716
1.44807
1.44899
1.4499
1.45082
1.45173
1.45265
1.45356
1.45448
1.45539
1.45631
1.45722
1.45814
1.45905
1.45997
1.46088
1.4618
1.46271
1.46363
1.46454
1.46546
1.46638
1.46729
1.46821
1.46912
1.47004
1.47095
1.47187
1.47278
1.4737
1.47462
1.47553
1.47645
1.47736
1.47828
1.47919
1.48011
1.48102
1.48194
1.48286
1.48377
1.48469
1.4856
1.48652
1.48743
1.48835
1.48927
1.49018
1.4911
1.49201
1.49293
1.49384
1.49476
1.49568
1.49659
1.49751
1.49842
1.49934
1.50026
1.50117
1.50209
1.503
1.50392
1.50483
1.50575
1.50666
1.50758
1.5085
1.50941
1.51033
1.51124
1.51216
1.51307
1.51399
1.51491
1.51582
1.51674
1.51765
1.51857
1.51948
1.5204
1.52131
1.52223
1.52314
1.52406
1.52497
1.52589
1.52681
1.52772
1.52864
1.52955
1.53047
1.53138
1.5323
1.53321
1.53413
1.53504
1.53596
1.53687
1.53779
1.5387
1.53962
1.54053
1.54144
1.54236
1.54327
1.54419
1.5451
1.54602
1.54693
1.54785
1.54876
1.54967
1.55059
1.5515
1.55242
1.55333
1.55425
1.55516
1.55607
1.55699
1.5579
1.55881
1.55973
1.56064
1.56156
1.56247
1.56338
1.5643
1.56521
1.56612
1.56704
1.56795
1.56886
1.56977
1.57069
1.5716
1.57251
1.57343
1.57434
1.57525
1.57616
1.57708
1.57799
1.5789
1.57981
1.58073
1.58164
1.58255
1.58346
1.58437
1.58529
1.5862
1.58711
1.58802
1.58893
1.58984
1.59076
1.59167
1.59258
1.59349
1.5944
1.59531
1.59622
1.59713
1.59804
1.59895
1.59986
1.60077
1.60168
1.60259
1.6035
1.60442
1.60532
1.60623
1.60714
1.60805
1.60896
1.60987
1.61078
1.61169
1.6126
1.61351
1.61442
1.61533
1.61624
1.61715
1.61805
1.61896
1.61987
1.62078
1.62169
1.6226
1.6235
1.62441
1.62532
1.62623
1.62713
1.62804
1.62895
1.62986
1.63076
1.63167
1.63258
1.63348
1.63439
1.6353
1.6362
1.63711
1.63802
1.63892
1.63983
1.64073
1.64164
1.64254
1.64345
1.64435
1.64526
1.64616
1.64707
1.64797
1.64888
1.64978
1.65069
1.65159
1.6525
1.6534
1.6543
1.65521
1.65611
1.65702
1.65792
1.65882
1.65973
1.66063
1.66153
1.66243
1.66334
1.66424
1.66514
1.66604
1.66694
1.66785
1.66875
1.66965
1.67055
1.67145
1.67235
1.67325
1.67416
1.67506
1.67596
1.67686
1.67776
1.67866
1.67956
1.68046
1.68136
1.68226
1.68316
1.68406
1.68495
1.68585
1.68675
1.68765
1.68855
1.68945
1.69035
1.69124
1.69214
1.69304
1.69394
1.69483
1.69573
1.69663
1.69752
1.69842
1.69932
1.70021
1.70111
1.70201
1.7029
1.7038
1.70469
1.70559
1.70648
1.70738
1.70827
1.70917
1.71006
1.71096
1.71185
1.71275
1.71364
1.71453
1.71543
1.71632
1.71721
1.71811
1.719
1.71989
1.72078
1.72168
1.72257
1.72346
1.72435
1.72524
1.72613
1.72703
1.72792
1.72881
1.7297
1.73059
1.73148
1.73237
1.73326
1.73415
1.73504
1.73593
1.73682
1.73771
1.73859
1.73948
1.74037
1.74126
1.74215
1.74303
1.74392
1.74481
1.7457
1.74658
1.74747
1.74836
1.74924
1.75013
1.75102
1.7519
1.75279
1.75367
1.75456
1.75544
1.75633
1.75721
1.7581
1.75898
1.75987
1.76075
1.76163
1.76252
1.7634
1.76428
1.76517
1.76605
1.76693
1.76781
1.76869
1.76958
1.77046
1.77134
1.77222
1.7731
1.77398
1.77486
1.77574
1.77662
1.7775
1.77838
1.77926
1.78014
1.78102
1.7819
1.78278
1.78365
1.78453
1.78541
1.78629
1.78717
1.78804
1.78892
1.7898
1.79067
1.79155
1.79243
1.7933
1.79418
1.79505
1.79593
1.7968
1.79768
1.79855
1.79943
1.8003
1.80117
1.80205
1.80292
1.80379
1.80467
1.80554
1.80641
1.80729
1.80816
1.80903
1.8099
1.81077
1.81164
1.81251
1.81338
1.81425
1.81512
1.81599
1.81686
1.81773
1.8186
1.81947
1.82034
1.82121
1.82208
1.82295
1.82381
1.82468
1.82555
1.82642
1.82728
1.82815
1.82901
1.82988
1.83075
1.83161
1.83248
1.83334
1.83421
1.83507
1.83594
1.8368
1.83766
1.83853
1.83939
1.84025
1.84112
1.84198
1.84284
1.8437
1.84457
1.84543
1.84629
1.84715
1.84801
1.84887
1.84973
1.85059
1.85145
1.85231
1.85317
1.85403
1.85489
1.85575
1.8566
1.85746
1.85832
1.85918
1.86003
1.86089
1.86175
1.8626
1.86346
1.86432
1.86517
1.86603
1.86688
1.86774
1.86859
1.86945
1.8703
1.87115
1.87201
1.87286
1.87371
1.87457
1.87542
1.87627
1.87712
1.87798
1.87883
1.87968
1.88053
1.88138
1.88223
1.88308
1.88393
1.88478
1.88563
1.88648
1.88733
1.88817
1.88902
1.88987
1.89072
1.89157
1.89241
1.89326
1.89411
1.89495
1.8958
1.89664
1.89749
1.89833
1.89918
1.90002
1.90087
1.90171
1.90256
1.9034
1.90424
1.90508
1.90593
1.90677
1.90761
1.90845
1.90929
1.91014
1.91098
1.91182
1.91266
1.9135
1.91434
1.91518
1.91602
1.91685
1.91769
1.91853
1.91937
1.92021
1.92104
1.92188
1.92272
1.92356
1.92439
1.92523
1.92606
1.9269
1.92773
1.92857
1.9294
1.93024
1.93107
1.93191
1.93274
1.93357
1.9344
1.93524
1.93607
1.9369
1.93773
1.93856
1.9394
1.94023
1.94106
1.94189
1.94272
1.94355
1.94438
1.9452
1.94603
1.94686
1.94769
1.94852
1.94934
1.95017
1.951
1.95183
1.95265
1.95348
1.9543
1.95513
1.95595
1.95678
1.9576
1.95843
1.95925
1.96007
1.9609
1.96172
1.96254
1.96337
1.96419
1.96501
1.96583
1.96665
1.96747
1.96829
1.96911
1.96993
1.97075
1.97157
1.97239
1.97321
1.97403
1.97485
1.97566
1.97648
1.9773
1.97812
1.97893
1.97975
1.98056
1.98138
1.98219
1.98301
1.98382
1.98464
1.98545
1.98627
1.98708
1.98789
1.98871
1.98952
1.99033
1.99114
1.99195
1.99277
1.99358
1.99439
1.9952
1.99601
1.99682
1.99763
1.99843
1.99924
2.00005
2.00086
2.00167
2.00248
2.00328
2.00409
2.0049
2.0057
2.00651
2.00731
2.00812
2.00892
2.00973
2.01053
2.01134
2.01214
2.01294
2.01375
2.01455
2.01535
2.01615
2.01696
2.01776
2.01856
2.01936
2.02016
2.02096
2.02176
2.02256
2.02336
2.02416
2.02495
2.02575
2.02655
2.02735
2.02815
2.02894
2.02974
2.03054
2.03133
2.03213
2.03292
2.03372
2.03451
2.03531
2.0361
2.03689
2.03769
2.03848
2.03927
2.04006
2.04086
2.04165
2.04244
2.04323
2.04402
2.04481
2.0456
2.04639
2.04718
2.04797
2.04876
2.04955
2.05034
2.05112
2.05191
2.0527
2.05348
2.05427
2.05506
2.05584
2.05663
2.05741
2.0582
2.05898
2.05977
2.06055
2.06133
2.06212
2.0629
2.06368
2.06446
2.06525
2.06603
2.06681
2.06759
2.06837
2.06915
2.06993
2.07071
2.07149
2.07227
2.07305
2.07383
2.0746
2.07538
2.07616
2.07693
2.07771
2.07849
2.07926
2.08004
2.08081
2.08159
2.08236
2.08314
2.08391
2.08468
2.08546
2.08623
2.087
2.08778
2.08855
2.08932
2.09009
2.09086
2.09163
2.0924
2.09317
2.09394
2.09471
2.09548
2.09625
2.09702
2.09778
2.09855
2.09932
2.10009
2.10085
2.10162
2.10238
2.10315
2.10391
2.10468
2.10544
2.10621
2.10697
2.10773
2.1085
2.10926
2.11002
2.11079
2.11155
2.11231
2.11307
2.11383
2.11459
2.11535
2.11611
2.11687
2.11763
2.11839
2.11915
2.1199
2.12066
2.12142
2.12218
2.12293
2.12369
2.12445
2.1252
2.12596
2.12671
2.12747
2.12822
2.12897
2.12973
2.13048
2.13123
2.13199
2.13274
2.13349
2.13424
2.13499
2.13575
2.1365
2.13725
2.138
2.13875
2.1395
2.14024
2.14099
2.14174
2.14249
2.14324
2.14398
2.14473
2.14548
2.14622
2.14697
2.14772
2.14846
2.14921
2.14995
2.15069
2.15144
2.15218
2.15292
2.15367
2.15441
2.15515
2.15589
2.15664
2.15738
2.15812
2.15886
2.1596
2.16034
2.16108
2.16182
2.16255
2.16329
2.16403
2.16477
2.16551
2.16624
2.16698
2.16772
2.16845
2.16919
2.16992
2.17066
2.17139
2.17213
2.17286
2.1736
2.17433
2.17506
2.17579
2.17653
2.17726
2.17799
2.17872
2.17945
2.18018
2.18091
2.18164
2.18237
2.1831
2.18383
2.18456
2.18529
2.18602
2.18674
2.18747
2.1882
2.18892
2.18965
2.19038
2.1911
2.19183
2.19255
2.19328
2.194
2.19473
2.19545
2.19617
2.1969
2.19762
2.19834
2.19906
2.19978
2.2005
2.20123
2.20195
2.20267
2.20339
2.20411
2.20482
2.20554
2.20626
2.20698
2.2077
2.20842
2.20913
2.20985
2.21057
2.21128
2.212
2.21271
2.21343
2.21414
2.21486
2.21557
2.21629
2.217
2.21771
2.21843
2.21914
2.21985
2.22056
2.22127
2.22198
2.2227
2.22341
2.22412
2.22483
2.22554
2.22624
2.22695
2.22766
2.22837
2.22908
2.22979
2.23049
2.2312
2.23191
2.23261
2.23332
2.23402
2.23473
2.23543
2.23614
2.23684
2.23755
2.23825
2.23895
2.23966
2.24036
2.24106
2.24176
2.24246
2.24316
2.24387
2.24457
2.24527
2.24597
2.24667
2.24737
2.24806
2.24876
2.24946
2.25016
2.25086
2.25155
2.25225
2.25295
2.25364
2.25434
2.25504
2.25573
2.25643
2.25712
2.25781
2.25851
2.2592
2.2599
2.26059
2.26128
2.26197
2.26267
2.26336
2.26405
2.26474
2.26543
2.26612
2.26681
2.2675
2.26819
2.26888
2.26957
2.27026
2.27095
2.27163
2.27232
2.27301
2.2737
2.27438
2.27507
2.27576
2.27644
2.27713
2.27781
2.2785
2.27918
2.27986
2.28055
2.28123
2.28191
2.2826
2.28328
2.28396
2.28464
2.28533
2.28601
2.28669
2.28737
2.28805
2.28873
2.28941
2.29009
2.29077
2.29145
2.29212
2.2928
2.29348
2.29416
2.29484
2.29551
2.29619
2.29687
2.29754
2.29822
2.29889
2.29957
2.30024
2.30092
2.30159
2.30226
2.30294
2.30361
2.30428
2.30496
2.30563
2.3063
2.30697
2.30764
2.30832
2.30899
2.30966
2.31033
2.311
2.31167
2.31234
2.313
2.31367
2.31434
2.31501
2.31568
2.31634
2.31701
2.31768
2.31835
2.31901
2.31968
2.32034
2.32101
2.32167
2.32234
2.323
2.32367
2.32433
2.32499
2.32566
2.32632
2.32698
2.32765
2.32831
2.32897
2.32963
2.33029
2.33095
2.33162
2.33228
2.33294
2.3336
2.33426
2.33491
2.33557
2.33623
2.33689
2.33755
2.33821
2.33886
2.33952
2.34018
2.34084
2.34149
2.34215
2.3428
2.34346
2.34412
2.34477
2.34543
2.34608
2.34673
2.34739
2.34804
2.3487
2.34935
2.35
2.35065
2.35131
2.35196
2.35261
2.35326
2.35391
2.35456
2.35521
2.35587
2.35652
2.35717
2.35781
2.35846
2.35911
2.35976
2.36041
2.36106
2.36171
2.36236
2.363
2.36365
2.3643
2.36494
2.36559
2.36624
2.36688
2.36753
2.36817
2.36882
2.36946
2.37011
2.37075
2.3714
2.37204
2.37269
2.37333
2.37397
2.37462
2.37526
2.3759
2.37654
2.37719
2.37783
2.37847
2.37911
2.37975
2.38039
2.38103
2.38167
2.38231
2.38295
2.38231
2.38167
2.38103
2.38039
2.37975
2.37911
2.37848
2.37784
2.3772
2.37656
2.37592
2.37529
2.37465
2.37401
2.37337
2.37274
2.3721
2.37146
2.37083
2.37019
2.36955
2.36892
2.36828
2.36764
2.36701
2.36637
2.36573
2.3651
2.36446
2.36382
2.36319
2.36255
2.36191
2.36128
2.36064
2.36
2.35937
2.35873
2.35809
2.35745
2.35682
2.35618
2.35554
2.3549
2.35426
2.35363
2.35299
2.35235
2.35171
2.35107
2.35043
2.34979
2.34915
2.34851
2.34787
2.34723
2.34659
2.34595
2.3453
2.34466
2.34402
2.34338
2.34274
2.34209
2.34145
2.34081
2.34016
2.33952
2.33887
2.33823
2.33758
2.33694
2.33629
2.33564
2.335
2.33435
2.3337
2.33306
2.33241
2.33176
2.33111
2.33046
2.32981
2.32916
2.32851
2.32786
2.32721
2.32655
2.3259
2.32525
2.3246
2.32394
2.32329
2.32263
2.32198
2.32132
2.32067
2.32001
2.31936
2.3187
2.31804
2.31738
2.31672
2.31607
2.31541
2.31475
2.31409
2.31342
2.31276
2.3121
2.31144
2.31078
2.31011
2.30945
2.30879
2.30812
2.30746
2.30679
2.30612
2.30546
2.30479
2.30412
2.30345
2.30278
2.30212
2.30145
2.30078
2.3001
2.29943
2.29876
2.29809
2.29742
2.29674
2.29607
2.29539
2.29472
2.29404
2.29337
2.29269
2.29202
2.29134
2.29066
2.28998
2.2893
2.28862
2.28794
2.28726
2.28658
2.2859
2.28522
2.28453
2.28385
2.28317
2.28248
2.2818
2.28111
2.28042
2.27974
2.27905
2.27836
2.27767
2.27699
2.2763
2.27561
2.27492
2.27423
2.27353
2.27284
2.27215
2.27146
2.27076
2.27007
2.26937
2.26868
2.26798
2.26729
2.26659
2.26589
2.26519
2.26449
2.2638
2.2631
2.2624
2.26169
2.26099
2.26029
2.25959
2.25889
2.25818
2.25748
2.25677
2.25607
2.25536
2.25466
2.25395
2.25324
2.25253
2.25183
2.25112
2.25041
2.2497
2.24899
2.24828
2.24756
2.24685
2.24614
2.24543
2.24471
2.244
2.24328
2.24257
2.24185
2.24114
2.24042
2.2397
2.23898
2.23826
2.23754
2.23682
2.2361
2.23538
2.23466
2.23394
2.23322
2.23249
2.23177
2.23105
2.23032
2.2296
2.22887
2.22815
2.22742
2.22669
2.22596
2.22524
2.22451
2.22378
2.22305
2.22232
2.22159
2.22085
2.22012
2.21939
2.21866
2.21792
2.21719
2.21645
2.21572
2.21498
2.21425
2.21351
2.21277
2.21203
2.2113
2.21056
2.20982
2.20908
2.20834
2.2076
2.20686
2.20611
2.20537
2.20463
2.20389
2.20314
2.2024
2.20165
2.20091
2.20016
2.19941
2.19867
2.19792
2.19717
2.19642
2.19567
2.19492
2.19417
2.19342
2.19267
2.19192
2.19117
2.19042
2.18966
2.18891
2.18815
2.1874
2.18664
2.18589
2.18513
2.18438
2.18362
2.18286
2.1821
2.18135
2.18059
2.17983
2.17907
2.17831
2.17754
2.17678
2.17602
2.17526
2.1745
2.17373
2.17297
2.1722
2.17144
2.17067
2.16991
2.16914
2.16837
2.16761
2.16684
2.16607
2.1653
2.16453
2.16376
2.16299
2.16222
2.16145
2.16068
2.15991
2.15913
2.15836
2.15759
2.15681
2.15604
2.15526
2.15449
2.15371
2.15294
2.15216
2.15138
2.1506
2.14983
2.14905
2.14827
2.14749
2.14671
2.14593
2.14515
2.14437
2.14358
2.1428
2.14202
2.14124
2.14045
2.13967
2.13888
2.1381
2.13731
2.13653
2.13574
2.13495
2.13417
2.13338
2.13259
2.1318
2.13101
2.13022
2.12943
2.12864
2.12785
2.12706
2.12627
2.12548
2.12468
2.12389
2.1231
2.1223
2.12151
2.12071
2.11992
2.11912
2.11833
2.11753
2.11673
2.11593
2.11514
2.11434
2.11354
2.11274
2.11194
2.11114
2.11034
2.10954
2.10874
2.10794
2.10713
2.10633
2.10553
2.10472
2.10392
2.10312
2.10231
2.10151
2.1007
2.0999
2.09909
2.09828
2.09747
2.09667
2.09586
2.09505
2.09424
2.09343
2.09262
2.09181
2.091
2.09019
2.08938
2.08857
2.08776
2.08694
2.08613
2.08532
2.0845
2.08369
2.08287
2.08206
2.08124
2.08043
2.07961
2.0788
2.07798
2.07716
2.07634
2.07553
2.07471
2.07389
2.07307
2.07225
2.07143
2.07061
2.06979
2.06897
2.06814
2.06732
2.0665
2.06568
2.06485
2.06403
2.06321
2.06238
2.06156
2.06073
2.05991
2.05908
2.05825
2.05743
2.0566
2.05577
2.05495
2.05412
2.05329
2.05246
2.05163
2.0508
2.04997
2.04914
2.04831
2.04748
2.04665
2.04582
2.04498
2.04415
2.04332
2.04249
2.04165
2.04082
2.03998
2.03915
2.03831
2.03748
2.03664
2.03581
2.03497
2.03413
2.03329
2.03246
2.03162
2.03078
2.02994
2.0291
2.02826
2.02742
2.02658
2.02574
2.0249
2.02406
2.02322
2.02238
2.02154
2.02069
2.01985
2.01901
2.01816
2.01732
2.01648
2.01563
2.01479
2.01394
2.0131
2.01225
2.0114
2.01056
2.00971
2.00886
2.00802
2.00717
2.00632
2.00547
2.00462
2.00377
2.00292
2.00207
2.00122
2.00037
1.99952
1.99867
1.99782
1.99697
1.99611
1.99526
1.99441
1.99356
1.9927
1.99185
1.99099
1.99014
1.98929
1.98843
1.98758
1.98672
1.98586
1.98501
1.98415
1.98329
1.98244
1.98158
1.98072
1.97986
1.97901
1.97815
1.97729
1.97643
1.97557
1.97471
1.97385
1.97299
1.97213
1.97127
1.9704
1.96954
1.96868
1.96782
1.96696
1.96609
1.96523
1.96437
1.9635
1.96264
1.96177
1.96091
1.96004
1.95918
1.95831
1.95745
1.95658
1.95571
1.95485
1.95398
1.95311
1.95225
1.95138
1.95051
1.94964
1.94877
1.9479
1.94704
1.94617
1.9453
1.94443
1.94356
1.94269
1.94181
1.94094
1.94007
1.9392
1.93833
1.93746
1.93658
1.93571
1.93484
1.93396
1.93309
1.93222
1.93134
1.93047
1.92959
1.92872
1.92784
1.92697
1.92609
1.92522
1.92434
1.92347
1.92259
1.92171
1.92083
1.91996
1.91908
1.9182
1.91732
1.91645
1.91557
1.91469
1.91381
1.91293
1.91205
1.91117
1.91029
1.90941
1.90853
1.90765
1.90677
1.90589
1.905
1.90412
1.90324
1.90236
1.90148
1.90059
1.89971
1.89883
1.89794
1.89706
1.89618
1.89529
1.89441
1.89352
1.89264
1.89175
1.89087
1.88998
1.8891
1.88821
1.88733
1.88644
1.88555
1.88467
1.88378
1.88289
1.882
1.88112
1.88023
1.87934
1.87845
1.87756
1.87668
1.87579
1.8749
1.87401
1.87312
1.87223
1.87134
1.87045
1.86956
1.86867
1.86778
1.86689
1.86599
1.8651
1.86421
1.86332
1.86243
1.86154
1.86064
1.85975
1.85886
1.85797
1.85707
1.85618
1.85529
1.85439
1.8535
1.8526
1.85171
1.85081
1.84992
1.84903
1.84813
1.84723
1.84634
1.84544
1.84455
1.84365
1.84276
1.84186
1.84096
1.84007
1.83917
1.83827
1.83738
1.83648
1.83558
1.83468
1.83379
1.83289
1.83199
1.83109
1.83019
1.82929
1.82839
1.8275
1.8266
1.8257
1.8248
1.8239
1.823
1.8221
1.8212
1.8203
1.8194
1.8185
1.81759
1.81669
1.81579
1.81489
1.81399
1.81309
1.81219
1.81128
1.81038
1.80948
1.80858
1.80768
1.80677
1.80587
1.80497
1.80406
1.80316
1.80226
1.80135
1.80045
1.79955
1.79864
1.79774
1.79683
1.79593
1.79503
1.79412
1.79322
1.79231
1.79141
1.7905
1.7896
1.78869
1.78779
1.78688
1.78597
1.78507
1.78416
1.78326
1.78235
1.78144
1.78054
1.77963
1.77872
1.77782
1.77691
1.776
1.77509
1.77419
1.77328
1.77237
1.77146
1.77056
1.76965
1.76874
1.76783
1.76692
1.76602
1.76511
1.7642
1.76329
1.76238
1.76147
1.76056
1.75965
1.75875
1.75784
1.75693
1.75602
1.75511
1.7542
1.75329
1.75238
1.75147
1.75056
1.74965
1.74874
1.74783
1.74692
1.74601
1.7451
1.74418
1.74327
1.74236
1.74145
1.74054
1.73963
1.73872
1.73781
1.7369
1.73598
1.73507
1.73416
1.73325
1.73234
1.73143
1.73051
1.7296
1.72869
1.72778
1.72687
1.72595
1.72504
1.72413
1.72322
1.7223
1.72139
1.72048
1.71956
1.71865
1.71774
1.71683
1.71591
1.715
1.71409
1.71317
1.71226
1.71135
1.71043
1.70952
1.70861
1.70769
1.70678
1.70586
1.70495
1.70404
1.70312
1.70221
1.7013
1.70038
1.69947
1.69855
1.69764
1.69673
1.69581
1.6949
1.69398
1.69307
1.69215
1.69124
1.69032
1.68941
1.6885
1.68758
1.68667
1.68575
1.68484
1.68392
1.68301
1.68209
1.68118
1.68026
1.67935
1.67843
1.67752
1.6766
1.67569
1.67477
1.67386
1.67294
1.67203
1.67111
1.6702
1.66928
1.66837
1.66745
1.66654
1.66562
1.66471
1.66379
1.66287
1.66196
1.66104
1.66013
1.65921
1.6583
1.65738
1.65647
1.65555
1.65464
1.65372
1.65281
1.65189
1.65097
1.65006
1.64914
1.64823
1.64731
1.6464
1.64548
1.64457
1.64365
1.64274
1.64182
1.6409
1.63999
1.63907
1.63816
1.63724
1.63633
1.63541
1.6345
1.63358
1.63267
1.63175
1.63083
1.62992
1.629
1.62809
1.62717
1.62626
1.62534
1.62443
1.62351
1.6226
1.62168
1.62077
1.61985
1.61894
1.61802
1.61711
1.61619
1.61528
1.61436
1.61345
1.61253
1.61162
1.6107
1.60979
1.60887
1.60796
1.60704
1.60613
1.60521
1.6043
1.60338
1.60247
1.60155
1.60064
1.59973
1.59881
1.5979
1.59698
1.59607
1.59515
1.59424
1.59333
1.59241
1.5915
1.59058
1.58967
1.58875
1.58784
1.58693
1.58601
1.5851
1.58419
1.58327
1.58236
1.58145
1.58053
1.57962
1.5787
1.57779
1.57688
1.57596
1.57505
1.57414
1.57323
1.57231
1.5714
1.57049
1.56957
1.56866
1.56775
1.56684
1.56592
1.56501
1.5641
1.56319
1.56227
1.56136
1.56045
1.55954
1.55863
1.55771
1.5568
1.55589
1.55498
1.55407
1.55316
1.55224
1.55133
1.55042
1.54951
1.5486
1.54769
1.54678
1.54587
1.54496
1.54405
1.54314
1.54222
1.54131
1.5404
1.53949
1.53858
1.53767
1.53676
1.53585
1.53494
1.53403
1.53312
1.53222
1.53131
1.5304
1.52949
1.52858
1.52767
1.52676
1.52585
1.52494
1.52403
1.52313
1.52222
1.52131
1.5204
1.51949
1.51858
1.51768
1.51677
1.51586
1.51495
1.51405
1.51314
1.51223
1.51132
1.51042
1.50951
1.5086
1.5077
1.50679
1.50588
1.50498
1.50407
1.50316
1.50226
1.50135
1.50045
1.49954
1.49864
1.49773
1.49683
1.49592
1.49501
1.49411
1.49321
1.4923
1.4914
1.49049
1.48959
1.48868
1.48778
1.48688
1.48597
1.48507
1.48416
1.48326
1.48236
1.48145
1.48055
1.47965
1.47875
1.47784
1.47694
1.47604
1.47514
1.47423
1.47333
1.47243
1.47153
1.47063
1.46973
1.46883
1.46792
1.46702
1.46612
1.46522
1.46432
1.46342
1.46252
1.46162
1.46072
1.45982
1.45892
1.45802
1.45712
1.45622
1.45532
1.45443
1.45353
1.45263
1.45173
1.45083
1.44993
1.44904
1.44814
1.44724
1.44634
1.44545
1.44455
1.44365
1.44276
1.44186
1.44096
1.44007
1.43917
1.43827
1.43738
1.43648
1.43559
1.43469
1.4338
1.4329
1.43201
1.43111
1.43022
1.42932
1.42843
1.42754
1.42664
1.42575
1.42485
1.42396
1.42307
1.42217
1.42128
1.42039
1.4195
1.41861
1.41771
1.41682
1.41593
1.41504
1.41415
1.41326
1.41236
1.41147
1.41058
1.40969
1.4088
1.40791
1.40702
1.40613
1.40524
1.40435
1.40347
1.40258
1.40169
1.4008
1.39991
1.39902
1.39813
1.39725
1.39636
1.39547
1.39458
1.3937
1.39281
1.39192
1.39104
1.39015
1.38927
1.38838
1.38749
1.38661
1.38572
1.38484
1.38395
1.38307
1.38218
1.3813
1.38042
1.37953
1.37865
1.37777
1.37688
1.376
1.37512
1.37423
1.37335
1.37247
1.37159
1.37071
1.36982
1.36894
1.36806
1.36718
1.3663
1.36542
1.36454
1.36366
1.36278
1.3619
1.36102
1.36014
1.35926
1.35838
1.3575
1.35663
1.35575
1.35487
1.35399
1.35311
1.35224
1.35136
1.35048
1.34961
1.34873
1.34785
1.34698
1.3461
1.34523
1.34435
1.34348
1.3426
1.34173
1.34085
1.33998
1.3391
1.33823
1.33736
1.33648
1.33561
1.33474
1.33387
1.33299
1.33212
1.33125
1.33038
1.32951
1.32864
1.32776
1.32689
1.32602
1.32515
1.32428
1.32341
1.32254
1.32167
1.32081
1.31994
1.31907
1.3182
1.31733
1.31646
1.3156
1.31473
1.31386
1.31299
1.31213
1.31126
1.3104
1.30953
1.30866
1.3078
1.30693
1.30607
1.3052
1.30434
1.30348
1.30261
1.30175
1.30088
1.30002
1.29916
1.2983
1.29743
1.29657
1.29571
1.29485
1.29399
1.29312
1.29226
1.2914
1.29054
1.28968
1.28882
1.28796
1.2871
1.28624
1.28538
1.28453
1.28367
1.28281
1.28195
1.28109
1.28024
1.27938
1.27852
1.27767
1.27681
1.27595
1.2751
1.27424
1.27339
1.27253
1.27168
1.27082
1.26997
1.26911
1.26826
1.26741
1.26655
1.2657
1.26485
1.264
1.26314
1.26229
1.26144
1.26059
1.25974
1.25889
1.25804
1.25719
1.25634
1.25549
1.25464
1.25379
1.25294
1.25209
1.25124
1.2504
1.24955
1.2487
1.24785
1.24701
1.24616
1.24531
1.24447
1.24362
1.24277
1.24193
1.24108
1.24024
1.2394
1.23855
1.23771
1.23686
1.23602
1.23518
1.23433
1.23349
1.23265
1.23181
1.23097
1.23012
1.22928
1.22844
1.2276
1.22676
1.22592
1.22508
1.22424
1.2234
1.22256
1.22173
1.22089
1.22005
1.21921
1.21837
1.21754
1.2167
1.21586
1.21503
1.21419
1.21336
1.21252
1.21169
1.21085
1.21002
1.20918
1.20835
1.20751
1.20668
1.20585
1.20502
1.20418
1.20335
1.20252
1.20169
1.20086
1.20002
1.19919
1.19836
1.19753
1.1967
1.19587
1.19504
1.19422
1.19339
1.19256
1.19173
1.1909
1.19008
1.18925
1.18842
1.18759
1.18677
1.18594
1.18512
1.18429
1.18347
1.18264
1.18182
1.18099
1.18017
1.17935
1.17852
1.1777
1.17688
1.17605
1.17523
1.17441
1.17359
1.17277
1.17195
1.17113
1.17031
1.16949
1.16867
1.16785
1.16703
1.16621
1.16539
1.16457
1.16375
1.16294
1.16212
1.1613
1.16049
1.15967
1.15885
1.15804
1.15722
1.15641
1.15559
1.15478
1.15396
1.15315
1.15234
1.15152
1.15071
1.1499
1.14909
1.14827
1.14746
1.14665
1.14584
1.14503
1.14422
1.14341
1.1426
1.14179
1.14098
1.14017
1.13936
1.13856
1.13775
1.13694
1.13613
1.13533
1.13452
1.13371
1.13291
1.1321
1.1313
1.13049
1.12969
1.12888
1.12808
1.12727
1.12647
1.12567
1.12486
1.12406
1.12326
1.12246
1.12166
1.12086
1.12005
1.11925
1.11845
1.11765
1.11685
1.11605
1.11526
1.11446
1.11366
1.11286
1.11206
1.11127
1.11047
1.10967
1.10888
1.10808
1.10728
1.10649
1.10569
1.1049
1.1041
1.10331
1.10252
1.10172
1.10093
1.10014
1.09934
1.09855
1.09776
1.09697
1.09618
1.09539
1.0946
1.0938
1.09301
1.09223
1.09144
1.09065
1.08986
1.08907
1.08828
1.08749
1.08671
1.08592
1.08513
1.08435
1.08356
1.08278
1.08199
1.0812
1.08042
1.07964
1.07885
1.07807
1.07728
1.0765
1.07572
1.07494
1.07415
1.07337
1.07259
1.07181
1.07103
1.07025
1.06947
1.06869
1.06791
1.06713
1.06635
1.06557
1.06479
1.06402
1.06324
1.06246
1.06168
1.06091
1.06013
1.05936
1.05858
1.05781
1.05703
1.05626
1.05548
1.05471
1.05393
1.05316
1.05239
1.05162
1.05084
1.05007
1.0493
1.04853
1.04776
1.04699
1.04622
1.04545
1.04468
1.04391
1.04314
1.04237
1.0416
1.04084
1.04007
1.0393
1.03853
1.03777
1.037
1.03623
1.03547
1.0347
1.03394
1.03317
1.03241
1.03165
1.03088
1.03012
1.02936
1.02859
1.02783
1.02707
1.02631
1.02555
1.02479
1.02403
1.02327
1.02251
1.02175
1.02099
1.02023
1.01947
1.01871
1.01795
1.0172
1.01644
1.01568
1.01493
1.01417
1.01341
1.01266
1.0119
1.01115
1.01039
1.00964
1.00889
1.00813
1.00738
1.00663
1.00587
1.00512
1.00437
1.00362
1.00287
1.00212
1.00136
1.00061
0.999865
0.999115
0.998366
0.997617
0.996869
0.996121
0.995373
0.994625
0.993878
0.993131
0.992385
0.991639
0.990893
0.990148
0.989402
0.988658
0.987913
0.987169
0.986425
0.985682
0.984939
0.984196
0.983453
0.982711
0.981969
0.981228
0.980487
0.979746
0.979006
0.978265
0.977526
0.976786
0.976047
0.975308
0.97457
0.973832
0.973094
0.972357
0.971619
0.970883
0.970146
0.96941
0.968674
0.967939
0.967204
0.966469
0.965735
0.965001
0.964267
0.963533
0.9628
0.962067
0.961335
0.960603
0.959871
0.95914
0.958409
0.957678
0.956947
0.956217
0.955488
0.954758
0.954029
0.9533
0.952572
0.951844
0.951116
0.950389
0.949662
0.948935
0.948208
0.947482
0.946756
0.946031
0.945306
0.944581
0.943857
0.943133
0.942409
0.941685
0.940962
0.94024
0.939517
0.938795
0.938073
0.937352
0.936631
0.93591
0.935189
0.934469
0.933749
0.93303
0.932311
0.931592
0.930873
0.930155
0.929437
0.92872
0.928003
0.927286
0.926569
0.925853
0.925137
0.924422
0.923707
0.922992
0.922277
0.921563
0.920849
0.920136
0.919422
0.91871
0.917997
0.917285
0.916573
0.915861
0.91515
0.914439
0.913728
0.913018
0.912308
0.911599
0.910889
0.91018
0.909472
0.908763
0.908055
0.907348
0.90664
0.905933
0.905227
0.90452
0.903814
0.903108
0.902403
0.901698
0.900993
0.900289
0.899585
0.898881
0.898177
0.897474
0.896771
0.896069
0.895367
0.894665
0.893963
0.893262
0.892561
0.89186
0.89116
0.89046
0.889761
0.889061
0.888362
0.887664
0.886965
0.886267
0.88557
0.884872
0.884175
0.883478
0.882782
0.882086
0.88139
0.880695
0.879999
0.879304
0.87861
0.877916
0.877222
0.876528
0.875835
0.875142
0.874449
0.873757
0.873065
0.872373
0.871682
0.870991
0.8703
0.869609
0.868919
0.868229
0.86754
0.866851
0.866162
0.865473
0.864785
0.864097
0.863409
0.862722
0.862035
0.861348
0.860662
0.859976
0.85929
0.858604
0.857919
0.857234
0.85655
0.855865
0.855181
0.854498
0.853814
0.853131
0.852448
0.851766
0.851084
0.850402
0.84972
0.849039
0.848358
0.847677
0.846997
0.846317
0.845637
0.844958
0.844279
0.8436
0.842921
0.842243
0.841565
0.840887
0.84021
0.839533
0.838856
0.83818
0.837504
0.836828
0.836152
0.835477
0.834802
0.834127
0.833453
0.832779
0.832105
0.831431
0.830758
0.830085
0.829412
0.82874
0.828068
0.827396
0.826725
0.826053
0.825383
0.824712
0.824042
0.823371
0.822702
0.822032
0.821363
0.820694
0.820025
0.819357
0.818689
0.818021
0.817354
0.816686
0.816019
0.815353
0.814686
0.81402
0.813354
0.812689
0.812023
0.811358
0.810694
0.810029
0.809365
0.808701
0.808037
0.807374
0.806711
0.806048
0.805386
0.804723
0.804061
0.8034
0.802738
0.802077
0.801416
0.800755
0.800095
0.799435
0.798775
0.798115
0.797456
0.796797
0.796138
0.795479
0.794821
0.794163
0.793505
0.792848
0.79219
0.791533
0.790877
0.79022
0.789564
0.788908
0.788252
0.787597
0.786942
0.786287
0.785632
0.784977
0.784323
0.783669
0.783015
0.782362
0.781709
0.781056
0.780403
0.77975
0.779098
0.778446
0.777794
0.777143
0.776492
0.775841
0.77519
0.775842
0.776494
0.777146
0.777797
0.778449
0.779099
0.77975
0.7804
0.78105
0.7817
0.78235
0.782999
0.783648
0.784297
0.784946
0.785595
0.786243
0.786892
0.78754
0.788188
0.788837
0.789485
0.790133
0.790781
0.791429
0.792077
0.792725
0.793373
0.794021
0.794669
0.795317
0.795965
0.796613
0.797261
0.79791
0.798558
0.799207
0.799855
0.800504
0.801153
0.801802
0.802451
0.8031
0.803749
0.804399
0.805049
0.805699
0.806349
0.806999
0.80765
0.808301
0.808952
0.809603
0.810254
0.810906
0.811558
0.81221
0.812862
0.813515
0.814168
0.814821
0.815475
0.816129
0.816783
0.817437
0.818092
0.818747
0.819403
0.820058
0.820714
0.821371
0.822028
0.822685
0.823342
0.824
0.824658
0.825317
0.825975
0.826635
0.827294
0.827954
0.828615
0.829275
0.829937
0.830598
0.83126
0.831923
0.832585
0.833249
0.833912
0.834576
0.835241
0.835906
0.836571
0.837237
0.837903
0.838569
0.839236
0.839904
0.840572
0.84124
0.841909
0.842578
0.843248
0.843918
0.844589
0.84526
0.845932
0.846604
0.847277
0.84795
0.848623
0.849297
0.849972
0.850647
0.851322
0.851998
0.852674
0.853351
0.854029
0.854707
0.855385
0.856064
0.856743
0.857423
0.858104
0.858785
0.859466
0.860148
0.86083
0.861513
0.862197
0.862881
0.863565
0.86425
0.864936
0.865622
0.866308
0.866995
0.867683
0.868371
0.869059
0.869749
0.870438
0.871128
0.871819
0.87251
0.873202
0.873894
0.874587
0.875281
0.875974
0.876669
0.877364
0.878059
0.878755
0.879452
0.880149
0.880846
0.881545
0.882243
0.882942
0.883642
0.884342
0.885043
0.885745
0.886446
0.887149
0.887852
0.888555
0.889259
0.889964
0.890669
0.891375
0.892081
0.892788
0.893495
0.894203
0.894911
0.89562
0.896329
0.897039
0.89775
0.898461
0.899172
0.899884
0.900597
0.90131
0.902024
0.902738
0.903453
0.904168
0.904884
0.905601
0.906317
0.907035
0.907753
0.908472
0.909191
0.90991
0.91063
0.911351
0.912072
0.912794
0.913516
0.914239
0.914963
0.915687
0.916411
0.917136
0.917861
0.918587
0.919314
0.920041
0.920769
0.921497
0.922226
0.922955
0.923685
0.924415
0.925146
0.925877
0.926609
0.927341
0.928074
0.928808
0.929542
0.930276
0.931011
0.931747
0.932483
0.93322
0.933957
0.934694
0.935433
0.936171
0.93691
0.93765
0.93839
0.939131
0.939873
0.940614
0.941357
0.9421
0.942843
0.943587
0.944331
0.945076
0.945822
0.946568
0.947314
0.948061
0.948808
0.949556
0.950305
0.951054
0.951804
0.952554
0.953304
0.954055
0.954807
0.955559
0.956311
0.957064
0.957818
0.958572
0.959327
0.960082
0.960837
0.961593
0.96235
0.963107
0.963865
0.964623
0.965381
0.966141
0.9669
0.96766
0.968421
0.969182
0.969943
0.970705
0.971468
0.972231
0.972995
0.973759
0.974523
0.975288
0.976054
0.97682
0.977586
0.978353
0.97912
0.979888
0.980657
0.981426
0.982195
0.982965
0.983735
0.984506
0.985277
0.986049
0.986821
0.987594
0.988367
0.989141
0.989915
0.990689
0.991465
0.99224
0.993016
0.993793
0.99457
0.995347
0.996125
0.996903
0.997682
0.998462
0.999241
1.00002
1.0008
1.00158
1.00237
1.00315
1.00393
1.00471
1.0055
1.00628
1.00706
1.00785
1.00863
1.00942
1.01021
1.01099
1.01178
1.01257
1.01336
1.01414
1.01493
1.01572
1.01651
1.0173
1.01809
1.01888
1.01968
1.02047
1.02126
1.02205
1.02285
1.02364
1.02444
1.02523
1.02603
1.02682
1.02762
1.02841
1.02921
1.03001
1.03081
1.0316
1.0324
1.0332
1.034
1.0348
1.0356
1.0364
1.0372
1.03801
1.03881
1.03961
1.04041
1.04122
1.04202
1.04282
1.04363
1.04443
1.04524
1.04605
1.04685
1.04766
1.04847
1.04927
1.05008
1.05089
1.0517
1.05251
1.05332
1.05413
1.05494
1.05575
1.05656
1.05737
1.05818
1.059
1.05981
1.06062
1.06144
1.06225
1.06307
1.06388
1.0647
1.06551
1.06633
1.06714
1.06796
1.06878
1.0696
1.07041
1.07123
1.07205
1.07287
1.07369
1.07451
1.07533
1.07615
1.07697
1.0778
1.07862
1.07944
1.08026
1.08109
1.08191
1.08273
1.08356
1.08438
1.08521
1.08603
1.08686
1.08769
1.08851
1.08934
1.09017
1.09099
1.09182
1.09265
1.09348
1.09431
1.09514
1.09597
1.0968
1.09763
1.09846
1.09929
1.10013
1.10096
1.10179
1.10262
1.10346
1.10429
1.10513
1.10596
1.10679
1.10763
1.10847
1.1093
1.11014
1.11097
1.11181
1.11265
1.11349
1.11432
1.11516
1.116
1.11684
1.11768
1.11852
1.11936
1.1202
1.12104
1.12188
1.12272
1.12357
1.12441
1.12525
1.12609
1.12694
1.12778
1.12863
1.12947
1.13031
1.13116
1.13201
1.13285
1.1337
1.13454
1.13539
1.13624
1.13708
1.13793
1.13878
1.13963
1.14048
1.14133
1.14218
1.14303
1.14388
1.14473
1.14558
1.14643
1.14728
1.14813
1.14898
1.14984
1.15069
1.15154
1.15239
1.15325
1.1541
1.15496
1.15581
1.15667
1.15752
1.15838
1.15923
1.16009
1.16094
1.1618
1.16266
1.16352
1.16437
1.16523
1.16609
1.16695
1.16781
1.16867
1.16953
1.17039
1.17125
1.17211
1.17297
1.17383
1.17469
1.17555
1.17641
1.17727
1.17814
1.179
1.17986
1.18073
1.18159
1.18245
1.18332
1.18418
1.18505
1.18591
1.18678
1.18764
1.18851
1.18938
1.19024
1.19111
1.19198
1.19284
1.19371
1.19458
1.19545
1.19632
1.19719
1.19805
1.19892
1.19979
1.20066
1.20153
1.2024
1.20328
1.20415
1.20502
1.20589
1.20676
1.20763
1.20851
1.20938
1.21025
1.21112
1.212
1.21287
1.21374
1.21462
1.21549
1.21637
1.21724
1.21812
1.21899
1.21987
1.22075
1.22162
1.2225
1.22338
1.22425
1.22513
1.22601
1.22688
1.22776
1.22864
1.22952
1.2304
1.23128
1.23216
1.23304
1.23392
1.2348
1.23568
1.23656
1.23744
1.23832
1.2392
1.24008
1.24096
1.24184
1.24273
1.24361
1.24449
1.24537
1.24626
1.24714
1.24802
1.24891
1.24979
1.25068
1.25156
1.25245
1.25333
1.25422
1.2551
1.25599
1.25687
1.25776
1.25864
1.25953
1.26042
1.2613
1.26219
1.26308
1.26397
1.26485
1.26574
1.26663
1.26752
1.26841
1.2693
1.27019
1.27107
1.27196
1.27285
1.27374
1.27463
1.27552
1.27641
1.27731
1.2782
1.27909
1.27998
1.28087
1.28176
1.28265
1.28355
1.28444
1.28533
1.28622
1.28712
1.28801
1.2889
1.2898
1.29069
1.29158
1.29248
1.29337
1.29427
1.29516
1.29606
1.29695
1.29785
1.29874
1.29964
1.30053
1.30143
1.30232
1.30322
1.30412
1.30501
1.30591
1.30681
1.3077
1.3086
1.3095
1.3104
1.31129
1.31219
1.31309
1.31399
1.31489
1.31578
1.31668
1.31758
1.31848
1.31938
1.32028
1.32118
1.32208
1.32298
1.32388
1.32478
1.32568
1.32658
1.32748
1.32838
1.32928
1.33018
1.33109
1.33199
1.33289
1.33379
1.33469
1.3356
1.3365
1.3374
1.3383
1.3392
1.34011
1.34101
1.34191
1.34282
1.34372
1.34462
1.34553
1.34643
1.34734
1.34824
1.34914
1.35005
1.35095
1.35186
1.35276
1.35367
1.35457
1.35548
1.35638
1.35729
1.35819
1.3591
1.36
1.36091
1.36182
1.36272
1.36363
1.36454
1.36544
1.36635
1.36725
1.36816
1.36907
1.36998
1.37088
1.37179
1.3727
1.37361
1.37451
1.37542
1.37633
1.37724
1.37814
1.37905
1.37996
1.38087
1.38178
1.38269
1.3836
1.3845
1.38541
1.38632
1.38723
1.38814
1.38905
1.38996
1.39087
1.39178
1.39269
1.3936
1.39451
1.39542
1.39633
1.39724
1.39815
1.39906
1.39997
1.40088
1.40179
1.4027
1.40361
1.40452
1.40543
1.40635
1.40726
1.40817
1.40908
1.40999
1.4109
1.41181
1.41273
1.41364
1.41455
1.41546
1.41637
1.41729
1.4182
1.41911
1.42002
1.42093
1.42185
1.42276
1.42367
1.42458
1.4255
1.42641
1.42732
1.42823
1.42915
1.43006
1.43097
1.43189
1.4328
1.43371
1.43463
1.43554
1.43645
1.43737
1.43828
1.43919
1.44011
1.44102
1.44193
1.44285
1.44376
1.44468
1.44559
1.4465
1.44742
1.44833
1.44924
1.45016
1.45107
1.45199
1.4529
1.45382
1.45473
1.45564
1.45656
1.45747
1.45839
1.4593
1.46022
1.46113
1.46205
1.46296
1.46387
1.46479
1.4657
1.46662
1.46753
1.46845
1.46936
1.47028
1.47119
1.47211
1.47302
1.47394
1.47485
1.47577
1.47668
1.4776
1.47851
1.47943
1.48034
1.48126
1.48217
1.48309
1.484
1.48492
1.48583
1.48675
1.48766
1.48858
1.48949
1.49041
1.49132
1.49224
1.49315
1.49407
1.49499
1.4959
1.49682
1.49773
1.49865
1.49956
1.50048
1.50139
1.50231
1.50322
1.50414
1.50505
1.50597
1.50688
1.5078
1.50871
1.50963
1.51054
1.51146
1.51237
1.51329
1.5142
1.51512
1.51603
1.51695
1.51786
1.51878
1.51969
1.52061
1.52152
1.52244
1.52335
1.52427
1.52518
1.5261
1.52701
1.52793
1.52884
1.52976
1.53067
1.53159
1.5325
1.53342
1.53433
1.53525
1.53616
1.53707
1.53799
1.5389
1.53982
1.54073
1.54165
1.54256
1.54348
1.54439
1.5453
1.54622
1.54713
1.54805
1.54896
1.54987
1.55079
1.5517
1.55262
1.55353
1.55444
1.55536
1.55627
1.55718
1.5581
1.55901
1.55992
1.56084
1.56175
1.56266
1.56358
1.56449
1.5654
1.56632
1.56723
1.56814
1.56906
1.56997
1.57088
1.57179
1.57271
1.57362
1.57453
1.57544
1.57636
1.57727
1.57818
1.57909
1.58001
1.58092
1.58183
1.58274
1.58365
1.58456
1.58548
1.58639
1.5873
1.58821
1.58912
1.59003
1.59094
1.59186
1.59277
1.59368
1.59459
1.5955
1.59641
1.59732
1.59823
1.59914
1.60005
1.60096
1.60187
1.60278
1.60369
1.6046
1.60551
1.60642
1.60733
1.60824
1.60915
1.61006
1.61097
1.61188
1.61279
1.6137
1.61461
1.61552
1.61642
1.61733
1.61824
1.61915
1.62006
1.62097
1.62187
1.62278
1.62369
1.6246
1.62551
1.62641
1.62732
1.62823
1.62914
1.63004
1.63095
1.63186
1.63276
1.63367
1.63458
