0.223607
0.222559
0.221536
0.220537
0.219562
0.21861
0.21768
0.216773
0.215888
0.215024
0.214181
0.213358
0.212555
0.211772
0.211009
0.210264
0.209538
0.20883
0.208139
0.207466
0.20681
0.206171
0.205548
0.204942
0.204351
0.203775
0.203214
0.202669
0.202138
0.201621
0.201118
0.200628
0.200152
0.199689
0.199239
0.198802
0.198376
0.197963
0.197562
0.197173
0.196795
0.196428
0.196072
0.195726
0.195391
0.195067
0.194753
0.194448
0.194153
0.193868
0.193592
0.193326
0.193068
0.192819
0.192578
0.192347
0.192123
0.191908
0.1917
0.1915
0.191308
0.191124
0.190947
0.190777
0.190614
0.190458
0.190309
0.190167
0.190031
0.189902
0.189779
0.189662
0.189551
0.189447
0.189348
0.189255
0.189167
0.189085
0.189008
0.188937
0.188871
0.18881
0.188754
0.188703
0.188657
0.188616
0.188579
0.188547
0.188519
0.188496
0.188477
0.188463
0.188452
0.188446
0.188444
0.188445
0.188451
0.18846
0.188473
0.18849
0.188511
0.188535
0.188562
0.188593
0.188627
0.188665
0.188706
0.18875
0.188797
0.188847
0.188901
0.188957
0.189016
0.189079
0.189144
0.189212
0.189282
0.189355
0.189431
0.18951
0.189591
0.189675
0.189761
0.18985
0.189941
0.190034
0.19013
0.190228
0.190329
0.190431
0.190536
0.190643
0.190753
0.190864
0.190977
0.191093
0.19121
0.19133
0.191451
0.191574
0.1917
0.191827
0.191956
0.192087
0.192219
0.192354
0.19249
0.192628
0.192767
0.192909
0.193052
0.193196
0.193343
0.193491
0.19364
0.193791
0.193944
0.194098
0.194254
0.194411
0.19457
0.19473
0.194891
0.195054
0.195219
0.195385
0.195552
0.195721
0.195891
0.196062
0.196235
0.196409
0.196584
0.196761
0.196939
0.197118
0.197298
0.19748
0.197663
0.197847
0.198033
0.198219
0.198407
0.198596
0.198787
0.198978
0.199171
0.199364
0.199559
0.199755
0.199953
0.200151
0.20035
0.200551
0.200753
0.200956
0.20116
0.201365
0.201571
0.201778
0.201986
0.202195
0.202406
0.202617
0.20283
0.203043
0.203258
0.203473
0.20369
0.203908
0.204127
0.204346
0.204567
0.204789
0.205012
0.205236
0.205461
0.205686
0.205913
0.206141
0.20637
0.2066
0.206831
0.207063
0.207296
0.207529
0.207764
0.208
0.208237
0.208475
0.208713
0.208953
0.209194
0.209436
0.209678
0.209922
0.210167
0.210412
0.210659
0.210907
0.211155
0.211405
0.211655
0.211907
0.212159
0.212413
0.212667
0.212923
0.213179
0.213436
0.213695
0.213954
0.214215
0.214476
0.214738
0.215001
0.215266
0.215531
0.215797
0.216064
0.216333
0.216602
0.216872
0.217143
0.217416
0.217689
0.217963
0.218238
0.218515
0.218792
0.21907
0.219349
0.21963
0.219911
0.220193
0.220477
0.220761
0.221046
0.221333
0.22162
0.221909
0.222198
0.222489
0.222781
0.223073
0.223367
0.223662
0.223958
0.224254
0.224552
0.224851
0.225152
0.225453
0.225755
0.226058
0.226363
0.226668
0.226975
0.227282
0.227591
0.227901
0.228212
0.228524
0.228837
0.229152
0.229467
0.229784
0.230102
0.23042
0.23074
0.231061
0.231384
0.231707
0.232032
0.232357
0.232684
0.233012
0.233342
0.233672
0.234004
0.234337
0.234671
0.235006
0.235342
0.23568
0.236019
0.236359
0.2367
0.237042
0.237386
0.237731
0.238077
0.238425
0.238773
0.239123
0.239475
0.239827
0.240181
0.240536
0.240892
0.24125
0.241609
0.241969
0.242331
0.242694
0.243058
0.243424
0.243791
0.244159
0.244528
0.244899
0.245272
0.245645
0.24602
0.246397
0.246775
0.247154
0.247535
0.247917
0.2483
0.248685
0.249071
0.249459
0.249848
0.250239
0.250631
0.251024
0.251419
0.251816
0.252214
0.252613
0.253014
0.253417
0.253821
0.254226
0.254633
0.255042
0.255452
0.255864
0.256277
0.256692
0.257108
0.257526
0.257946
0.258367
0.25879
0.259214
0.25964
0.260068
0.260497
0.260928
0.261361
0.261795
0.262231
0.262669
0.263108
0.263549
0.263992
0.264437
0.264883
0.265331
0.265781
0.266232
0.266685
0.267141
0.267597
0.268056
0.268517
0.268979
0.269443
0.269909
0.270377
0.270846
0.271318
0.271791
0.272267
0.272744
0.273223
0.273704
0.274187
0.274672
0.275159
0.275648
0.276139
0.276631
0.277126
0.277623
0.278122
0.278623
0.279126
0.279631
0.280138
0.280647
0.281158
0.281671
0.282187
0.282704
0.283224
0.283746
0.28427
0.284796
0.285325
0.285855
0.286388
0.286923
0.287461
0.288
0.288542
0.289086
0.289633
0.290181
0.290733
0.291286
0.291842
0.2924
0.29296
0.293523
0.294089
0.294656
0.295227
0.295799
0.296374
0.296952
0.297532
0.298115
0.2987
0.299288
0.299878
0.300471
0.301066
0.301664
0.302265
0.302868
0.303474
0.304083
0.304694
0.305308
0.305925
0.306545
0.307167
0.307792
0.30842
0.309051
0.309684
0.31032
0.31096
0.311602
0.312247
0.312895
0.313546
0.3142
0.314857
0.315516
0.316179
0.316845
0.317514
0.318186
0.318862
0.31954
0.320221
0.320906
0.321594
0.322285
0.322979
0.323677
0.324377
0.325081
0.325789
0.3265
0.327214
0.327931
0.328652
0.329376
0.330104
0.330835
0.33157
0.332308
0.33305
0.333796
0.334545
0.335297
0.336054
0.336813
0.337577
0.338344
0.339116
0.339891
0.340669
0.341452
0.342238
0.343028
0.343823
0.344621
0.345423
0.346229
0.347039
0.347853
0.348672
0.349494
0.350321
0.351151
0.351986
0.352826
0.353669
0.354517
0.355369
0.356225
0.357086
0.357951
0.358821
0.359695
0.360574
0.361458
0.362345
0.363238
0.364135
0.365037
0.365944
0.366855
0.367771
0.368693
0.369619
0.370549
0.371485
0.372426
0.373372
0.374323
0.375279
0.37624
0.377207
0.378178
0.379155
0.380137
0.381125
0.382118
0.383116
0.38412
0.38513
0.386145
0.387166
0.388192
0.389224
0.390262
0.391305
0.392355
0.39341
0.394471
0.395539
0.396612
0.397691
0.398777
0.399869
0.400967
0.402071
0.403182
0.404299
0.405422
0.406552
0.407689
0.408832
0.409982
0.411139
0.412302
0.413472
0.414649
0.415834
0.417025
0.418223
0.419428
0.420641
0.421861
0.423088
0.424323
0.425565
0.424718
0.423864
0.423002
0.422134
0.421259
0.420377
0.41949
0.418596
0.417697
0.416793
0.415883
0.414969
0.41405
0.413126
0.412199
0.411267
0.410332
0.409393
0.40845
0.407505
0.406556
0.405605
0.404651
0.403695
0.402737
0.401776
0.400814
0.399849
0.398884
0.397917
0.396948
0.395979
0.395008
0.394037
0.393065
0.392092
0.391119
0.390146
0.389172
0.388198
0.387225
0.386251
0.385278
0.384306
0.383333
0.382362
0.381391
0.380421
0.379452
0.378483
0.377516
0.37655
0.375586
0.374622
0.37366
0.3727
0.371741
0.370783
0.369828
0.368874
0.367922
0.366972
0.366023
0.365077
0.364133
0.363191
0.362252
0.361314
0.360379
0.359446
0.358516
0.357588
0.356663
0.35574
0.354819
0.353902
0.352987
0.352074
0.351165
0.350258
0.349354
0.348453
0.347554
0.346659
0.345766
0.344877
0.34399
0.343106
0.342226
0.341348
0.340474
0.339603
0.338734
0.337869
0.337007
0.336148
0.335293
0.33444
0.333591
0.332745
0.331902
0.331063
0.330226
0.329393
0.328564
0.327737
0.326914
0.326094
0.325278
0.324464
0.323654
0.322848
0.322045
0.321245
0.320448
0.319655
0.318865
0.318078
0.317295
0.316515
0.315739
0.314965
0.314195
0.313429
0.312666
0.311906
0.311149
0.310396
0.309646
0.3089
0.308156
0.307416
0.30668
0.305946
0.305216
0.304489
0.303766
0.303046
0.302329
0.301615
0.300905
0.300197
0.299494
0.298793
0.298095
0.297401
0.29671
0.296022
0.295337
0.294656
0.293977
0.293302
0.29263
0.291961
0.291295
0.290633
0.289973
0.289317
0.288663
0.288013
0.287366
0.286721
0.28608
0.285442
0.284807
0.284175
0.283545
0.282919
0.282296
0.281676
0.281058
0.280444
0.279833
0.279224
0.278618
0.278015
0.277415
0.276818
0.276224
0.275633
0.275044
0.274458
0.273875
0.273295
0.272718
0.272143
0.271571
0.271002
0.270435
0.269871
0.26931
0.268752
0.268196
0.267643
0.267092
0.266544
0.265999
0.265456
0.264916
0.264378
0.263843
0.263311
0.262781
0.262253
0.261728
0.261206
0.260686
0.260169
0.259654
0.259141
0.258631
0.258123
0.257618
0.257115
0.256614
0.256116
0.25562
0.255126
0.254635
0.254146
0.25366
0.253175
0.252693
0.252214
0.251736
0.251261
0.250788
0.250317
0.249848
0.249382
0.248917
0.248455
0.247995
0.247538
0.247082
0.246628
0.246177
0.245727
0.24528
0.244835
0.244392
0.243951
0.243512
0.243075
0.24264
0.242207
0.241775
0.241346
0.240919
0.240494
0.240071
0.23965
0.23923
0.238813
0.238398
0.237984
0.237572
0.237162
0.236754
0.236348
0.235944
0.235542
0.235141
0.234742
0.234345
0.23395
0.233556
0.233165
0.232775
0.232387
0.232
0.231615
0.231232
0.230851
0.230471
0.230094
0.229717
0.229343
0.22897
0.228599
0.228229
0.227861
0.227495
0.22713
0.226767
0.226406
0.226046
0.225687
0.22533
0.224975
0.224622
0.22427
0.223919
0.22357
0.223222
0.222876
0.222532
0.222189
0.221847
0.221507
0.221169
0.220832
0.220496
0.220162
0.219829
0.219498
0.219168
0.218839
0.218512
0.218186
0.217862
0.217539
0.217217
0.216897
0.216578
0.216261
0.215945
0.21563
0.215316
0.215004
0.214693
0.214384
0.214076
0.213769
0.213463
0.213159
0.212855
0.212554
0.212253
0.211954
0.211656
0.211359
0.211063
0.210769
0.210476
0.210184
0.209893
0.209603
0.209315
0.209028
0.208742
0.208457
0.208173
0.207891
0.20761
0.207329
0.20705
0.206772
0.206496
0.20622
0.205946
0.205672
0.2054
0.205129
0.204859
0.20459
0.204322
0.204055
0.203789
0.203524
0.203261
0.202998
0.202737
0.202476
0.202217
0.201958
0.201701
0.201444
0.201189
0.200935
0.200682
0.200429
0.200178
0.199928
0.199678
0.19943
0.199183
0.198936
0.198691
0.198446
0.198203
0.19796
0.197719
0.197478
0.197238
0.197
0.196762
0.196525
0.196289
0.196054
0.19582
0.195586
0.195354
0.195123
0.194892
0.194663
0.194434
0.194206
0.193979
0.193753
0.193528
0.193303
0.19308
0.192857
0.192635
0.192414
0.192194
0.191975
0.191756
0.191539
0.191322
0.191106
0.190891
0.190677
0.190463
0.19025
0.190038
0.189827
0.189617
0.189408
0.189199
0.188991
0.188784
0.188578
0.188372
0.188167
0.187963
0.18776
0.187557
0.187356
0.187155
0.186954
0.186755
0.186556
0.186358
0.186161
0.185964
0.185769
0.185574
0.185379
0.185186
0.184993
0.184801
0.184609
0.184418
0.184228
0.184039
0.18385
0.183662
0.183475
0.183289
0.183103
0.182918
0.182733
0.182549
0.182366
0.182184
0.182002
0.181821
0.18164
0.18146
0.181281
0.181103
0.180925
0.180748
0.180571
0.180395
0.18022
0.180045
0.179871
0.179698
0.179525
0.179353
0.179182
0.179011
0.178841
0.178671
0.178502
0.178334
0.178166
0.177999
0.177832
0.177666
0.177501
0.177336
0.177172
0.177008
0.176846
0.176683
0.176521
0.17636
0.1762
0.17604
0.17588
0.175721
0.175563
0.175405
0.175248
0.175091
0.174935
0.17478
0.174625
0.17447
0.174317
0.174163
0.174011
0.173858
0.173707
0.173556
0.173405
0.173255
0.173106
0.172957
0.172808
0.172661
0.172513
0.172366
0.17222
0.172074
0.171929
0.171785
0.17164
0.171497
0.171353
0.171211
0.171069
0.170927
0.170786
0.170645
0.170505
0.170366
0.170226
0.170088
0.16995
0.169812
0.169675
0.169538
0.169402
0.169266
0.169131
0.168996
0.168862
0.168728
0.168595
0.168462
0.16833
0.168198
0.168067
0.167936
0.167805
0.167675
0.167546
0.167417
0.167288
0.16716
0.167032
0.166905
0.166778
0.166652
0.166526
0.166401
0.166276
0.166151
0.166027
0.165903
0.16578
0.165657
0.165535
0.165413
0.165292
0.165171
0.16505
0.16493
0.16481
0.164691
0.164572
0.164454
0.164336
0.164218
0.164101
0.163984
0.163868
0.163752
0.163636
0.163521
0.163407
0.163292
0.163179
0.163065
0.162952
0.162839
0.162727
0.162615
0.162504
0.162393
0.162282
0.162172
0.162062
0.161953
0.161844
0.161735
0.161627
0.161519
0.161412
0.161304
0.161198
0.161091
0.160986
0.16088
0.160775
0.16067
0.160566
0.160462
0.160358
0.160255
0.160152
0.160049
0.159947
0.159845
0.159744
0.159643
0.159542
0.159442
0.159342
0.159243
0.159143
0.159045
0.158946
0.158848
0.15875
0.158653
0.158556
0.158459
0.158363
0.158267
0.158171
0.158076
0.157981
0.157887
0.157792
0.157699
0.157605
0.157512
0.157419
0.157327
0.157234
0.157143
0.157051
0.15696
0.156869
0.156779
0.156689
0.156599
0.15651
0.156421
0.156332
0.156243
0.156155
0.156068
0.15598
0.155893
0.155806
0.15572
0.155634
0.155548
0.155463
0.155377
0.155293
0.155208
0.155124
0.15504
0.154957
0.154873
0.154791
0.154708
0.154626
0.154544
0.154462
0.154381
0.1543
0.154219
0.154139
0.154059
0.153979
0.1539
0.15382
0.153742
0.153663
0.153585
0.153507
0.153429
0.153352
0.153275
0.153198
0.153122
0.153046
0.15297
0.152895
0.152819
0.152744
0.15267
0.152595
0.152521
0.152448
0.152374
0.152301
0.152228
0.152156
0.152084
0.152012
0.15194
0.151868
0.151797
0.151727
0.151656
0.151586
0.151516
0.151446
0.151377
0.151308
0.151239
0.15117
0.151102
0.151034
0.150966
0.150899
0.150832
0.150765
0.150698
0.150632
0.150566
0.1505
0.150435
0.15037
0.150305
0.15024
0.150176
0.150111
0.150048
0.149984
0.149921
0.149858
0.149795
0.149732
0.14967
0.149608
0.149547
0.149485
0.149424
0.149363
0.149302
0.149242
0.149182
0.149122
0.149063
0.149003
0.148944
0.148885
0.148827
0.148768
0.14871
0.148653
0.148595
0.148538
0.148481
0.148424
0.148368
0.148311
0.148255
0.1482
0.148144
0.148089
0.148034
0.147979
0.147925
0.147871
0.147817
0.147763
0.14771
0.147656
0.147603
0.147551
0.147498
0.147446
0.147394
0.147342
0.147291
0.14724
0.147189
0.147138
0.147087
0.147037
0.146987
0.146937
0.146888
0.146838
0.146789
0.14674
0.146692
0.146644
0.146595
0.146548
0.1465
0.146453
0.146405
0.146358
0.146312
0.146265
0.146219
0.146173
0.146127
0.146082
0.146037
0.145992
0.145947
0.145902
0.145858
0.145814
0.14577
0.145726
0.145683
0.14564
0.145597
0.145554
0.145512
0.145469
0.145427
0.145385
0.145344
0.145302
0.145261
0.14522
0.14518
0.145139
0.145099
0.145059
0.145019
0.14498
0.14494
0.144901
0.144862
0.144824
0.144785
0.144747
0.144709
0.144671
0.144634
0.144596
0.144559
0.144522
0.144486
0.144449
0.144413
0.144377
0.144341
0.144306
0.14427
0.144235
0.1442
0.144166
0.144131
0.144097
0.144063
0.144029
0.143995
0.143962
0.143929
0.143896
0.143863
0.14383
0.143798
0.143766
0.143734
0.143702
0.143671
0.143639
0.143608
0.143577
0.143547
0.143516
0.143486
0.143456
0.143426
0.143397
0.143367
0.143338
0.143309
0.14328
0.143252
0.143223
0.143195
0.143167
0.14314
0.143112
0.143085
0.143058
0.143031
0.143004
0.142977
0.142951
0.142925
0.142899
0.142874
0.142848
0.142823
0.142798
0.142773
0.142748
0.142724
0.142699
0.142675
0.142652
0.142628
0.142604
0.142581
0.142558
0.142535
0.142513
0.14249
0.142468
0.142446
0.142424
0.142403
0.142381
0.14236
0.142339
0.142318
0.142297
0.142277
0.142257
0.142237
0.142217
0.142197
0.142178
0.142158
0.142139
0.14212
0.142102
0.142083
0.142065
0.142047
0.142029
0.142011
0.141994
0.141977
0.141959
0.141943
0.141926
0.141909
0.141893
0.141877
0.141861
0.141845
0.14183
0.141814
0.141799
0.141784
0.141769
0.141755
0.14174
0.141726
0.141712
0.141698
0.141685
0.141671
0.141658
0.141645
0.141632
0.14162
0.141607
0.141595
0.141583
0.141571
0.141559
0.141548
0.141536
0.141525
0.141514
0.141503
0.141493
0.141483
0.141472
0.141462
0.141453
0.141443
0.141434
0.141424
0.141415
0.141406
0.141398
0.141389
0.141381
0.141373
0.141365
0.141357
0.14135
0.141342
0.141335
0.141328
0.141321
0.141315
0.141308
0.141302
0.141296
0.14129
0.141284
0.141279
0.141274
0.141268
0.141264
0.141259
0.141254
0.14125
0.141246
0.141242
0.141238
0.141234
0.141231
0.141228
0.141224
0.141222
0.141219
0.141216
0.141214
0.141212
0.14121
0.141208
0.141207
0.141205
0.141204
0.141203
0.141202
0.141201
0.141201
0.141201
0.1412
0.1412
0.141201
0.141201
0.141202
0.141203
0.141204
0.141205
0.141206
0.141208
0.141209
0.141211
0.141213
0.141216
0.141218
0.141221
0.141223
0.141226
0.14123
0.141233
0.141236
0.14124
0.141244
0.141248
0.141253
0.141257
0.141262
0.141266
0.141271
0.141277
0.141282
0.141288
0.141293
0.141299
0.141305
0.141312
0.141318
0.141325
0.141332
0.141339
0.141346
0.141353
0.141361
0.141368
0.141376
0.141384
0.141393
0.141401
0.14141
0.141419
0.141428
0.141437
0.141446
0.141456
0.141466
0.141475
0.141486
0.141496
0.141506
0.141517
0.141528
0.141539
0.14155
0.141561
0.141573
0.141585
0.141597
0.141609
0.141621
0.141634
0.141646
0.141659
0.141672
0.141685
0.141699
0.141712
0.141726
0.14174
0.141754
0.141768
0.141783
0.141797
0.141812
0.141827
0.141843
0.141858
0.141873
0.141889
0.141905
0.141921
0.141938
0.141954
0.141971
0.141988
0.142005
0.142022
0.142039
0.142057
0.142075
0.142092
0.142111
0.142129
0.142147
0.142166
0.142185
0.142204
0.142223
0.142243
0.142262
0.142282
0.142302
0.142322
0.142342
0.142363
0.142384
0.142405
0.142426
0.142447
0.142468
0.14249
0.142512
0.142534
0.142556
0.142578
0.142601
0.142623
0.142646
0.142669
0.142693
0.142716
0.14274
0.142764
0.142788
0.142812
0.142836
0.142861
0.142885
0.14291
0.142936
0.142961
0.142986
0.143012
0.143038
0.143064
0.14309
0.143117
0.143143
0.14317
0.143197
0.143224
0.143252
0.143279
0.143307
0.143335
0.143363
0.143391
0.14342
0.143448
0.143477
0.143506
0.143535
0.143565
0.143594
0.143624
0.143654
0.143684
0.143715
0.143745
0.143776
0.143807
0.143838
0.143869
0.143901
0.143933
0.143964
0.143996
0.144029
0.144061
0.144094
0.144127
0.14416
0.144193
0.144226
0.14426
0.144294
0.144328
0.144362
0.144396
0.144431
0.144465
0.1445
0.144535
0.144571
0.144606
0.144642
0.144678
0.144714
0.14475
0.144787
0.144823
0.14486
0.144897
0.144934
0.144972
0.145009
0.145047
0.145085
0.145124
0.145162
0.145201
0.145239
0.145278
0.145318
0.145357
0.145397
0.145436
0.145476
0.145516
0.145557
0.145597
0.145638
0.145679
0.14572
0.145762
0.145803
0.145845
0.145887
0.145929
0.145971
0.146014
0.146057
0.1461
0.146143
0.146186
0.14623
0.146273
0.146317
0.146361
0.146406
0.14645
0.146495
0.14654
0.146585
0.14663
0.146676
0.146722
0.146768
0.146814
0.14686
0.146907
0.146954
0.147001
0.147048
0.147095
0.147143
0.147191
0.147239
0.147287
0.147335
0.147384
0.147433
0.147482
0.147531
0.14758
0.14763
0.14768
0.14773
0.14778
0.147831
0.147881
0.147932
0.147983
0.148035
0.148086
0.148138
0.14819
0.148242
0.148294
0.148347
0.1484
0.148453
0.148506
0.148559
0.148613
0.148667
0.148721
0.148775
0.148829
0.148884
0.148939
0.148994
0.14905
0.149105
0.149161
0.149217
0.149273
0.149329
0.149386
0.149443
0.1495
0.149557
0.149615
0.149673
0.14973
0.149789
0.149847
0.149906
0.149964
0.150023
0.150083
0.150142
0.150202
0.150262
0.150322
0.150382
0.150443
0.150504
0.150565
0.150626
0.150687
0.150749
0.150811
0.150873
0.150935
0.150998
0.151061
0.151124
0.151187
0.151251
0.151314
0.151378
0.151443
0.151507
0.151572
0.151636
0.151702
0.151767
0.151832
0.151898
0.151964
0.152031
0.152097
0.152164
0.152231
0.152298
0.152365
0.152433
0.152501
0.152569
0.152637
0.152706
0.152775
0.152844
0.152913
0.152983
0.153052
0.153122
0.153193
0.153263
0.153334
0.153405
0.153476
0.153547
0.153619
0.153691
0.153763
0.153835
0.153908
0.153981
0.154054
0.154128
0.154201
0.154275
0.154349
0.154423
0.154498
0.154573
0.154648
0.154723
0.154799
0.154875
0.154951
0.155027
0.155104
0.155181
0.155258
0.155335
0.155413
0.15549
0.155569
0.155647
0.155725
0.155804
0.155883
0.155963
0.156042
0.156122
0.156202
0.156283
0.156363
0.156444
0.156526
0.156607
0.156689
0.156771
0.156853
0.156935
0.157018
0.157101
0.157184
0.157268
0.157352
0.157436
0.15752
0.157604
0.157689
0.157774
0.15786
0.157945
0.158031
0.158117
0.158204
0.158291
0.158378
0.158465
0.158552
0.15864
0.158728
0.158817
0.158905
0.158994
0.159083
0.159173
0.159263
0.159353
0.159443
0.159533
0.159624
0.159715
0.159807
0.159898
0.15999
0.160083
0.160175
0.160268
0.160361
0.160454
0.160548
0.160642
0.160736
0.160831
0.160926
0.161021
0.161116
0.161212
0.161308
0.161404
0.161501
0.161597
0.161694
0.161792
0.16189
0.161988
0.162086
0.162185
0.162283
0.162383
0.162482
0.162582
0.162682
0.162782
0.162883
0.162984
0.163085
0.163187
0.163289
0.163391
0.163494
0.163597
0.1637
0.163803
0.163907
0.164011
0.164115
0.16422
0.164325
0.16443
0.164536
0.164642
0.164748
0.164855
0.164962
0.165069
0.165176
0.165284
0.165392
0.165501
0.16561
0.165719
0.165828
0.165938
0.166048
0.166158
0.166269
0.16638
0.166492
0.166603
0.166715
0.166828
0.166941
0.167054
0.167167
0.167281
0.167395
0.167509
0.167624
0.167739
0.167854
0.16797
0.168086
0.168203
0.168319
0.168436
0.168554
0.168672
0.16879
0.168908
0.169027
0.169146
0.169266
0.169386
0.169506
0.169626
0.169747
0.169869
0.16999
0.170112
0.170235
0.170357
0.17048
0.170604
0.170727
0.170852
0.170976
0.171101
0.171226
0.171352
0.171478
0.171604
0.171731
0.171858
0.171985
0.172113
0.172241
0.17237
0.172499
0.172628
0.172758
0.172888
0.173018
0.173149
0.17328
0.173412
0.173544
0.173676
0.173809
0.173942
0.174075
0.174209
0.174344
0.174478
0.174613
0.174749
0.174885
0.175021
0.175158
0.175295
0.175432
0.17557
0.175708
0.175847
0.175986
0.176125
0.176265
0.176405
0.176546
0.176687
0.176829
0.176971
0.177113
0.177256
0.177399
0.177542
0.177686
0.177831
0.177975
0.178121
0.178266
0.178412
0.178559
0.178706
0.178853
0.179001
0.179149
0.179298
0.179447
0.179597
0.179747
0.179897
0.180048
0.180199
0.180351
0.180503
0.180656
0.180809
0.180962
0.181116
0.181271
0.181425
0.181581
0.181737
0.181893
0.182049
0.182207
0.182364
0.182522
0.182681
0.18284
0.182999
0.183159
0.18332
0.18348
0.183642
0.183804
0.183966
0.184129
0.184292
0.184456
0.18462
0.184784
0.18495
0.185115
0.185281
0.185448
0.185615
0.185783
0.185951
0.186119
0.186288
0.186458
0.186628
0.186799
0.18697
0.187141
0.187314
0.187486
0.187659
0.187833
0.188007
0.188182
0.188357
0.188533
0.188709
0.188886
0.189063
0.189241
0.189419
0.189598
0.189777
0.189957
0.190138
0.190319
0.1905
0.190682
0.190865
0.191048
0.191232
0.191416
0.191601
0.191786
0.191972
0.192159
0.192346
0.192533
0.192722
0.19291
0.1931
0.193289
0.19348
0.193671
0.193862
0.194055
0.194247
0.194441
0.194635
0.194829
0.195024
0.19522
0.195416
0.195613
0.19581
0.196008
0.196207
0.196406
0.196606
0.196806
0.197007
0.197209
0.197411
0.197614
0.197818
0.198022
0.198226
0.198432
0.198638
0.198844
0.199052
0.19926
0.199468
0.199677
0.199887
0.200097
0.200308
0.20052
0.200733
0.200946
0.201159
0.201374
0.201589
0.201804
0.202021
0.202238
0.202455
0.202674
0.202893
0.203112
0.203333
0.203554
0.203775
0.203998
0.204221
0.204445
0.204669
0.204894
0.20512
0.205347
0.205574
0.205802
0.206031
0.20626
0.20649
0.206721
0.206953
0.207185
0.207418
0.207652
0.207887
0.208122
0.208358
0.208594
0.208832
0.20907
0.209309
0.209549
0.209789
0.210031
0.210273
0.210515
0.210759
0.211003
0.211248
0.211494
0.211741
0.211988
0.212237
0.212486
0.212736
0.212986
0.213238
0.21349
0.213743
0.213997
0.214251
0.214507
0.214763
0.21502
0.215278
0.215537
0.215797
0.216057
0.216319
0.216581
0.216844
0.217108
0.217372
0.217638
0.217904
0.218172
0.21844
0.218709
0.218979
0.21925
0.219521
0.219794
0.220067
0.220342
0.220617
0.220893
0.22117
0.221448
0.221727
0.222007
0.222288
0.22257
0.222852
0.223136
0.22342
0.223706
0.223992
0.22428
0.224568
0.224857
0.225147
0.225439
0.225731
0.226024
0.226318
0.226613
0.226909
0.227207
0.227505
0.227804
0.228104
0.228405
0.228707
0.22901
0.229315
0.22962
0.229926
0.230234
0.230542
0.230851
0.231162
0.231473
0.231786
0.2321
0.232415
0.23273
0.233047
0.233365
0.233684
0.234005
0.234326
0.234648
0.234972
0.235297
0.235622
0.235949
0.236277
0.236607
0.236937
0.237268
0.237601
0.237935
0.23827
0.238606
0.238943
0.239282
0.239622
0.239962
0.240305
0.240648
0.240992
0.241338
0.241685
0.242033
0.242383
0.242734
0.243086
0.243439
0.243793
0.244149
0.244506
0.244864
0.245224
0.245585
0.245947
0.24631
0.246675
0.247041
0.247409
0.247777
0.248147
0.248519
0.248892
0.249266
0.249641
0.250018
0.250396
0.250776
0.251157
0.251539
0.251923
0.252308
0.252695
0.253083
0.253473
0.253864
0.254256
0.25465
0.255045
0.255442
0.25584
0.25624
0.256641
0.257044
0.257448
0.257854
0.258262
0.25867
0.259081
0.259493
0.259906
0.260321
0.260738
0.261156
0.261576
0.261997
0.26242
0.262845
0.263271
0.263699
0.264129
0.26456
0.264993
0.265427
0.265863
0.266301
0.266741
0.267182
0.267625
0.26807
0.268516
0.268964
0.269414
0.269866
0.270319
0.270774
0.271231
0.27169
0.272151
0.272613
0.273077
0.273544
0.274011
0.274481
0.274953
0.275426
0.275902
0.276379
0.276858
0.27734
0.277823
0.278308
0.278795
0.279284
0.279775
0.280268
0.280763
0.281259
0.281758
0.282259
0.282762
0.283268
0.283775
0.284284
0.284795
0.285309
0.285824
0.286342
0.286862
0.287384
0.287908
0.288434
0.288963
0.289493
0.290026
0.290561
0.291099
0.291639
0.29218
0.292725
0.293271
0.29382
0.294371
0.294925
0.29548
0.296039
0.296599
0.297162
0.297728
0.298295
0.298866
0.299438
0.300014
0.300591
0.301171
0.301754
0.302339
0.302927
0.303517
0.30411
0.304706
0.305304
0.305904
0.306508
0.307114
0.307722
0.308334
0.308948
0.309565
0.310184
0.310807
0.311432
0.31206
0.31269
0.313324
0.31396
0.3146
0.315242
0.315887
0.316535
0.317186
0.317839
0.318496
0.319156
0.319819
0.320485
0.321154
0.321826
0.322501
0.323179
0.323861
0.324545
0.325233
0.325924
0.326618
0.327316
0.328016
0.32872
0.329428
0.330138
0.330852
0.33157
0.33229
0.333014
0.333742
0.334473
0.335208
0.335946
0.336688
0.337433
0.338182
0.338934
0.33969
0.34045
0.341213
0.341981
0.342752
0.343526
0.344305
0.345087
0.345873
0.346663
0.347457
0.348255
0.349057
0.349863
0.350673
0.351486
0.352304
0.353127
0.353953
0.354783
0.355618
0.356457
0.3573
0.358147
0.358999
0.359855
0.360715
0.36158
0.362449
0.363323
0.364201
0.365084
0.365972
0.366864
0.36776
0.368662
0.369568
0.370479
0.371394
0.372315
0.37324
0.37417
0.375106
0.376046
0.376991
0.377941
0.378897
0.379857
0.380823
0.381794
0.38277
0.383751
0.384738
0.38573
0.386728
0.387731
0.388739
0.389753
0.390773
0.391798
0.39283
0.393866
0.394909
0.395957
0.397011
0.398072
0.399138
0.40021
0.401288
0.402373
0.403463
0.40456
0.405663
0.406772
0.407888
0.40901
0.410139
0.411274
0.412416
0.413564
0.414719
0.415881
0.41705
0.418225
0.419408
0.420597
0.421794
0.422997
0.424208
0.425426
0.424608
0.423782
0.422949
0.422108
0.421261
0.420408
0.419548
0.418682
0.41781
0.416933
0.416051
0.415164
0.414272
0.413375
0.412474
0.411569
0.41066
0.409747
0.408831
0.407911
0.406989
0.406063
0.405135
0.404204
0.403271
0.402335
0.401398
0.400459
0.399517
0.398575
0.397631
0.396685
0.395739
0.394791
0.393843
0.392894
0.391944
0.390994
0.390044
0.389093
0.388142
0.387191
0.386241
0.38529
0.38434
0.383391
0.382442
0.381493
0.380546
0.379599
0.378653
0.377708
0.376764
0.375821
0.37488
0.37394
0.373001
0.372064
0.371128
0.370194
0.369262
0.368331
0.367402
0.366475
0.36555
0.364627
0.363706
0.362788
0.361871
0.360956
0.360044
0.359134
0.358227
0.357321
0.356419
0.355518
0.354621
0.353725
0.352833
0.351943
0.351055
0.350171
0.349289
0.34841
0.347533
0.34666
0.345789
0.344921
0.344056
0.343194
0.342335
0.341479
0.340626
0.339776
0.338928
0.338084
0.337243
0.336405
0.33557
0.334738
0.33391
0.333084
0.332262
0.331442
0.330626
0.329813
0.329003
0.328197
0.327393
0.326593
0.325796
0.325002
0.324212
0.323424
0.32264
0.321859
0.321081
0.320307
0.319536
0.318768
0.318003
0.317241
0.316483
0.315728
0.314976
0.314228
0.313482
0.31274
0.312001
0.311265
0.310533
0.309804
0.309078
0.308355
0.307635
0.306919
0.306205
0.305495
0.304788
0.304085
0.303384
0.302687
0.301992
0.301301
0.300613
0.299928
0.299247
0.298568
0.297892
0.29722
0.296551
0.295884
0.295221
0.294561
0.293904
0.29325
0.292599
0.291951
0.291306
0.290664
0.290025
0.289389
0.288756
0.288125
0.287498
0.286874
0.286253
0.285634
0.285019
0.284406
0.283796
0.283189
0.282585
0.281984
0.281386
0.28079
0.280197
0.279607
0.27902
0.278436
0.277854
0.277275
0.276699
0.276126
0.275555
0.274987
0.274421
0.273859
0.273299
0.272741
0.272186
0.271634
0.271085
0.270538
0.269993
0.269452
0.268912
0.268376
0.267842
0.26731
0.266781
0.266254
0.26573
0.265208
0.264689
0.264172
0.263658
0.263146
0.262637
0.262129
0.261625
0.261122
0.260622
0.260125
0.259629
0.259136
0.258646
0.258157
0.257671
0.257187
0.256706
0.256227
0.255749
0.255275
0.254802
0.254332
0.253863
0.253397
0.252933
0.252472
0.252012
0.251555
0.251099
0.250646
0.250195
0.249746
0.249299
0.248854
0.248411
0.24797
0.247531
0.247095
0.24666
0.246227
0.245796
0.245368
0.244941
0.244516
0.244093
0.243672
0.243253
0.242836
0.24242
0.242007
0.241596
0.241186
0.240778
0.240372
0.239968
0.239566
0.239165
0.238767
0.23837
0.237975
0.237582
0.23719
0.2368
0.236412
0.236026
0.235641
0.235259
0.234878
0.234498
0.23412
0.233744
0.23337
0.232997
0.232626
0.232257
0.231889
0.231523
0.231158
0.230795
0.230434
0.230074
0.229716
0.22936
0.229005
0.228651
0.228299
0.227949
0.2276
0.227253
0.226907
0.226562
0.22622
0.225878
0.225538
0.2252
0.224863
0.224528
0.224194
0.223861
0.22353
0.2232
0.222872
0.222545
0.222219
0.221895
0.221573
0.221251
0.220931
0.220613
0.220295
0.21998
0.219665
0.219352
0.21904
0.218729
0.21842
0.218112
0.217805
0.2175
0.217196
0.216893
0.216591
0.216291
0.215992
0.215694
0.215398
0.215103
0.214808
0.214516
0.214224
0.213934
0.213644
0.213356
0.213069
0.212784
0.212499
0.212216
0.211934
0.211653
0.211373
0.211095
0.210817
0.210541
0.210265
0.209991
0.209718
0.209446
0.209176
0.208906
0.208637
0.20837
0.208103
0.207838
0.207574
0.207311
0.207049
0.206788
0.206528
0.206269
0.206011
0.205754
0.205498
0.205243
0.204989
0.204736
0.204485
0.204234
0.203984
0.203735
0.203488
0.203241
0.202995
0.20275
0.202506
0.202263
0.202021
0.20178
0.20154
0.201301
0.201063
0.200826
0.200589
0.200354
0.20012
0.199886
0.199654
0.199422
0.199191
0.198961
0.198732
0.198504
0.198277
0.198051
0.197825
0.197601
0.197377
0.197154
0.196932
0.196711
0.196491
0.196271
0.196053
0.195835
0.195618
0.195402
0.195187
0.194973
0.194759
0.194547
0.194335
0.194124
0.193913
0.193704
0.193495
0.193287
0.19308
0.192874
0.192668
0.192464
0.19226
0.192057
0.191854
0.191653
0.191452
0.191252
0.191052
0.190854
0.190656
0.190459
0.190263
0.190067
0.189872
0.189678
0.189485
0.189292
0.1891
0.188909
0.188718
0.188529
0.18834
0.188151
0.187964
0.187777
0.18759
0.187405
0.18722
0.187036
0.186853
0.18667
0.186488
0.186306
0.186126
0.185945
0.185766
0.185587
0.185409
0.185232
0.185055
0.184879
0.184704
0.184529
0.184355
0.184181
0.184009
0.183836
0.183665
0.183494
0.183324
0.183154
0.182985
0.182817
0.182649
0.182482
0.182315
0.182149
0.181984
0.181819
0.181655
0.181492
0.181329
0.181166
0.181005
0.180844
0.180683
0.180523
0.180364
0.180205
0.180047
0.17989
0.179733
0.179576
0.17942
0.179265
0.17911
0.178956
0.178803
0.17865
0.178497
0.178346
0.178194
0.178043
0.177893
0.177744
0.177595
0.177446
0.177298
0.17715
0.177004
0.176857
0.176711
0.176566
0.176421
0.176277
0.176133
0.17599
0.175847
0.175705
0.175564
0.175422
0.175282
0.175142
0.175002
0.174863
0.174725
0.174587
0.174449
0.174312
0.174175
0.174039
0.173904
0.173769
0.173634
0.1735
0.173367
0.173234
0.173101
0.172969
0.172837
0.172706
0.172576
0.172445
0.172316
0.172186
0.172058
0.171929
0.171802
0.171674
0.171547
0.171421
0.171295
0.17117
0.171045
0.17092
0.170796
0.170672
0.170549
0.170426
0.170304
0.170182
0.170061
0.16994
0.16982
0.1697
0.16958
0.169461
0.169342
0.169224
0.169106
0.168989
0.168872
0.168755
0.168639
0.168523
0.168408
0.168293
0.168179
0.168065
0.167951
0.167838
0.167725
0.167613
0.167501
0.16739
0.167279
0.167168
0.167058
0.166948
0.166839
0.16673
0.166621
0.166513
0.166405
0.166298
0.166191
0.166084
0.165978
0.165872
0.165767
0.165662
0.165557
0.165453
0.165349
0.165246
0.165143
0.16504
0.164938
0.164836
0.164735
0.164634
0.164533
0.164433
0.164333
0.164233
0.164134
0.164035
0.163937
0.163839
0.163741
0.163644
0.163547
0.16345
0.163354
0.163258
0.163163
0.163068
0.162973
0.162878
0.162784
0.162691
0.162598
0.162505
0.162412
0.16232
0.162228
0.162136
0.162045
0.161955
0.161864
0.161774
0.161684
0.161595
0.161506
0.161417
0.161329
0.161241
0.161153
0.161066
0.160979
0.160892
0.160806
0.16072
0.160635
0.160549
0.160464
0.16038
0.160296
0.160212
0.160128
0.160045
0.159962
0.159879
0.159797
0.159715
0.159634
0.159552
0.159471
0.159391
0.159311
0.159231
0.159151
0.159072
0.158993
0.158914
0.158836
0.158758
0.15868
0.158603
0.158525
0.158449
0.158372
0.158296
0.15822
0.158145
0.15807
0.157995
0.15792
0.157846
0.157772
0.157698
0.157625
0.157552
0.157479
0.157407
0.157335
0.157263
0.157192
0.15712
0.157049
0.156979
0.156909
0.156839
0.156769
0.1567
0.15663
0.156562
0.156493
0.156425
0.156357
0.156289
0.156222
0.156155
0.156088
0.156022
0.155956
0.15589
0.155824
0.155759
0.155694
0.155629
0.155565
0.155501
0.155437
0.155374
0.15531
0.155247
0.155185
0.155122
0.15506
0.154998
0.154937
0.154875
0.154814
0.154754
0.154693
0.154633
0.154573
0.154513
0.154454
0.154395
0.154336
0.154278
0.154219
0.154161
0.154104
0.154046
0.153989
0.153932
0.153876
0.153819
0.153763
0.153707
0.153652
0.153597
0.153542
0.153487
0.153432
0.153378
0.153324
0.153271
0.153217
0.153164
0.153111
0.153058
0.153006
0.152954
0.152902
0.152851
0.152799
0.152748
0.152697
0.152647
0.152597
0.152547
0.152497
0.152447
0.152398
0.152349
0.1523
0.152252
0.152204
0.152156
0.152108
0.15206
0.152013
0.151966
0.151919
0.151873
0.151827
0.151781
0.151735
0.15169
0.151644
0.151599
0.151555
0.15151
0.151466
0.151422
0.151378
0.151335
0.151292
0.151249
0.151206
0.151163
0.151121
0.151079
0.151037
0.150996
0.150954
0.150913
0.150873
0.150832
0.150792
0.150752
0.150712
0.150672
0.150633
0.150594
0.150555
0.150516
0.150478
0.15044
0.150402
0.150364
0.150326
0.150289
0.150252
0.150215
0.150179
0.150143
0.150107
0.150071
0.150035
0.15
0.149965
0.14993
0.149895
0.149861
0.149826
0.149793
0.149759
0.149725
0.149692
0.149659
0.149626
0.149594
0.149561
0.149529
0.149497
0.149465
0.149434
0.149403
0.149372
0.149341
0.149311
0.14928
0.14925
0.14922
0.149191
0.149161
0.149132
0.149103
0.149074
0.149046
0.149017
0.148989
0.148962
0.148934
0.148907
0.148879
0.148852
0.148826
0.148799
0.148773
0.148747
0.148721
0.148695
0.14867
0.148645
0.14862
0.148595
0.14857
0.148546
0.148522
0.148498
0.148474
0.148451
0.148428
0.148405
0.148382
0.148359
0.148337
0.148315
0.148293
0.148271
0.14825
0.148228
0.148207
0.148186
0.148166
0.148145
0.148125
0.148105
0.148085
0.148066
0.148046
0.148027
0.148008
0.14799
0.147971
0.147953
0.147935
0.147917
0.147899
0.147882
0.147865
0.147847
0.147831
0.147814
0.147798
0.147781
0.147765
0.14775
0.147734
0.147719
0.147704
0.147689
0.147674
0.14766
0.147645
0.147631
0.147617
0.147604
0.14759
0.147577
0.147564
0.147551
0.147538
0.147526
0.147514
0.147502
0.14749
0.147478
0.147467
0.147456
0.147445
0.147434
0.147423
0.147413
0.147403
0.147393
0.147383
0.147373
0.147364
0.147355
0.147346
0.147337
0.147329
0.14732
0.147312
0.147304
0.147297
0.147289
0.147282
0.147275
0.147268
0.147261
0.147254
0.147248
0.147242
0.147236
0.147231
0.147225
0.14722
0.147215
0.14721
0.147205
0.147201
0.147196
0.147192
0.147188
0.147185
0.147181
0.147178
0.147175
0.147172
0.147169
0.147167
0.147165
0.147163
0.147161
0.147159
0.147158
0.147156
0.147155
0.147154
0.147154
0.147153
0.147153
0.147153
0.147153
0.147154
0.147154
0.147155
0.147156
0.147157
0.147158
0.14716
0.147162
0.147163
0.147166
0.147168
0.14717
0.147173
0.147176
0.147179
0.147183
0.147186
0.14719
0.147194
0.147198
0.147202
0.147207
0.147211
0.147216
0.147221
0.147227
0.147232
0.147238
0.147244
0.14725
0.147256
0.147263
0.147269
0.147276
0.147283
0.147291
0.147298
0.147306
0.147314
0.147322
0.14733
0.147339
0.147347
0.147356
0.147365
0.147375
0.147384
0.147394
0.147404
0.147414
0.147424
0.147434
0.147445
0.147456
0.147467
0.147478
0.14749
0.147501
0.147513
0.147525
0.147537
0.14755
0.147562
0.147575
0.147588
0.147602
0.147615
0.147629
0.147642
0.147656
0.147671
0.147685
0.1477
0.147715
0.14773
0.147745
0.14776
0.147776
0.147792
0.147808
0.147824
0.14784
0.147857
0.147874
0.14789
0.147908
0.147925
0.147943
0.14796
0.147978
0.147997
0.148015
0.148034
0.148052
0.148071
0.14809
0.14811
0.148129
0.148149
0.148169
0.148189
0.14821
0.14823
0.148251
0.148272
0.148293
0.148315
0.148336
0.148358
0.14838
0.148402
0.148424
0.148447
0.14847
0.148493
0.148516
0.148539
0.148563
0.148587
0.14861
0.148635
0.148659
0.148684
0.148708
0.148733
0.148758
0.148784
0.148809
0.148835
0.148861
0.148887
0.148914
0.14894
0.148967
0.148994
0.149021
0.149049
0.149076
0.149104
0.149132
0.14916
0.149189
0.149217
0.149246
0.149275
0.149304
0.149334
0.149363
0.149393
0.149423
0.149453
0.149484
0.149514
0.149545
0.149576
0.149608
0.149639
0.149671
0.149703
0.149735
0.149767
0.149799
0.149832
0.149865
0.149898
0.149931
0.149965
0.149999
0.150032
0.150067
0.150101
0.150135
0.15017
0.150205
0.15024
0.150276
0.150311
0.150347
0.150383
0.150419
0.150456
0.150492
0.150529
0.150566
0.150603
0.150641
0.150678
0.150716
0.150754
0.150793
0.150831
0.15087
0.150909
0.150948
0.150987
0.151027
0.151067
0.151107
0.151147
0.151187
0.151228
0.151269
0.15131
0.151351
0.151392
0.151434
0.151476
0.151518
0.15156
0.151603
0.151646
0.151689
0.151732
0.151775
0.151819
0.151862
0.151907
0.151951
0.151995
0.15204
0.152085
0.15213
0.152175
0.152221
0.152267
0.152312
0.152359
0.152405
0.152452
0.152499
0.152546
0.152593
0.15264
0.152688
0.152736
0.152784
0.152833
0.152881
0.15293
0.152979
0.153028
0.153078
0.153128
0.153177
0.153228
0.153278
0.153329
0.153379
0.15343
0.153482
0.153533
0.153585
0.153637
0.153689
0.153741
0.153794
0.153847
0.1539
0.153953
0.154007
0.154061
0.154114
0.154169
0.154223
0.154278
0.154333
0.154388
0.154443
0.154499
0.154554
0.15461
0.154667
0.154723
0.15478
0.154837
0.154894
0.154951
0.155009
0.155067
0.155125
0.155183
0.155242
0.155301
0.15536
0.155419
0.155479
0.155538
0.155598
0.155659
0.155719
0.15578
0.155841
0.155902
0.155963
0.156025
0.156087
0.156149
0.156211
0.156274
0.156337
0.1564
0.156463
0.156527
0.15659
0.156654
0.156719
0.156783
0.156848
0.156913
0.156978
0.157044
0.15711
0.157176
0.157242
0.157308
0.157375
0.157442
0.157509
0.157577
0.157644
0.157712
0.15778
0.157849
0.157918
0.157987
0.158056
0.158125
0.158195
0.158265
0.158335
0.158406
0.158476
0.158547
0.158618
0.15869
0.158762
0.158834
0.158906
0.158978
0.159051
0.159124
0.159197
0.159271
0.159345
0.159419
0.159493
0.159567
0.159642
0.159717
0.159793
0.159868
0.159944
0.16002
0.160097
0.160173
0.16025
0.160327
0.160405
0.160482
0.16056
0.160639
0.160717
0.160796
0.160875
0.160954
0.161034
0.161114
0.161194
0.161274
0.161355
0.161436
0.161517
0.161598
0.16168
0.161762
0.161844
0.161927
0.16201
0.162093
0.162176
0.16226
0.162344
0.162428
0.162513
0.162597
0.162682
0.162768
0.162853
0.162939
0.163025
0.163112
0.163199
0.163286
0.163373
0.163461
0.163549
0.163637
0.163725
0.163814
0.163903
0.163992
0.164082
0.164172
0.164262
0.164352
0.164443
0.164534
0.164626
0.164717
0.164809
0.164901
0.164994
0.165087
0.16518
0.165273
0.165367
0.165461
0.165555
0.16565
0.165745
0.16584
0.165936
0.166031
0.166128
0.166224
0.166321
0.166418
0.166515
0.166613
0.166711
0.166809
0.166907
0.167006
0.167106
0.167205
0.167305
0.167405
0.167505
0.167606
0.167707
0.167809
0.16791
0.168012
0.168115
0.168217
0.16832
0.168424
0.168527
0.168631
0.168735
0.16884
0.168945
0.16905
0.169156
0.169262
0.169368
0.169474
0.169581
0.169688
0.169796
0.169904
0.170012
0.17012
0.170229
0.170338
0.170448
0.170558
0.170668
0.170778
0.170889
0.171
0.171112
0.171224
0.171336
0.171449
0.171562
0.171675
0.171788
0.171902
0.172017
0.172131
0.172246
0.172362
0.172477
0.172593
0.17271
0.172826
0.172944
0.173061
0.173179
0.173297
0.173415
0.173534
0.173654
0.173773
0.173893
0.174013
0.174134
0.174255
0.174377
0.174498
0.174621
0.174743
0.174866
0.174989
0.175113
0.175237
0.175361
0.175486
0.175611
0.175737
0.175862
0.175989
0.176115
0.176242
0.17637
0.176497
0.176626
0.176754
0.176883
0.177012
0.177142
0.177272
0.177403
0.177534
0.177665
0.177796
0.177928
0.178061
0.178194
0.178327
0.178461
0.178595
0.178729
0.178864
0.178999
0.179135
0.179271
0.179407
0.179544
0.179682
0.179819
0.179957
0.180096
0.180235
0.180374
0.180514
0.180654
0.180795
0.180936
0.181077
0.181219
0.181361
0.181504
0.181647
0.181791
0.181935
0.182079
0.182224
0.182369
0.182515
0.182661
0.182808
0.182955
0.183102
0.18325
0.183398
0.183547
0.183696
0.183846
0.183996
0.184147
0.184298
0.184449
0.184601
0.184754
0.184907
0.18506
0.185214
0.185368
0.185523
0.185678
0.185833
0.185989
0.186146
0.186303
0.18646
0.186618
0.186777
0.186936
0.187095
0.187255
0.187415
0.187576
0.187737
0.187899
0.188061
0.188224
0.188387
0.188551
0.188715
0.18888
0.189045
0.189211
0.189377
0.189544
0.189711
0.189879
0.190047
0.190216
0.190385
0.190554
0.190725
0.190895
0.191067
0.191238
0.191411
0.191584
0.191757
0.191931
0.192105
0.19228
0.192455
0.192631
0.192808
0.192985
0.193163
0.193341
0.193519
0.193698
0.193878
0.194058
0.194239
0.194421
0.194603
0.194785
0.194968
0.195152
0.195336
0.19552
0.195706
0.195892
0.196078
0.196265
0.196452
0.19664
0.196829
0.197018
0.197208
0.197399
0.19759
0.197781
0.197973
0.198166
0.198359
0.198553
0.198748
0.198943
0.199138
0.199335
0.199532
0.199729
0.199927
0.200126
0.200325
0.200525
0.200726
0.200927
0.201129
0.201331
0.201534
0.201738
0.201942
0.202147
0.202353
0.202559
0.202766
0.202973
0.203181
0.20339
0.203599
0.203809
0.20402
0.204231
0.204444
0.204656
0.20487
0.205084
0.205298
0.205514
0.20573
0.205946
0.206164
0.206382
0.2066
0.20682
0.20704
0.207261
0.207482
0.207704
0.207927
0.208151
0.208375
0.2086
0.208826
0.209052
0.209279
0.209507
0.209735
0.209965
0.210195
0.210425
0.210657
0.210889
0.211122
0.211356
0.21159
0.211825
0.212061
0.212298
0.212535
0.212773
0.213012
0.213252
0.213492
0.213733
0.213975
0.214218
0.214462
0.214706
0.214951
0.215197
0.215444
0.215691
0.215939
0.216189
0.216438
0.216689
0.216941
0.217193
0.217446
0.2177
0.217955
0.21821
0.218467
0.218724
0.218982
0.219241
0.219501
0.219761
0.220023
0.220285
0.220548
0.220812
0.221077
0.221343
0.22161
0.221877
0.222146
0.222415
0.222685
0.222956
0.223228
0.223501
0.223775
0.224049
0.224325
0.224601
0.224879
0.225157
0.225436
0.225716
0.225998
0.22628
0.226563
0.226847
0.227131
0.227417
0.227704
0.227992
0.228281
0.22857
0.228861
0.229153
0.229445
0.229739
0.230033
0.230329
0.230626
0.230923
0.231222
0.231521
0.231822
0.232124
0.232426
0.23273
0.233035
0.233341
0.233648
0.233956
0.234265
0.234575
0.234886
0.235198
0.235511
0.235825
0.236141
0.236457
0.236775
0.237093
0.237413
0.237734
0.238056
0.238379
0.238703
0.239029
0.239355
0.239683
0.240012
0.240342
0.240673
0.241005
0.241339
0.241673
0.242009
0.242346
0.242684
0.243023
0.243364
0.243706
0.244049
0.244393
0.244738
0.245085
0.245433
0.245782
0.246132
0.246484
0.246837
0.247191
0.247546
0.247903
0.248261
0.24862
0.248981
0.249343
0.249706
0.25007
0.250436
0.250803
0.251172
0.251542
0.251913
0.252285
0.252659
0.253034
0.253411
0.253789
0.254168
0.254549
0.254931
0.255315
0.2557
0.256087
0.256474
0.256864
0.257254
0.257647
0.25804
0.258435
0.258832
0.25923
0.25963
0.260031
0.260433
0.260837
0.261243
0.26165
0.262059
0.262469
0.262881
0.263294
0.263709
0.264125
0.264544
0.264963
0.265384
0.265807
0.266232
0.266658
0.267086
0.267515
0.267946
0.268379
0.268813
0.269249
0.269687
0.270126
0.270567
0.27101
0.271455
0.271901
0.272349
0.272799
0.273251
0.273704
0.274159
0.274616
0.275075
0.275535
0.275998
0.276462
0.276928
0.277396
0.277865
0.278337
0.27881
0.279286
0.279763
0.280242
0.280723
0.281206
0.281691
0.282178
0.282667
0.283158
0.283651
0.284146
0.284643
0.285142
0.285643
0.286146
0.286651
0.287158
0.287667
0.288178
0.288692
0.289207
0.289725
0.290245
0.290766
0.291291
0.291817
0.292345
0.292876
0.293409
0.293944
0.294481
0.295021
0.295563
0.296107
0.296654
0.297203
0.297754
0.298307
0.298863
0.299421
0.299982
0.300545
0.30111
0.301678
0.302248
0.302821
0.303396
0.303974
0.304554
0.305136
0.305722
0.306309
0.3069
0.307493
0.308088
0.308686
0.309287
0.30989
0.310496
0.311105
0.311716
0.31233
0.312947
0.313567
0.314189
0.314814
0.315442
0.316073
0.316706
0.317343
0.317982
0.318624
0.319269
0.319917
0.320568
0.321222
0.321878
0.322538
0.323201
0.323867
0.324536
0.325208
0.325883
0.326561
0.327243
0.327927
0.328615
0.329306
0.33
0.330697
0.331398
0.332102
0.332809
0.33352
0.334233
0.334951
0.335671
0.336396
0.337123
0.337854
0.338589
0.339327
0.340068
0.340813
0.341562
0.342314
0.34307
0.34383
0.344593
0.34536
0.346131
0.346906
0.347684
0.348466
0.349252
0.350042
0.350836
0.351633
0.352435
0.353241
0.35405
0.354864
0.355682
0.356504
0.35733
0.35816
0.358994
0.359833
0.360675
0.361522
0.362374
0.36323
0.36409
0.364954
0.365823
0.366697
0.367574
0.368457
0.369344
0.370236
0.371132
0.372033
0.372939
0.373849
0.374764
0.375684
0.376609
0.377539
0.378474
0.379413
0.380358
0.381308
0.382263
0.383222
0.384188
0.385158
0.386133
0.387114
0.3881
0.389092
0.390089
0.391091
0.392099
0.393112
0.394131
0.395156
0.396186
0.397222
0.398264
0.399312
0.400365
0.401424
0.40249
0.403561
0.404638
0.405722
0.406811
0.407907
0.409009
0.410117
0.411232
0.412353
0.413481
0.414615
0.415755
0.416902
0.418056
0.419217
0.420384
0.421559
0.42274
0.423928
0.425123
0.424338
0.423545
0.422744
0.421936
0.421121
0.420299
0.419471
0.418637
0.417796
0.41695
0.416099
0.415242
0.41438
0.413513
0.412642
0.411766
0.410887
0.410003
0.409116
0.408225
0.40733
0.406433
0.405532
0.404629
0.403723
0.402815
0.401905
0.400992
0.400077
0.399161
0.398243
0.397323
0.396403
0.39548
0.394557
0.393633
0.392708
0.391783
0.390856
0.38993
0.389003
0.388076
0.387149
0.386222
0.385295
0.384368
0.383441
0.382515
0.38159
0.380665
0.379741
0.378818
0.377895
0.376974
0.376053
0.375134
0.374216
0.373299
0.372384
0.37147
0.370558
0.369647
0.368737
0.36783
0.366924
0.36602
0.365118
0.364218
0.363319
0.362423
0.361529
0.360637
0.359747
0.35886
0.357974
0.357091
0.356211
0.355333
0.354457
0.353583
0.352712
0.351844
0.350978
0.350115
0.349255
0.348397
0.347542
0.346689
0.345839
0.344992
0.344148
0.343307
0.342468
0.341633
0.3408
0.33997
0.339143
0.338319
0.337498
0.33668
0.335865
0.335053
0.334243
0.333437
0.332634
0.331834
0.331037
0.330243
0.329452
0.328664
0.32788
0.327098
0.32632
0.325544
0.324772
0.324003
0.323236
0.322473
0.321714
0.320957
0.320203
0.319453
0.318705
0.317961
0.31722
0.316482
0.315747
0.315015
0.314287
0.313561
0.312839
0.31212
0.311404
0.310691
0.309981
0.309274
0.30857
0.30787
0.307172
0.306478
0.305786
0.305098
0.304413
0.30373
0.303051
0.302375
0.301702
0.301032
0.300365
0.299701
0.29904
0.298382
0.297727
0.297075
0.296426
0.29578
0.295137
0.294497
0.293859
0.293225
0.292594
0.291965
0.291339
0.290717
0.290097
0.28948
0.288866
0.288254
0.287646
0.28704
0.286438
0.285838
0.28524
0.284646
0.284054
0.283465
0.282879
0.282296
0.281715
0.281137
0.280562
0.279989
0.279419
0.278852
0.278287
0.277725
0.277166
0.276609
0.276055
0.275503
0.274954
0.274408
0.273864
0.273323
0.272784
0.272248
0.271714
0.271183
0.270654
0.270128
0.269604
0.269083
0.268564
0.268047
0.267533
0.267022
0.266513
0.266006
0.265501
0.264999
0.264499
0.264002
0.263507
0.263014
0.262523
0.262035
0.261549
0.261065
0.260584
0.260104
0.259627
0.259153
0.25868
0.25821
0.257741
0.257275
0.256812
0.25635
0.25589
0.255433
0.254977
0.254524
0.254073
0.253624
0.253177
0.252732
0.252289
0.251848
0.251409
0.250972
0.250537
0.250105
0.249674
0.249245
0.248818
0.248393
0.24797
0.247549
0.247129
0.246712
0.246297
0.245883
0.245472
0.245062
0.244654
0.244248
0.243844
0.243441
0.243041
0.242642
0.242245
0.24185
0.241456
0.241065
0.240675
0.240286
0.2399
0.239515
0.239132
0.238751
0.238372
0.237994
0.237618
0.237243
0.23687
0.236499
0.236129
0.235761
0.235395
0.235031
0.234667
0.234306
0.233946
0.233588
0.233231
0.232876
0.232522
0.23217
0.23182
0.231471
0.231123
0.230778
0.230433
0.23009
0.229749
0.229409
0.22907
0.228733
0.228398
0.228064
0.227731
0.2274
0.22707
0.226742
0.226415
0.226089
0.225765
0.225442
0.225121
0.224801
0.224482
0.224165
0.223849
0.223535
0.223221
0.222909
0.222599
0.22229
0.221982
0.221675
0.22137
0.221066
0.220763
0.220461
0.220161
0.219862
0.219564
0.219268
0.218973
0.218679
0.218386
0.218094
0.217804
0.217515
0.217227
0.21694
0.216655
0.21637
0.216087
0.215805
0.215524
0.215245
0.214966
0.214689
0.214413
0.214138
0.213864
0.213591
0.213319
0.213049
0.212779
0.212511
0.212243
0.211977
0.211712
0.211448
0.211185
0.210923
0.210663
0.210403
0.210144
0.209886
0.20963
0.209374
0.20912
0.208866
0.208614
0.208362
0.208112
0.207862
0.207614
0.207366
0.20712
0.206874
0.20663
0.206386
0.206144
0.205902
0.205662
0.205422
0.205183
0.204946
0.204709
0.204473
0.204238
0.204004
0.203771
0.203539
0.203308
0.203077
0.202848
0.202619
0.202392
0.202165
0.201939
0.201714
0.20149
0.201267
0.201045
0.200823
0.200603
0.200383
0.200164
0.199946
0.199729
0.199513
0.199298
0.199083
0.198869
0.198656
0.198444
0.198233
0.198023
0.197813
0.197604
0.197396
0.197189
0.196982
0.196777
0.196572
0.196368
0.196165
0.195962
0.195761
0.19556
0.19536
0.19516
0.194962
0.194764
0.194567
0.19437
0.194175
0.19398
0.193786
0.193593
0.1934
0.193208
0.193017
0.192827
0.192637
0.192448
0.19226
0.192072
0.191886
0.1917
0.191514
0.19133
0.191146
0.190962
0.19078
0.190598
0.190417
0.190236
0.190056
0.189877
0.189699
0.189521
0.189344
0.189168
0.188992
0.188817
0.188642
0.188468
0.188295
0.188123
0.187951
0.18778
0.187609
0.18744
0.18727
0.187102
0.186934
0.186766
0.1866
0.186434
0.186268
0.186103
0.185939
0.185776
0.185613
0.18545
0.185289
0.185127
0.184967
0.184807
0.184648
0.184489
0.184331
0.184173
0.184016
0.18386
0.183704
0.183549
0.183394
0.18324
0.183087
0.182934
0.182782
0.18263
0.182479
0.182328
0.182178
0.182029
0.18188
0.181731
0.181583
0.181436
0.18129
0.181143
0.180998
0.180853
0.180708
0.180564
0.180421
0.180278
0.180136
0.179994
0.179852
0.179712
0.179571
0.179432
0.179293
0.179154
0.179016
0.178878
0.178741
0.178604
0.178468
0.178333
0.178198
0.178063
0.177929
0.177796
0.177663
0.17753
0.177398
0.177266
0.177135
0.177005
0.176875
0.176745
0.176616
0.176488
0.176359
0.176232
0.176105
0.175978
0.175852
0.175726
0.175601
0.175476
0.175352
0.175228
0.175105
0.174982
0.174859
0.174737
0.174616
0.174495
0.174374
0.174254
0.174134
0.174015
0.173896
0.173778
0.17366
0.173543
0.173426
0.173309
0.173193
0.173078
0.172962
0.172848
0.172733
0.172619
0.172506
0.172393
0.17228
0.172168
0.172056
0.171945
0.171834
0.171724
0.171614
0.171504
0.171395
0.171286
0.171178
0.17107
0.170963
0.170856
0.170749
0.170643
0.170537
0.170431
0.170326
0.170222
0.170118
0.170014
0.16991
0.169807
0.169705
0.169603
0.169501
0.169399
0.169298
0.169198
0.169098
0.168998
0.168898
0.168799
0.168701
0.168603
0.168505
0.168407
0.16831
0.168213
0.168117
0.168021
0.167926
0.16783
0.167736
0.167641
0.167547
0.167454
0.16736
0.167267
0.167175
0.167083
0.166991
0.166899
0.166808
0.166718
0.166627
0.166537
0.166448
0.166358
0.16627
0.166181
0.166093
0.166005
0.165918
0.165831
0.165744
0.165657
0.165571
0.165486
0.1654
0.165316
0.165231
0.165147
0.165063
0.164979
0.164896
0.164813
0.164731
0.164648
0.164567
0.164485
0.164404
0.164323
0.164243
0.164163
0.164083
0.164003
0.163924
0.163845
0.163767
0.163689
0.163611
0.163534
0.163457
0.16338
0.163303
0.163227
0.163151
0.163076
0.163001
0.162926
0.162851
0.162777
0.162703
0.16263
0.162557
0.162484
0.162411
0.162339
0.162267
0.162196
0.162124
0.162053
0.161983
0.161912
0.161842
0.161773
0.161703
0.161634
0.161565
0.161497
0.161429
0.161361
0.161293
0.161226
0.161159
0.161093
0.161026
0.16096
0.160895
0.160829
0.160764
0.160699
0.160635
0.160571
0.160507
0.160443
0.16038
0.160317
0.160254
0.160192
0.16013
0.160068
0.160006
0.159945
0.159884
0.159824
0.159763
0.159703
0.159644
0.159584
0.159525
0.159466
0.159408
0.159349
0.159291
0.159234
0.159176
0.159119
0.159062
0.159005
0.158949
0.158893
0.158837
0.158782
0.158727
0.158672
0.158617
0.158563
0.158509
0.158455
0.158402
0.158349
0.158296
0.158243
0.158191
0.158139
0.158087
0.158035
0.157984
0.157933
0.157882
0.157832
0.157782
0.157732
0.157682
0.157633
0.157584
0.157535
0.157486
0.157438
0.15739
0.157342
0.157295
0.157248
0.157201
0.157154
0.157108
0.157061
0.157016
0.15697
0.156925
0.15688
0.156835
0.15679
0.156746
0.156702
0.156658
0.156615
0.156571
0.156528
0.156486
0.156443
0.156401
0.156359
0.156317
0.156276
0.156235
0.156194
0.156153
0.156113
0.156072
0.156033
0.155993
0.155954
0.155914
0.155876
0.155837
0.155799
0.15576
0.155722
0.155685
0.155647
0.15561
0.155573
0.155537
0.1555
0.155464
0.155428
0.155393
0.155357
0.155322
0.155287
0.155253
0.155218
0.155184
0.15515
0.155117
0.155083
0.15505
0.155017
0.154985
0.154952
0.15492
0.154888
0.154856
0.154825
0.154794
0.154763
0.154732
0.154701
0.154671
0.154641
0.154611
0.154582
0.154553
0.154524
0.154495
0.154466
0.154438
0.15441
0.154382
0.154354
0.154327
0.1543
0.154273
0.154246
0.15422
0.154194
0.154168
0.154142
0.154116
0.154091
0.154066
0.154041
0.154017
0.153992
0.153968
0.153944
0.153921
0.153897
0.153874
0.153851
0.153829
0.153806
0.153784
0.153762
0.15374
0.153719
0.153697
0.153676
0.153655
0.153635
0.153614
0.153594
0.153574
0.153555
0.153535
0.153516
0.153497
0.153478
0.15346
0.153441
0.153423
0.153405
0.153388
0.15337
0.153353
0.153336
0.153319
0.153303
0.153286
0.15327
0.153254
0.153239
0.153223
0.153208
0.153193
0.153179
0.153164
0.15315
0.153136
0.153122
0.153108
0.153095
0.153082
0.153069
0.153056
0.153044
0.153031
0.153019
0.153008
0.152996
0.152985
0.152973
0.152962
0.152952
0.152941
0.152931
0.152921
0.152911
0.152901
0.152892
0.152883
0.152874
0.152865
0.152857
0.152848
0.15284
0.152832
0.152825
0.152817
0.15281
0.152803
0.152796
0.15279
0.152784
0.152777
0.152772
0.152766
0.15276
0.152755
0.15275
0.152745
0.152741
0.152736
0.152732
0.152728
0.152725
0.152721
0.152718
0.152715
0.152712
0.152709
0.152707
0.152705
0.152703
0.152701
0.152699
0.152698
0.152697
0.152696
0.152695
0.152695
0.152695
0.152694
0.152695
0.152695
0.152696
0.152696
0.152697
0.152699
0.1527
0.152702
0.152704
0.152706
0.152708
0.152711
0.152713
0.152716
0.15272
0.152723
0.152727
0.15273
0.152734
0.152739
0.152743
0.152748
0.152753
0.152758
0.152763
0.152769
0.152774
0.15278
0.152786
0.152793
0.152799
0.152806
0.152813
0.15282
0.152828
0.152836
0.152843
0.152851
0.15286
0.152868
0.152877
0.152886
0.152895
0.152904
0.152914
0.152924
0.152934
0.152944
0.152954
0.152965
0.152976
0.152987
0.152998
0.15301
0.153021
0.153033
0.153046
0.153058
0.15307
0.153083
0.153096
0.153109
0.153123
0.153136
0.15315
0.153164
0.153179
0.153193
0.153208
0.153223
0.153238
0.153253
0.153269
0.153284
0.1533
0.153317
0.153333
0.15335
0.153366
0.153383
0.153401
0.153418
0.153436
0.153454
0.153472
0.15349
0.153509
0.153527
0.153546
0.153565
0.153585
0.153604
0.153624
0.153644
0.153665
0.153685
0.153706
0.153727
0.153748
0.153769
0.153791
0.153812
0.153834
0.153856
0.153879
0.153901
0.153924
0.153947
0.153971
0.153994
0.154018
0.154042
0.154066
0.15409
0.154115
0.154139
0.154164
0.154189
0.154215
0.15424
0.154266
0.154292
0.154319
0.154345
0.154372
0.154399
0.154426
0.154453
0.154481
0.154509
0.154537
0.154565
0.154593
0.154622
0.154651
0.15468
0.154709
0.154739
0.154769
0.154799
0.154829
0.154859
0.15489
0.154921
0.154952
0.154983
0.155014
0.155046
0.155078
0.15511
0.155143
0.155175
0.155208
0.155241
0.155274
0.155308
0.155342
0.155375
0.15541
0.155444
0.155479
0.155513
0.155548
0.155584
0.155619
0.155655
0.155691
0.155727
0.155763
0.1558
0.155837
0.155874
0.155911
0.155948
0.155986
0.156024
0.156062
0.156101
0.156139
0.156178
0.156217
0.156256
0.156296
0.156336
0.156376
0.156416
0.156456
0.156497
0.156538
0.156579
0.15662
0.156662
0.156703
0.156745
0.156788
0.15683
0.156873
0.156916
0.156959
0.157002
0.157046
0.15709
0.157134
0.157178
0.157223
0.157267
0.157312
0.157357
0.157403
0.157449
0.157494
0.157541
0.157587
0.157634
0.15768
0.157727
0.157775
0.157822
0.15787
0.157918
0.157966
0.158015
0.158064
0.158112
0.158162
0.158211
0.158261
0.158311
0.158361
0.158411
0.158462
0.158512
0.158564
0.158615
0.158666
0.158718
0.15877
0.158822
0.158875
0.158928
0.158981
0.159034
0.159087
0.159141
0.159195
0.159249
0.159304
0.159358
0.159413
0.159468
0.159524
0.159579
0.159635
0.159691
0.159748
0.159804
0.159861
0.159918
0.159975
0.160033
0.160091
0.160149
0.160207
0.160266
0.160325
0.160384
0.160443
0.160503
0.160563
0.160623
0.160683
0.160743
0.160804
0.160865
0.160927
0.160988
0.16105
0.161112
0.161174
0.161237
0.1613
0.161363
0.161426
0.16149
0.161554
0.161618
0.161682
0.161747
0.161812
0.161877
0.161942
0.162008
0.162074
0.16214
0.162206
0.162273
0.16234
0.162407
0.162475
0.162542
0.16261
0.162678
0.162747
0.162816
0.162885
0.162954
0.163024
0.163093
0.163164
0.163234
0.163305
0.163375
0.163447
0.163518
0.16359
0.163662
0.163734
0.163806
0.163879
0.163952
0.164025
0.164099
0.164173
0.164247
0.164321
0.164396
0.164471
0.164546
0.164622
0.164697
0.164773
0.16485
0.164926
0.165003
0.16508
0.165158
0.165235
0.165313
0.165391
0.16547
0.165549
0.165628
0.165707
0.165787
0.165867
0.165947
0.166028
0.166108
0.166189
0.166271
0.166352
0.166434
0.166517
0.166599
0.166682
0.166765
0.166848
0.166932
0.167016
0.1671
0.167185
0.167269
0.167354
0.16744
0.167526
0.167612
0.167698
0.167784
0.167871
0.167958
0.168046
0.168134
0.168222
0.16831
0.168399
0.168488
0.168577
0.168667
0.168756
0.168847
0.168937
0.169028
0.169119
0.16921
0.169302
0.169394
0.169486
0.169579
0.169672
0.169765
0.169859
0.169952
0.170047
0.170141
0.170236
0.170331
0.170426
0.170522
0.170618
0.170714
0.170811
0.170908
0.171005
0.171103
0.171201
0.171299
0.171398
0.171497
0.171596
0.171696
0.171795
0.171896
0.171996
0.172097
0.172198
0.1723
0.172401
0.172504
0.172606
0.172709
0.172812
0.172916
0.173019
0.173124
0.173228
0.173333
0.173438
0.173544
0.173649
0.173756
0.173862
0.173969
0.174076
0.174184
0.174292
0.1744
0.174508
0.174617
0.174726
0.174836
0.174946
0.175056
0.175167
0.175278
0.175389
0.175501
0.175613
0.175725
0.175838
0.175951
0.176065
0.176179
0.176293
0.176407
0.176522
0.176638
0.176753
0.176869
0.176986
0.177102
0.177219
0.177337
0.177455
0.177573
0.177691
0.17781
0.17793
0.178049
0.178169
0.17829
0.17841
0.178532
0.178653
0.178775
0.178897
0.17902
0.179143
0.179267
0.17939
0.179515
0.179639
0.179764
0.17989
0.180015
0.180141
0.180268
0.180395
0.180522
0.18065
0.180778
0.180907
0.181035
0.181165
0.181294
0.181425
0.181555
0.181686
0.181817
0.181949
0.182081
0.182214
0.182346
0.18248
0.182614
0.182748
0.182882
0.183017
0.183153
0.183288
0.183425
0.183561
0.183698
0.183836
0.183974
0.184112
0.184251
0.18439
0.18453
0.18467
0.18481
0.184951
0.185092
0.185234
0.185376
0.185519
0.185662
0.185805
0.185949
0.186094
0.186239
0.186384
0.18653
0.186676
0.186822
0.186969
0.187117
0.187265
0.187413
0.187562
0.187711
0.187861
0.188011
0.188162
0.188313
0.188465
0.188617
0.188769
0.188922
0.189076
0.18923
0.189384
0.189539
0.189694
0.18985
0.190007
0.190163
0.190321
0.190478
0.190637
0.190795
0.190955
0.191114
0.191274
0.191435
0.191596
0.191758
0.19192
0.192083
0.192246
0.192409
0.192573
0.192738
0.192903
0.193069
0.193235
0.193402
0.193569
0.193737
0.193905
0.194073
0.194243
0.194412
0.194583
0.194754
0.194925
0.195097
0.195269
0.195442
0.195615
0.195789
0.195964
0.196139
0.196314
0.196491
0.196667
0.196844
0.197022
0.1972
0.197379
0.197559
0.197739
0.197919
0.1981
0.198282
0.198464
0.198647
0.19883
0.199014
0.199198
0.199383
0.199569
0.199755
0.199942
0.200129
0.200317
0.200505
0.200694
0.200884
0.201074
0.201265
0.201456
0.201648
0.201841
0.202034
0.202228
0.202422
0.202617
0.202813
0.203009
0.203206
0.203403
0.203601
0.2038
0.203999
0.204199
0.2044
0.204601
0.204803
0.205005
0.205208
0.205412
0.205616
0.205821
0.206027
0.206233
0.20644
0.206647
0.206856
0.207064
0.207274
0.207484
0.207695
0.207906
0.208119
0.208331
0.208545
0.208759
0.208974
0.209189
0.209406
0.209622
0.20984
0.210058
0.210277
0.210497
0.210717
0.210938
0.21116
0.211382
0.211606
0.211829
0.212054
0.212279
0.212505
0.212732
0.212959
0.213188
0.213417
0.213646
0.213877
0.214108
0.214339
0.214572
0.214805
0.215039
0.215274
0.21551
0.215746
0.215983
0.216221
0.21646
0.216699
0.216939
0.21718
0.217422
0.217665
0.217908
0.218152
0.218397
0.218643
0.218889
0.219136
0.219384
0.219633
0.219883
0.220133
0.220385
0.220637
0.22089
0.221144
0.221398
0.221654
0.22191
0.222167
0.222425
0.222684
0.222944
0.223204
0.223466
0.223728
0.223991
0.224255
0.22452
0.224786
0.225052
0.22532
0.225588
0.225857
0.226127
0.226399
0.226671
0.226943
0.227217
0.227492
0.227767
0.228044
0.228321
0.2286
0.228879
0.229159
0.229441
0.229723
0.230006
0.23029
0.230575
0.230861
0.231148
0.231436
0.231724
0.232014
0.232305
0.232597
0.23289
0.233184
0.233478
0.233774
0.234071
0.234369
0.234668
0.234967
0.235268
0.23557
0.235873
0.236177
0.236482
0.236788
0.237095
0.237404
0.237713
0.238023
0.238335
0.238647
0.238961
0.239275
0.239591
0.239908
0.240226
0.240545
0.240865
0.241186
0.241509
0.241832
0.242157
0.242483
0.24281
0.243138
0.243467
0.243797
0.244129
0.244462
0.244795
0.245131
0.245467
0.245804
0.246143
0.246483
0.246824
0.247166
0.24751
0.247854
0.2482
0.248548
0.248896
0.249246
0.249597
0.249949
0.250302
0.250657
0.251013
0.251371
0.251729
0.252089
0.25245
0.252813
0.253177
0.253542
0.253908
0.254276
0.254645
0.255016
0.255388
0.255761
0.256136
0.256512
0.256889
0.257268
0.257648
0.258029
0.258412
0.258797
0.259183
0.25957
0.259959
0.260349
0.26074
0.261133
0.261528
0.261924
0.262321
0.26272
0.263121
0.263523
0.263926
0.264331
0.264738
0.265146
0.265556
0.265967
0.266379
0.266794
0.26721
0.267627
0.268046
0.268467
0.268889
0.269313
0.269739
0.270166
0.270595
0.271025
0.271457
0.271891
0.272326
0.272764
0.273202
0.273643
0.274085
0.274529
0.274975
0.275423
0.275872
0.276323
0.276776
0.27723
0.277686
0.278145
0.278605
0.279066
0.27953
0.279995
0.280463
0.280932
0.281403
0.281876
0.282351
0.282827
0.283306
0.283786
0.284269
0.284753
0.28524
0.285728
0.286218
0.286711
0.287205
0.287701
0.2882
0.2887
0.289202
0.289707
0.290214
0.290722
0.291233
0.291746
0.292261
0.292778
0.293297
0.293818
0.294342
0.294868
0.295395
0.295926
0.296458
0.296992
0.297529
0.298068
0.29861
0.299153
0.299699
0.300247
0.300798
0.301351
0.301906
0.302463
0.303023
0.303586
0.304151
0.304718
0.305287
0.305859
0.306434
0.307011
0.307591
0.308173
0.308757
0.309344
0.309934
0.310526
0.311121
0.311718
0.312318
0.312921
0.313526
0.314134
0.314745
0.315359
0.315975
0.316594
0.317215
0.31784
0.318467
0.319097
0.319729
0.320365
0.321004
0.321645
0.322289
0.322937
0.323587
0.32424
0.324896
0.325555
0.326217
0.326882
0.32755
0.328221
0.328896
0.329573
0.330254
0.330937
0.331624
0.332314
0.333008
0.333704
0.334404
0.335107
0.335813
0.336523
0.337236
0.337952
0.338672
0.339395
0.340122
0.340852
0.341586
0.342323
0.343063
0.343807
0.344555
0.345307
0.346062
0.34682
0.347582
0.348348
0.349118
0.349892
0.350669
0.35145
0.352235
0.353024
0.353816
0.354613
0.355413
0.356218
0.357026
0.357839
0.358655
0.359476
0.360301
0.36113
0.361963
0.3628
0.363642
0.364488
0.365338
0.366192
0.367051
0.367914
0.368782
0.369654
0.37053
0.371411
0.372297
0.373187
0.374082
0.374981
0.375886
0.376795
0.377708
0.378627
0.37955
0.380478
0.381411
0.382349
0.383292
0.38424
0.385194
0.386152
0.387115
0.388084
0.389057
0.390036
0.391021
0.39201
0.393005
0.394006
0.395012
0.396023
0.39704
0.398063
0.399091
0.400125
0.401165
0.40221
0.403261
0.404319
0.405382
0.406451
0.407526
0.408607
0.409694
0.410788
0.411887
0.412993
0.414105
0.415224
0.416349
0.41748
0.418618
0.419763
0.420914
0.422072
0.423237
0.424408
0.425587
0.424802
0.424009
0.42321
0.422403
0.42159
0.420771
0.419945
0.419113
0.418276
0.417433
0.416585
0.415732
0.414874
0.414012
0.413146
0.412275
0.411401
0.410522
0.409641
0.408756
0.407868
0.406977
0.406083
0.405186
0.404287
0.403386
0.402483
0.401578
0.400671
0.399762
0.398852
0.397941
0.397028
0.396115
0.3952
0.394285
0.393368
0.392452
0.391535
0.390617
0.389699
0.388782
0.387864
0.386946
0.386029
0.385112
0.384195
0.383279
0.382363
0.381449
0.380535
0.379621
0.378709
0.377798
0.376888
0.375979
0.375071
0.374165
0.37326
0.372356
0.371454
0.370554
0.369655
0.368758
0.367863
0.36697
0.366078
0.365189
0.364301
0.363416
0.362532
0.361651
0.360772
0.359895
0.35902
0.358148
0.357278
0.35641
0.355545
0.354683
0.353822
0.352965
0.35211
0.351257
0.350407
0.34956
0.348715
0.347873
0.347034
0.346198
0.345364
0.344533
0.343705
0.34288
0.342058
0.341238
0.340422
0.339608
0.338797
0.337989
0.337184
0.336382
0.335583
0.334787
0.333994
0.333204
0.332417
0.331633
0.330853
0.330075
0.3293
0.328528
0.327759
0.326994
0.326231
0.325471
0.324715
0.323962
0.323211
0.322464
0.32172
0.320979
0.320241
0.319506
0.318774
0.318045
0.31732
0.316597
0.315878
0.315161
0.314448
0.313738
0.313031
0.312326
0.311625
0.310927
0.310232
0.309541
0.308852
0.308166
0.307483
0.306803
0.306127
0.305453
0.304782
0.304114
0.30345
0.302788
0.302129
0.301473
0.30082
0.30017
0.299523
0.298879
0.298238
0.2976
0.296965
0.296333
0.295703
0.295076
0.294453
0.293832
0.293214
0.292599
0.291986
0.291377
0.29077
0.290166
0.289565
0.288967
0.288371
0.287778
0.287188
0.286601
0.286016
0.285434
0.284855
0.284279
0.283705
0.283134
0.282565
0.281999
0.281436
0.280876
0.280318
0.279762
0.27921
0.278659
0.278112
0.277567
0.277024
0.276484
0.275947
0.275412
0.274879
0.274349
0.273822
0.273297
0.272774
0.272254
0.271736
0.271221
0.270708
0.270198
0.26969
0.269184
0.268681
0.268179
0.267681
0.267184
0.26669
0.266199
0.265709
0.265222
0.264737
0.264254
0.263774
0.263295
0.262819
0.262346
0.261874
0.261405
0.260937
0.260472
0.260009
0.259549
0.25909
0.258633
0.258179
0.257727
0.257276
0.256828
0.256382
0.255938
0.255496
0.255056
0.254618
0.254182
0.253748
0.253316
0.252886
0.252458
0.252032
0.251608
0.251185
0.250765
0.250347
0.24993
0.249516
0.249103
0.248692
0.248283
0.247876
0.247471
0.247068
0.246666
0.246266
0.245868
0.245472
0.245078
0.244685
0.244294
0.243905
0.243518
0.243132
0.242748
0.242366
0.241985
0.241607
0.241229
0.240854
0.24048
0.240108
0.239738
0.239369
0.239002
0.238636
0.238272
0.23791
0.237549
0.23719
0.236833
0.236477
0.236123
0.23577
0.235418
0.235069
0.234721
0.234374
0.234029
0.233685
0.233343
0.233002
0.232663
0.232325
0.231989
0.231654
0.231321
0.230989
0.230659
0.23033
0.230002
0.229676
0.229351
0.229028
0.228706
0.228385
0.228066
0.227748
0.227432
0.227117
0.226803
0.22649
0.226179
0.225869
0.225561
0.225254
0.224948
0.224643
0.22434
0.224038
0.223737
0.223438
0.22314
0.222843
0.222547
0.222253
0.22196
0.221668
0.221377
0.221087
0.220799
0.220512
0.220226
0.219941
0.219658
0.219376
0.219095
0.218815
0.218536
0.218258
0.217982
0.217706
0.217432
0.217159
0.216887
0.216616
0.216346
0.216078
0.21581
0.215544
0.215279
0.215014
0.214751
0.214489
0.214228
0.213968
0.21371
0.213452
0.213195
0.212939
0.212685
0.212431
0.212178
0.211927
0.211676
0.211427
0.211178
0.210931
0.210684
0.210439
0.210194
0.209951
0.209708
0.209467
0.209226
0.208986
0.208748
0.20851
0.208273
0.208037
0.207803
0.207569
0.207336
0.207104
0.206872
0.206642
0.206413
0.206185
0.205957
0.20573
0.205505
0.20528
0.205056
0.204833
0.204611
0.20439
0.204169
0.20395
0.203731
0.203514
0.203297
0.203081
0.202865
0.202651
0.202438
0.202225
0.202013
0.201802
0.201592
0.201383
0.201174
0.200966
0.20076
0.200553
0.200348
0.200144
0.19994
0.199737
0.199535
0.199334
0.199133
0.198934
0.198735
0.198536
0.198339
0.198142
0.197946
0.197751
0.197557
0.197363
0.197171
0.196978
0.196787
0.196596
0.196407
0.196217
0.196029
0.195841
0.195654
0.195468
0.195283
0.195098
0.194914
0.19473
0.194548
0.194366
0.194184
0.194004
0.193824
0.193645
0.193466
0.193288
0.193111
0.192935
0.192759
0.192584
0.19241
0.192236
0.192063
0.19189
0.191718
0.191547
0.191377
0.191207
0.191038
0.19087
0.190702
0.190534
0.190368
0.190202
0.190037
0.189872
0.189708
0.189545
0.189382
0.18922
0.189058
0.188897
0.188737
0.188577
0.188418
0.18826
0.188102
0.187945
0.187788
0.187632
0.187476
0.187322
0.187167
0.187014
0.18686
0.186708
0.186556
0.186405
0.186254
0.186104
0.185954
0.185805
0.185657
0.185509
0.185361
0.185214
0.185068
0.184923
0.184777
0.184633
0.184489
0.184345
0.184203
0.18406
0.183918
0.183777
0.183636
0.183496
0.183357
0.183217
0.183079
0.182941
0.182803
0.182666
0.18253
0.182394
0.182259
0.182124
0.181989
0.181855
0.181722
0.181589
0.181457
0.181325
0.181194
0.181063
0.180933
0.180803
0.180674
0.180545
0.180416
0.180289
0.180161
0.180034
0.179908
0.179782
0.179657
0.179532
0.179408
0.179284
0.17916
0.179037
0.178915
0.178793
0.178671
0.17855
0.17843
0.17831
0.17819
0.178071
0.177952
0.177834
0.177716
0.177599
0.177482
0.177366
0.17725
0.177134
0.177019
0.176904
0.17679
0.176677
0.176563
0.176451
0.176338
0.176226
0.176115
0.176004
0.175893
0.175783
0.175673
0.175564
0.175455
0.175347
0.175239
0.175131
0.175024
0.174917
0.174811
0.174705
0.1746
0.174495
0.17439
0.174286
0.174182
0.174079
0.173976
0.173873
0.173771
0.17367
0.173568
0.173467
0.173367
0.173267
0.173167
0.173068
0.172969
0.172871
0.172773
0.172675
0.172578
0.172481
0.172385
0.172288
0.172193
0.172098
0.172003
0.171908
0.171814
0.17172
0.171627
0.171534
0.171442
0.171349
0.171258
0.171166
0.171075
0.170985
0.170894
0.170804
0.170715
0.170626
0.170537
0.170449
0.170361
0.170273
0.170186
0.170099
0.170012
0.169926
0.16984
0.169755
0.16967
0.169585
0.169501
0.169417
0.169333
0.16925
0.169167
0.169085
0.169002
0.168921
0.168839
0.168758
0.168677
0.168597
0.168517
0.168437
0.168358
0.168279
0.1682
0.168122
0.168044
0.167966
0.167889
0.167812
0.167735
0.167659
0.167583
0.167508
0.167432
0.167358
0.167283
0.167209
0.167135
0.167061
0.166988
0.166915
0.166843
0.166771
0.166699
0.166627
0.166556
0.166485
0.166415
0.166344
0.166274
0.166205
0.166136
0.166067
0.165998
0.16593
0.165862
0.165794
0.165727
0.16566
0.165593
0.165527
0.165461
0.165395
0.16533
0.165265
0.1652
0.165136
0.165071
0.165008
0.164944
0.164881
0.164818
0.164756
0.164693
0.164631
0.16457
0.164508
0.164447
0.164387
0.164326
0.164266
0.164206
0.164147
0.164088
0.164029
0.16397
0.163912
0.163854
0.163796
0.163739
0.163682
0.163625
0.163568
0.163512
0.163456
0.163401
0.163346
0.163291
0.163236
0.163181
0.163127
0.163073
0.16302
0.162967
0.162914
0.162861
0.162809
0.162757
0.162705
0.162653
0.162602
0.162551
0.162501
0.16245
0.1624
0.16235
0.162301
0.162252
0.162203
0.162154
0.162106
0.162058
0.16201
0.161962
0.161915
0.161868
0.161822
0.161775
0.161729
0.161683
0.161638
0.161592
0.161547
0.161503
0.161458
0.161414
0.16137
0.161326
0.161283
0.16124
0.161197
0.161155
0.161112
0.16107
0.161029
0.160987
0.160946
0.160905
0.160865
0.160824
0.160784
0.160744
0.160705
0.160665
0.160626
0.160588
0.160549
0.160511
0.160473
0.160435
0.160398
0.160361
0.160324
0.160287
0.160251
0.160215
0.160179
0.160143
0.160108
0.160073
0.160038
0.160004
0.159969
0.159935
0.159902
0.159868
0.159835
0.159802
0.159769
0.159737
0.159704
0.159672
0.159641
0.159609
0.159578
0.159547
0.159517
0.159486
0.159456
0.159426
0.159396
0.159367
0.159338
0.159309
0.15928
0.159252
0.159224
0.159196
0.159168
0.159141
0.159114
0.159087
0.15906
0.159034
0.159008
0.158982
0.158956
0.158931
0.158906
0.158881
0.158856
0.158832
0.158808
0.158784
0.15876
0.158737
0.158714
0.158691
0.158668
0.158646
0.158624
0.158602
0.15858
0.158558
0.158537
0.158516
0.158496
0.158475
0.158455
0.158435
0.158415
0.158396
0.158377
0.158358
0.158339
0.15832
0.158302
0.158284
0.158266
0.158249
0.158231
0.158214
0.158197
0.158181
0.158164
0.158148
0.158132
0.158117
0.158101
0.158086
0.158071
0.158057
0.158042
0.158028
0.158014
0.158
0.157987
0.157974
0.157961
0.157948
0.157935
0.157923
0.157911
0.157899
0.157887
0.157876
0.157865
0.157854
0.157843
0.157833
0.157823
0.157813
0.157803
0.157794
0.157784
0.157775
0.157766
0.157758
0.15775
0.157742
0.157734
0.157726
0.157719
0.157712
0.157705
0.157698
0.157691
0.157685
0.157679
0.157673
0.157668
0.157663
0.157658
0.157653
0.157648
0.157644
0.15764
0.157636
0.157632
0.157629
0.157625
0.157622
0.15762
0.157617
0.157615
0.157613
0.157611
0.157609
0.157608
0.157607
0.157606
0.157605
0.157605
0.157605
0.157605
0.157605
0.157605
0.157606
0.157607
0.157608
0.157609
0.157611
0.157613
0.157615
0.157617
0.15762
0.157622
0.157625
0.157629
0.157632
0.157636
0.15764
0.157644
0.157648
0.157653
0.157657
0.157662
0.157668
0.157673
0.157679
0.157685
0.157691
0.157697
0.157704
0.157711
0.157718
0.157725
0.157733
0.157741
0.157749
0.157757
0.157765
0.157774
0.157783
0.157792
0.157801
0.157811
0.157821
0.157831
0.157841
0.157851
0.157862
0.157873
0.157884
0.157896
0.157907
0.157919
0.157931
0.157943
0.157956
0.157969
0.157982
0.157995
0.158008
0.158022
0.158036
0.15805
0.158064
0.158079
0.158094
0.158109
0.158124
0.158139
0.158155
0.158171
0.158187
0.158204
0.15822
0.158237
0.158254
0.158271
0.158289
0.158307
0.158325
0.158343
0.158361
0.15838
0.158399
0.158418
0.158437
0.158457
0.158477
0.158497
0.158517
0.158538
0.158558
0.158579
0.1586
0.158622
0.158643
0.158665
0.158687
0.15871
0.158732
0.158755
0.158778
0.158801
0.158825
0.158848
0.158872
0.158896
0.158921
0.158945
0.15897
0.158995
0.159021
0.159046
0.159072
0.159098
0.159124
0.159151
0.159177
0.159204
0.159231
0.159259
0.159286
0.159314
0.159342
0.15937
0.159399
0.159428
0.159457
0.159486
0.159515
0.159545
0.159575
0.159605
0.159636
0.159666
0.159697
0.159728
0.159759
0.159791
0.159823
0.159855
0.159887
0.159919
0.159952
0.159985
0.160018
0.160052
0.160085
0.160119
0.160153
0.160188
0.160222
0.160257
0.160292
0.160328
0.160363
0.160399
0.160435
0.160471
0.160508
0.160544
0.160581
0.160618
0.160656
0.160693
0.160731
0.160769
0.160808
0.160846
0.160885
0.160924
0.160964
0.161003
0.161043
0.161083
0.161123
0.161164
0.161205
0.161246
0.161287
0.161328
0.16137
0.161412
0.161454
0.161497
0.161539
0.161582
0.161626
0.161669
0.161713
0.161757
0.161801
0.161845
0.16189
0.161935
0.16198
0.162025
0.162071
0.162117
0.162163
0.162209
0.162256
0.162302
0.16235
0.162397
0.162444
0.162492
0.16254
0.162589
0.162637
0.162686
0.162735
0.162784
0.162834
0.162884
0.162934
0.162984
0.163035
0.163085
0.163136
0.163188
0.163239
0.163291
0.163343
0.163396
0.163448
0.163501
0.163554
0.163607
0.163661
0.163715
0.163769
0.163823
0.163878
0.163933
0.163988
0.164043
0.164099
0.164155
0.164211
0.164267
0.164324
0.164381
0.164438
0.164495
0.164553
0.164611
0.164669
0.164727
0.164786
0.164845
0.164904
0.164964
0.165024
0.165084
0.165144
0.165204
0.165265
0.165326
0.165388
0.165449
0.165511
0.165573
0.165636
0.165698
0.165761
0.165824
0.165888
0.165952
0.166016
0.16608
0.166144
0.166209
0.166274
0.16634
0.166405
0.166471
0.166537
0.166604
0.16667
0.166737
0.166804
0.166872
0.16694
0.167008
0.167076
0.167145
0.167214
0.167283
0.167352
0.167422
0.167492
0.167562
0.167633
0.167703
0.167775
0.167846
0.167918
0.16799
0.168062
0.168134
0.168207
0.16828
0.168353
0.168427
0.168501
0.168575
0.16865
0.168724
0.168799
0.168875
0.16895
0.169026
0.169103
0.169179
0.169256
0.169333
0.16941
0.169488
0.169566
0.169644
0.169722
0.169801
0.16988
0.16996
0.170039
0.170119
0.1702
0.17028
0.170361
0.170442
0.170524
0.170606
0.170688
0.17077
0.170853
0.170936
0.171019
0.171102
0.171186
0.17127
0.171355
0.17144
0.171525
0.17161
0.171696
0.171782
0.171868
0.171955
0.172042
0.172129
0.172216
0.172304
0.172392
0.172481
0.172569
0.172659
0.172748
0.172838
0.172928
0.173018
0.173109
0.1732
0.173291
0.173382
0.173474
0.173567
0.173659
0.173752
0.173845
0.173939
0.174033
0.174127
0.174221
0.174316
0.174411
0.174507
0.174602
0.174699
0.174795
0.174892
0.174989
0.175086
0.175184
0.175282
0.17538
0.175479
0.175578
0.175678
0.175777
0.175878
0.175978
0.176079
0.17618
0.176281
0.176383
0.176485
0.176588
0.17669
0.176794
0.176897
0.177001
0.177105
0.17721
0.177314
0.17742
0.177525
0.177631
0.177737
0.177844
0.177951
0.178058
0.178166
0.178274
0.178382
0.178491
0.1786
0.17871
0.178819
0.178929
0.17904
0.179151
0.179262
0.179374
0.179486
0.179598
0.179711
0.179824
0.179937
0.180051
0.180165
0.18028
0.180395
0.18051
0.180626
0.180742
0.180858
0.180975
0.181092
0.181209
0.181327
0.181446
0.181564
0.181683
0.181803
0.181923
0.182043
0.182163
0.182284
0.182406
0.182527
0.182649
0.182772
0.182895
0.183018
0.183142
0.183266
0.18339
0.183515
0.183641
0.183766
0.183892
0.184019
0.184146
0.184273
0.184401
0.184529
0.184657
0.184786
0.184915
0.185045
0.185175
0.185306
0.185437
0.185568
0.1857
0.185832
0.185965
0.186098
0.186231
0.186365
0.186499
0.186634
0.186769
0.186905
0.187041
0.187177
0.187314
0.187451
0.187589
0.187727
0.187866
0.188005
0.188144
0.188284
0.188424
0.188565
0.188706
0.188848
0.18899
0.189132
0.189275
0.189419
0.189563
0.189707
0.189852
0.189997
0.190143
0.190289
0.190435
0.190582
0.19073
0.190878
0.191026
0.191175
0.191325
0.191474
0.191625
0.191776
0.191927
0.192078
0.192231
0.192383
0.192536
0.19269
0.192844
0.192999
0.193154
0.193309
0.193465
0.193622
0.193779
0.193936
0.194094
0.194253
0.194412
0.194571
0.194731
0.194891
0.195052
0.195214
0.195376
0.195538
0.195701
0.195865
0.196029
0.196193
0.196358
0.196524
0.19669
0.196856
0.197023
0.197191
0.197359
0.197528
0.197697
0.197867
0.198037
0.198208
0.198379
0.198551
0.198723
0.198896
0.199069
0.199243
0.199418
0.199593
0.199769
0.199945
0.200122
0.200299
0.200477
0.200655
0.200834
0.201013
0.201194
0.201374
0.201555
0.201737
0.201919
0.202102
0.202286
0.20247
0.202654
0.20284
0.203025
0.203212
0.203399
0.203586
0.203774
0.203963
0.204153
0.204342
0.204533
0.204724
0.204916
0.205108
0.205301
0.205495
0.205689
0.205883
0.206079
0.206275
0.206471
0.206669
0.206866
0.207065
0.207264
0.207464
0.207664
0.207865
0.208067
0.208269
0.208472
0.208675
0.208879
0.209084
0.20929
0.209496
0.209703
0.20991
0.210118
0.210327
0.210537
0.210747
0.210957
0.211169
0.211381
0.211594
0.211807
0.212021
0.212236
0.212452
0.212668
0.212885
0.213102
0.213321
0.21354
0.213759
0.21398
0.214201
0.214423
0.214645
0.214869
0.215092
0.215317
0.215543
0.215769
0.215996
0.216223
0.216451
0.216681
0.21691
0.217141
0.217372
0.217604
0.217837
0.218071
0.218305
0.21854
0.218776
0.219012
0.21925
0.219488
0.219727
0.219966
0.220207
0.220448
0.22069
0.220933
0.221177
0.221421
0.221666
0.221912
0.222159
0.222407
0.222655
0.222905
0.223155
0.223406
0.223657
0.22391
0.224163
0.224417
0.224673
0.224928
0.225185
0.225443
0.225701
0.225961
0.226221
0.226482
0.226744
0.227007
0.22727
0.227535
0.2278
0.228066
0.228334
0.228602
0.228871
0.229141
0.229411
0.229683
0.229956
0.230229
0.230504
0.230779
0.231055
0.231332
0.231611
0.23189
0.23217
0.232451
0.232733
0.233015
0.233299
0.233584
0.23387
0.234157
0.234444
0.234733
0.235023
0.235313
0.235605
0.235898
0.236191
0.236486
0.236782
0.237078
0.237376
0.237675
0.237974
0.238275
0.238577
0.23888
0.239184
0.239489
0.239795
0.240102
0.24041
0.240719
0.241029
0.241341
0.241653
0.241967
0.242281
0.242597
0.242914
0.243232
0.243551
0.243871
0.244192
0.244515
0.244838
0.245163
0.245489
0.245816
0.246144
0.246473
0.246804
0.247135
0.247468
0.247802
0.248137
0.248474
0.248811
0.24915
0.24949
0.249831
0.250174
0.250517
0.250862
0.251208
0.251555
0.251904
0.252254
0.252605
0.252957
0.253311
0.253666
0.254022
0.25438
0.254739
0.255099
0.25546
0.255823
0.256187
0.256552
0.256919
0.257287
0.257657
0.258027
0.258399
0.258773
0.259148
0.259524
0.259902
0.260281
0.260661
0.261043
0.261426
0.261811
0.262197
0.262585
0.262974
0.263364
0.263756
0.26415
0.264545
0.264941
0.265339
0.265738
0.266139
0.266541
0.266945
0.267351
0.267758
0.268166
0.268576
0.268988
0.269401
0.269816
0.270232
0.27065
0.27107
0.271491
0.271914
0.272338
0.272764
0.273192
0.273621
0.274052
0.274485
0.274919
0.275355
0.275793
0.276232
0.276673
0.277116
0.277561
0.278007
0.278455
0.278905
0.279356
0.27981
0.280265
0.280722
0.281181
0.281641
0.282104
0.282568
0.283034
0.283502
0.283972
0.284443
0.284917
0.285392
0.28587
0.286349
0.28683
0.287314
0.287799
0.288286
0.288775
0.289266
0.289759
0.290254
0.290751
0.29125
0.291751
0.292254
0.29276
0.293267
0.293777
0.294288
0.294802
0.295317
0.295835
0.296355
0.296878
0.297402
0.297929
0.298457
0.298988
0.299521
0.300057
0.300595
0.301134
0.301677
0.302221
0.302768
0.303317
0.303869
0.304422
0.304979
0.305537
0.306098
0.306661
0.307227
0.307795
0.308366
0.308939
0.309514
0.310093
0.310673
0.311256
0.311842
0.31243
0.313021
0.313614
0.31421
0.314808
0.315409
0.316013
0.316619
0.317229
0.31784
0.318455
0.319072
0.319692
0.320315
0.32094
0.321569
0.3222
0.322834
0.323471
0.32411
0.324753
0.325398
0.326047
0.326698
0.327352
0.32801
0.32867
0.329333
0.33
0.330669
0.331341
0.332017
0.332696
0.333378
0.334063
0.334751
0.335442
0.336137
0.336835
0.337536
0.33824
0.338948
0.339659
0.340373
0.341091
0.341812
0.342537
0.343265
0.343996
0.344731
0.345469
0.346212
0.346957
0.347706
0.348459
0.349215
0.349975
0.350739
0.351507
0.352278
0.353053
0.353832
0.354614
0.355401
0.356191
0.356985
0.357783
0.358585
0.359391
0.360201
0.361015
0.361833
0.362656
0.363482
0.364312
0.365147
0.365986
0.366829
0.367677
0.368528
0.369384
0.370245
0.37111
0.371979
0.372853
0.373731
0.374613
0.375501
0.376393
0.377289
0.37819
0.379096
0.380007
0.380922
0.381842
0.382767
0.383697
0.384632
0.385572
0.386517
0.387467
0.388422
0.389381
0.390347
0.391317
0.392292
0.393273
0.394259
0.395251
0.396248
0.39725
0.398258
0.399271
0.40029
0.401314
0.402345
0.40338
0.404422
0.405469
0.406522
0.407581
0.408646
0.409717
0.410794
0.411877
0.412966
0.414062
0.415163
0.416271
0.417385
0.418506
0.419633
0.420766
0.421906
0.423053
0.424206
0.425366
0.424607
0.42384
0.423066
0.422285
0.421497
0.420702
0.419901
0.419094
0.418282
0.417463
0.416639
0.41581
0.414976
0.414138
0.413295
0.412448
0.411596
0.410741
0.409882
0.40902
0.408154
0.407285
0.406413
0.405539
0.404662
0.403782
0.4029
0.402016
0.40113
0.400243
0.399353
0.398463
0.39757
0.396677
0.395782
0.394887
0.39399
0.393093
0.392196
0.391297
0.390399
0.3895
0.388601
0.387702
0.386803
0.385904
0.385006
0.384108
0.38321
0.382313
0.381416
0.38052
0.379625
0.378731
0.377838
0.376946
0.376055
0.375165
0.374276
0.373389
0.372503
0.371619
0.370736
0.369855
0.368975
0.368097
0.367221
0.366346
0.365474
0.364603
0.363734
0.362868
0.362003
0.361141
0.36028
0.359422
0.358566
0.357712
0.356861
0.356012
0.355165
0.35432
0.353479
0.352639
0.351802
0.350968
0.350136
0.349307
0.34848
0.347656
0.346835
0.346016
0.3452
0.344387
0.343576
0.342768
0.341963
0.341161
0.340362
0.339565
0.338771
0.337981
0.337193
0.336408
0.335625
0.334846
0.33407
0.333296
0.332526
0.331758
0.330993
0.330232
0.329473
0.328717
0.327965
0.327215
0.326468
0.325724
0.324983
0.324246
0.323511
0.322779
0.32205
0.321324
0.320601
0.319882
0.319165
0.318451
0.31774
0.317032
0.316328
0.315626
0.314927
0.314231
0.313538
0.312848
0.312161
0.311478
0.310797
0.310119
0.309444
0.308772
0.308102
0.307436
0.306773
0.306113
0.305455
0.304801
0.304149
0.303501
0.302855
0.302212
0.301572
0.300935
0.300301
0.299669
0.299041
0.298415
0.297792
0.297172
0.296555
0.295941
0.295329
0.29472
0.294114
0.293511
0.29291
0.292313
0.291717
0.291125
0.290536
0.289949
0.289365
0.288783
0.288204
0.287628
0.287055
0.286484
0.285915
0.28535
0.284787
0.284227
0.283669
0.283114
0.282561
0.282011
0.281463
0.280918
0.280376
0.279836
0.279298
0.278764
0.278231
0.277701
0.277173
0.276648
0.276126
0.275606
0.275088
0.274572
0.274059
0.273549
0.27304
0.272534
0.272031
0.27153
0.271031
0.270534
0.27004
0.269548
0.269058
0.268571
0.268085
0.267602
0.267122
0.266643
0.266167
0.265693
0.265221
0.264751
0.264284
0.263818
0.263355
0.262894
0.262435
0.261978
0.261523
0.26107
0.26062
0.260171
0.259725
0.25928
0.258838
0.258398
0.257959
0.257523
0.257089
0.256656
0.256226
0.255797
0.255371
0.254946
0.254524
0.254103
0.253684
0.253267
0.252852
0.252439
0.252028
0.251619
0.251211
0.250806
0.250402
0.25
0.2496
0.249201
0.248805
0.24841
0.248017
0.247626
0.247236
0.246849
0.246463
0.246078
0.245696
0.245315
0.244936
0.244558
0.244183
0.243808
0.243436
0.243065
0.242696
0.242329
0.241963
0.241599
0.241236
0.240875
0.240515
0.240158
0.239801
0.239447
0.239094
0.238742
0.238392
0.238043
0.237696
0.237351
0.237007
0.236665
0.236324
0.235984
0.235646
0.23531
0.234975
0.234641
0.234309
0.233978
0.233649
0.233321
0.232995
0.23267
0.232346
0.232024
0.231703
0.231384
0.231066
0.230749
0.230434
0.23012
0.229807
0.229496
0.229186
0.228877
0.22857
0.228264
0.227959
0.227656
0.227354
0.227053
0.226754
0.226455
0.226158
0.225863
0.225568
0.225275
0.224983
0.224692
0.224402
0.224114
0.223827
0.223541
0.223256
0.222973
0.22269
0.222409
0.222129
0.22185
0.221573
0.221296
0.221021
0.220747
0.220474
0.220202
0.219931
0.219661
0.219393
0.219125
0.218859
0.218594
0.21833
0.218067
0.217805
0.217544
0.217284
0.217025
0.216768
0.216511
0.216255
0.216001
0.215747
0.215495
0.215244
0.214993
0.214744
0.214496
0.214248
0.214002
0.213757
0.213512
0.213269
0.213027
0.212785
0.212545
0.212306
0.212067
0.21183
0.211593
0.211358
0.211123
0.210889
0.210657
0.210425
0.210194
0.209964
0.209735
0.209507
0.20928
0.209054
0.208828
0.208604
0.208381
0.208158
0.207936
0.207715
0.207495
0.207276
0.207058
0.206841
0.206624
0.206409
0.206194
0.20598
0.205767
0.205555
0.205343
0.205133
0.204923
0.204714
0.204506
0.204299
0.204093
0.203887
0.203682
0.203478
0.203275
0.203073
0.202871
0.202671
0.202471
0.202271
0.202073
0.201875
0.201679
0.201483
0.201287
0.201093
0.200899
0.200706
0.200514
0.200322
0.200132
0.199942
0.199752
0.199564
0.199376
0.199189
0.199003
0.198817
0.198632
0.198448
0.198265
0.198082
0.1979
0.197719
0.197539
0.197359
0.19718
0.197001
0.196823
0.196646
0.19647
0.196294
0.196119
0.195945
0.195771
0.195599
0.195426
0.195255
0.195084
0.194913
0.194744
0.194575
0.194407
0.194239
0.194072
0.193906
0.19374
0.193575
0.193411
0.193247
0.193084
0.192921
0.192759
0.192598
0.192438
0.192278
0.192118
0.19196
0.191801
0.191644
0.191487
0.191331
0.191175
0.19102
0.190866
0.190712
0.190559
0.190406
0.190254
0.190102
0.189951
0.189801
0.189651
0.189502
0.189354
0.189206
0.189058
0.188912
0.188765
0.18862
0.188475
0.18833
0.188186
0.188043
0.1879
0.187758
0.187616
0.187475
0.187334
0.187194
0.187054
0.186915
0.186777
0.186639
0.186502
0.186365
0.186229
0.186093
0.185958
0.185823
0.185689
0.185555
0.185422
0.185289
0.185157
0.185026
0.184895
0.184764
0.184634
0.184505
0.184376
0.184247
0.184119
0.183992
0.183865
0.183738
0.183612
0.183487
0.183362
0.183238
0.183114
0.18299
0.182867
0.182745
0.182623
0.182501
0.18238
0.18226
0.18214
0.18202
0.181901
0.181782
0.181664
0.181546
0.181429
0.181312
0.181196
0.18108
0.180965
0.18085
0.180736
0.180622
0.180508
0.180395
0.180282
0.18017
0.180059
0.179947
0.179837
0.179726
0.179616
0.179507
0.179398
0.179289
0.179181
0.179074
0.178966
0.17886
0.178753
0.178647
0.178542
0.178437
0.178332
0.178228
0.178124
0.178021
0.177918
0.177816
0.177714
0.177612
0.177511
0.17741
0.17731
0.17721
0.17711
0.177011
0.176912
0.176814
0.176716
0.176619
0.176522
0.176425
0.176329
0.176233
0.176138
0.176043
0.175948
0.175854
0.17576
0.175667
0.175574
0.175481
0.175389
0.175297
0.175206
0.175115
0.175024
0.174934
0.174844
0.174754
0.174665
0.174577
0.174488
0.1744
0.174313
0.174226
0.174139
0.174053
0.173967
0.173881
0.173796
0.173711
0.173626
0.173542
0.173458
0.173375
0.173292
0.173209
0.173127
0.173045
0.172964
0.172882
0.172802
0.172721
0.172641
0.172561
0.172482
0.172403
0.172324
0.172246
0.172168
0.172091
0.172014
0.171937
0.17186
0.171784
0.171708
0.171633
0.171558
0.171483
0.171409
0.171335
0.171261
0.171188
0.171115
0.171042
0.17097
0.170898
0.170826
0.170755
0.170684
0.170614
0.170543
0.170474
0.170404
0.170335
0.170266
0.170197
0.170129
0.170061
0.169994
0.169927
0.16986
0.169793
0.169727
0.169661
0.169596
0.16953
0.169466
0.169401
0.169337
0.169273
0.169209
0.169146
0.169083
0.169021
0.168958
0.168896
0.168835
0.168773
0.168712
0.168652
0.168591
0.168531
0.168472
0.168412
0.168353
0.168294
0.168236
0.168178
0.16812
0.168063
0.168005
0.167949
0.167892
0.167836
0.16778
0.167724
0.167669
0.167614
0.167559
0.167505
0.167451
0.167397
0.167343
0.16729
0.167237
0.167185
0.167132
0.16708
0.167029
0.166977
0.166926
0.166876
0.166825
0.166775
0.166725
0.166676
0.166626
0.166577
0.166529
0.16648
0.166432
0.166384
0.166337
0.16629
0.166243
0.166196
0.16615
0.166104
0.166058
0.166013
0.165967
0.165923
0.165878
0.165834
0.16579
0.165746
0.165703
0.165659
0.165617
0.165574
0.165532
0.16549
0.165448
0.165407
0.165365
0.165325
0.165284
0.165244
0.165204
0.165164
0.165125
0.165085
0.165047
0.165008
0.16497
0.164932
0.164894
0.164856
0.164819
0.164782
0.164746
0.164709
0.164673
0.164637
0.164602
0.164566
0.164531
0.164497
0.164462
0.164428
0.164394
0.164361
0.164327
0.164294
0.164261
0.164229
0.164196
0.164164
0.164133
0.164101
0.16407
0.164039
0.164008
0.163978
0.163948
0.163918
0.163889
0.163859
0.16383
0.163801
0.163773
0.163745
0.163717
0.163689
0.163661
0.163634
0.163607
0.163581
0.163554
0.163528
0.163502
0.163477
0.163451
0.163426
0.163401
0.163377
0.163353
0.163329
0.163305
0.163281
0.163258
0.163235
0.163212
0.16319
0.163168
0.163146
0.163124
0.163102
0.163081
0.16306
0.16304
0.163019
0.162999
0.162979
0.162959
0.16294
0.162921
0.162902
0.162883
0.162865
0.162847
0.162829
0.162811
0.162794
0.162777
0.16276
0.162744
0.162727
0.162711
0.162695
0.16268
0.162664
0.162649
0.162635
0.16262
0.162606
0.162592
0.162578
0.162564
0.162551
0.162538
0.162525
0.162512
0.1625
0.162488
0.162476
0.162465
0.162453
0.162442
0.162431
0.162421
0.162411
0.162401
0.162391
0.162381
0.162372
0.162363
0.162354
0.162345
0.162337
0.162329
0.162321
0.162313
0.162306
0.162299
0.162292
0.162285
0.162279
0.162273
0.162267
0.162261
0.162256
0.162251
0.162246
0.162241
0.162237
0.162233
0.162229
0.162225
0.162222
0.162219
0.162216
0.162213
0.162211
0.162208
0.162206
0.162205
0.162203
0.162202
0.162201
0.1622
0.1622
0.162199
0.162199
0.1622
0.1622
0.162201
0.162202
0.162203
0.162204
0.162206
0.162208
0.16221
0.162213
0.162215
0.162218
0.162221
0.162225
0.162228
0.162232
0.162236
0.162241
0.162245
0.16225
0.162255
0.16226
0.162266
0.162272
0.162278
0.162284
0.16229
0.162297
0.162304
0.162311
0.162319
0.162327
0.162335
0.162343
0.162351
0.16236
0.162369
0.162378
0.162387
0.162397
0.162407
0.162417
0.162427
0.162438
0.162449
0.16246
0.162471
0.162483
0.162495
0.162507
0.162519
0.162532
0.162544
0.162557
0.162571
0.162584
0.162598
0.162612
0.162626
0.16264
0.162655
0.16267
0.162685
0.162701
0.162716
0.162732
0.162748
0.162765
0.162781
0.162798
0.162815
0.162833
0.16285
0.162868
0.162886
0.162904
0.162923
0.162942
0.162961
0.16298
0.163
0.163019
0.163039
0.16306
0.16308
0.163101
0.163122
0.163143
0.163164
0.163186
0.163208
0.16323
0.163253
0.163275
0.163298
0.163321
0.163345
0.163368
0.163392
0.163416
0.163441
0.163465
0.16349
0.163515
0.163541
0.163566
0.163592
0.163618
0.163644
0.163671
0.163698
0.163725
0.163752
0.163779
0.163807
