0.223607
0.223086
0.22258
0.222089
0.221611
0.221147
0.220696
0.220258
0.219833
0.219421
0.21902
0.218632
0.218256
0.217892
0.217538
0.217196
0.216865
0.216544
0.216234
0.215934
0.215644
0.215364
0.215094
0.214833
0.214582
0.214339
0.214106
0.213881
0.213665
0.213457
0.213257
0.213066
0.212882
0.212706
0.212538
0.212377
0.212224
0.212077
0.211938
0.211806
0.21168
0.211561
0.211448
0.211342
0.211242
0.211149
0.211061
0.210979
0.210903
0.210832
0.210767
0.210708
0.210654
0.210605
0.210561
0.210523
0.210489
0.21046
0.210436
0.210417
0.210402
0.210392
0.210386
0.210385
0.210387
0.210394
0.210405
0.210421
0.21044
0.210463
0.210489
0.21052
0.210554
0.210592
0.210633
0.210678
0.210726
0.210778
0.210832
0.210891
0.210952
0.211016
0.211084
0.211154
0.211228
0.211304
0.211383
0.211466
0.21155
0.211638
0.211728
0.211821
0.211917
0.212015
0.212115
0.212218
0.212323
0.212431
0.212541
0.212654
0.212768
0.212885
0.213004
0.213126
0.213249
0.213375
0.213502
0.213632
0.213763
0.213897
0.214032
0.21417
0.214309
0.21445
0.214593
0.214738
0.214884
0.215033
0.215183
0.215334
0.215488
0.215643
0.215799
0.215958
0.216118
0.216279
0.216442
0.216606
0.216773
0.21694
0.217109
0.217279
0.217451
0.217625
0.217799
0.217975
0.218153
0.218331
0.218512
0.218693
0.218876
0.21906
0.219245
0.219432
0.219619
0.219808
0.219999
0.22019
0.220383
0.220577
0.220772
0.220968
0.221165
0.221364
0.221563
0.221764
0.221966
0.222169
0.222373
0.222578
0.222784
0.222991
0.2232
0.223409
0.223619
0.223831
0.224043
0.224257
0.224471
0.224687
0.224903
0.225121
0.225339
0.225559
0.225779
0.226
0.226223
0.226446
0.22667
0.226895
0.227122
0.227349
0.227577
0.227806
0.228035
0.228266
0.228498
0.22873
0.228964
0.229198
0.229434
0.22967
0.229907
0.230145
0.230384
0.230623
0.230864
0.231105
0.231348
0.231591
0.231835
0.23208
0.232326
0.232573
0.23282
0.233068
0.233318
0.233568
0.233819
0.234071
0.234323
0.234577
0.234831
0.235087
0.235343
0.2356
0.235857
0.236116
0.236375
0.236636
0.236897
0.237159
0.237422
0.237685
0.23795
0.238215
0.238481
0.238749
0.239016
0.239285
0.239555
0.239825
0.240096
0.240369
0.240642
0.240915
0.24119
0.241466
0.241742
0.242019
0.242297
0.242576
0.242856
0.243136
0.243418
0.2437
0.243983
0.244267
0.244552
0.244838
0.245125
0.245412
0.2457
0.24599
0.24628
0.246571
0.246863
0.247155
0.247449
0.247743
0.248039
0.248335
0.248632
0.24893
0.249229
0.249528
0.249829
0.250131
0.250433
0.250736
0.251041
0.251346
0.251652
0.251959
0.252266
0.252575
0.252885
0.253195
0.253507
0.253819
0.254133
0.254447
0.254762
0.255078
0.255396
0.255714
0.256033
0.256352
0.256673
0.256995
0.257318
0.257642
0.257966
0.258292
0.258619
0.258946
0.259275
0.259604
0.259935
0.260266
0.260599
0.260932
0.261267
0.261602
0.261939
0.262276
0.262615
0.262954
0.263295
0.263636
0.263979
0.264323
0.264667
0.265013
0.26536
0.265707
0.266056
0.266406
0.266757
0.267109
0.267462
0.267816
0.268171
0.268527
0.268885
0.269243
0.269602
0.269963
0.270325
0.270687
0.271051
0.271416
0.271782
0.27215
0.272518
0.272887
0.273258
0.27363
0.274003
0.274377
0.274752
0.275128
0.275506
0.275884
0.276264
0.276645
0.277027
0.277411
0.277795
0.278181
0.278568
0.278956
0.279346
0.279736
0.280128
0.280521
0.280916
0.281311
0.281708
0.282106
0.282505
0.282906
0.283307
0.283711
0.284115
0.284521
0.284927
0.285336
0.285745
0.286156
0.286568
0.286982
0.287396
0.287812
0.28823
0.288649
0.289069
0.28949
0.289913
0.290337
0.290763
0.29119
0.291618
0.292048
0.292479
0.292912
0.293346
0.293781
0.294218
0.294656
0.295096
0.295537
0.295979
0.296423
0.296869
0.297316
0.297764
0.298214
0.298665
0.299118
0.299573
0.300028
0.300486
0.300945
0.301405
0.301867
0.302331
0.302796
0.303263
0.303731
0.304201
0.304672
0.305145
0.30562
0.306096
0.306574
0.307054
0.307535
0.308018
0.308502
0.308988
0.309476
0.309965
0.310457
0.310949
0.311444
0.31194
0.312438
0.312938
0.313439
0.313942
0.314447
0.314954
0.315462
0.315973
0.316485
0.316998
0.317514
0.318031
0.318551
0.319072
0.319595
0.32012
0.320646
0.321175
0.321705
0.322237
0.322772
0.323308
0.323846
0.324386
0.324928
0.325472
0.326017
0.326565
0.327115
0.327667
0.328221
0.328776
0.329334
0.329894
0.330456
0.33102
0.331586
0.332154
0.332724
0.333297
0.333871
0.334448
0.335026
0.335607
0.33619
0.336775
0.337363
0.337952
0.338544
0.339138
0.339734
0.340333
0.340933
0.341536
0.342142
0.342749
0.343359
0.343971
0.344586
0.345203
0.345822
0.346443
0.347067
0.347694
0.348322
0.348954
0.349587
0.350223
0.350862
0.351503
0.352146
0.352792
0.353441
0.354092
0.354746
0.355402
0.356061
0.356722
0.357386
0.358053
0.358722
0.359394
0.360069
0.360746
0.361426
0.362109
0.362794
0.363482
0.364173
0.364867
0.365563
0.366263
0.366965
0.36767
0.368378
0.369089
0.369802
0.370519
0.371238
0.371961
0.372686
0.373415
0.374146
0.374881
0.375618
0.376359
0.377102
0.377849
0.378599
0.379352
0.380108
0.380868
0.38163
0.382396
0.383165
0.383937
0.384712
0.385491
0.386273
0.387059
0.387848
0.38864
0.389435
0.390234
0.391037
0.391843
0.392652
0.393465
0.394281
0.395101
0.395925
0.396752
0.397583
0.398417
0.399255
0.400097
0.400943
0.401792
0.402645
0.403502
0.404362
0.405227
0.406095
0.406967
0.407843
0.408723
0.409607
0.410495
0.411387
0.412283
0.413183
0.414088
0.414996
0.415908
0.416825
0.417746
0.418671
0.4196
0.420534
0.421472
0.422414
0.423361
0.424312
0.425268
0.426228
0.427193
0.428162
0.429135
0.430114
0.431096
0.432084
0.433076
0.434073
0.435075
0.436081
0.437093
0.438109
0.43913
0.440156
0.441187
0.442223
0.443264
0.44431
0.445361
0.446418
0.447479
0.448546
0.449618
0.450695
0.451778
0.452866
0.453959
0.455058
0.456162
0.457272
0.458388
0.459509
0.460636
0.461768
0.462906
0.46405
0.4652
0.466355
0.467517
0.468684
0.469858
0.471037
0.472223
0.473415
0.474613
0.475817
0.477027
0.478244
0.479467
0.480697
0.481933
0.483175
0.484424
0.48568
0.486942
0.486201
0.485448
0.484686
0.483913
0.483131
0.482339
0.481538
0.480729
0.479911
0.479085
0.478251
0.47741
0.476561
0.475706
0.474843
0.473974
0.473099
0.472217
0.47133
0.470437
0.469539
0.468636
0.467728
0.466815
0.465898
0.464976
0.464051
0.463121
0.462188
0.461251
0.460311
0.459368
0.458422
0.457473
0.456521
0.455567
0.454611
0.453652
0.452691
0.451729
0.450765
0.449799
0.448832
0.447864
0.446894
0.445923
0.444952
0.443979
0.443006
0.442033
0.441059
0.440084
0.43911
0.438135
0.43716
0.436186
0.435211
0.434237
0.433263
0.43229
0.431317
0.430345
0.429373
0.428403
0.427433
0.426464
0.425496
0.424529
0.423564
0.4226
0.421637
0.420675
0.419715
0.418756
0.417799
0.416843
0.415889
0.414937
0.413987
0.413038
0.412091
0.411147
0.410204
0.409263
0.408324
0.407388
0.406453
0.405521
0.404591
0.403663
0.402738
0.401814
0.400894
0.399975
0.399059
0.398146
0.397235
0.396326
0.39542
0.394517
0.393616
0.392718
0.391822
0.390929
0.390039
0.389152
0.388267
0.387385
0.386505
0.385629
0.384755
0.383884
0.383016
0.382151
0.381289
0.380429
0.379572
0.378719
0.377868
0.37702
0.376175
0.375332
0.374493
0.373657
0.372824
0.371993
0.371166
0.370341
0.36952
0.368701
0.367886
0.367073
0.366263
0.365457
0.364653
0.363852
0.363055
0.36226
0.361468
0.36068
0.359894
0.359111
0.358331
0.357555
0.356781
0.35601
0.355242
0.354477
0.353715
0.352956
0.3522
0.351447
0.350697
0.34995
0.349206
0.348464
0.347726
0.346991
0.346258
0.345529
0.344802
0.344078
0.343357
0.342639
0.341924
0.341212
0.340503
0.339796
0.339093
0.338392
0.337694
0.336999
0.336306
0.335617
0.33493
0.334246
0.333565
0.332887
0.332211
0.331538
0.330868
0.330201
0.329536
0.328874
0.328215
0.327559
0.326905
0.326254
0.325605
0.32496
0.324316
0.323676
0.323038
0.322403
0.32177
0.32114
0.320513
0.319888
0.319266
0.318646
0.318029
0.317414
0.316802
0.316192
0.315585
0.314981
0.314378
0.313779
0.313182
0.312587
0.311995
0.311405
0.310817
0.310232
0.30965
0.309069
0.308492
0.307916
0.307343
0.306772
0.306204
0.305637
0.305074
0.304512
0.303953
0.303396
0.302841
0.302289
0.301739
0.301191
0.300645
0.300101
0.29956
0.299021
0.298484
0.297949
0.297417
0.296886
0.296358
0.295832
0.295308
0.294786
0.294266
0.293748
0.293232
0.292719
0.292207
0.291698
0.29119
0.290685
0.290181
0.28968
0.28918
0.288683
0.288188
0.287694
0.287202
0.286713
0.286225
0.28574
0.285256
0.284774
0.284294
0.283816
0.283339
0.282865
0.282393
0.281922
0.281453
0.280986
0.280521
0.280058
0.279596
0.279136
0.278678
0.278222
0.277768
0.277315
0.276864
0.276415
0.275967
0.275522
0.275078
0.274635
0.274195
0.273756
0.273319
0.272883
0.272449
0.272017
0.271586
0.271157
0.27073
0.270304
0.26988
0.269457
0.269036
0.268617
0.268199
0.267783
0.267368
0.266955
0.266544
0.266133
0.265725
0.265318
0.264912
0.264509
0.264106
0.263705
0.263306
0.262908
0.262511
0.262116
0.261722
0.26133
0.260939
0.26055
0.260162
0.259775
0.25939
0.259007
0.258624
0.258243
0.257864
0.257486
0.257109
0.256733
0.256359
0.255986
0.255615
0.255245
0.254876
0.254509
0.254143
0.253778
0.253414
0.253052
0.252691
0.252331
0.251973
0.251616
0.25126
0.250905
0.250552
0.2502
0.249849
0.249499
0.24915
0.248803
0.248457
0.248112
0.247769
0.247426
0.247085
0.246745
0.246406
0.246068
0.245731
0.245396
0.245062
0.244728
0.244396
0.244065
0.243736
0.243407
0.24308
0.242753
0.242428
0.242104
0.24178
0.241458
0.241137
0.240818
0.240499
0.240181
0.239864
0.239549
0.239234
0.238921
0.238608
0.238297
0.237986
0.237677
0.237369
0.237061
0.236755
0.23645
0.236145
0.235842
0.23554
0.235238
0.234938
0.234639
0.23434
0.234043
0.233746
0.233451
0.233156
0.232863
0.23257
0.232278
0.231987
0.231698
0.231409
0.231121
0.230834
0.230547
0.230262
0.229978
0.229694
0.229412
0.22913
0.22885
0.22857
0.228291
0.228013
0.227735
0.227459
0.227184
0.226909
0.226635
0.226362
0.22609
0.225819
0.225549
0.225279
0.22501
0.224743
0.224475
0.224209
0.223944
0.223679
0.223416
0.223153
0.22289
0.222629
0.222369
0.222109
0.22185
0.221592
0.221334
0.221078
0.220822
0.220567
0.220312
0.220059
0.219806
0.219554
0.219303
0.219052
0.218803
0.218554
0.218306
0.218058
0.217811
0.217565
0.21732
0.217075
0.216831
0.216588
0.216346
0.216104
0.215863
0.215623
0.215383
0.215145
0.214906
0.214669
0.214432
0.214196
0.213961
0.213726
0.213492
0.213259
0.213026
0.212794
0.212563
0.212332
0.212102
0.211873
0.211644
0.211416
0.211189
0.210962
0.210736
0.21051
0.210286
0.210062
0.209838
0.209615
0.209393
0.209171
0.20895
0.20873
0.20851
0.208291
0.208073
0.207855
0.207638
0.207421
0.207205
0.206989
0.206775
0.20656
0.206347
0.206134
0.205921
0.205709
0.205498
0.205287
0.205077
0.204868
0.204659
0.204451
0.204243
0.204036
0.203829
0.203623
0.203417
0.203212
0.203008
0.202804
0.202601
0.202398
0.202196
0.201994
0.201793
0.201593
0.201393
0.201193
0.200994
0.200796
0.200598
0.200401
0.200204
0.200008
0.199812
0.199617
0.199422
0.199228
0.199034
0.198841
0.198649
0.198456
0.198265
0.198074
0.197883
0.197693
0.197504
0.197315
0.197126
0.196938
0.19675
0.196563
0.196377
0.196191
0.196005
0.19582
0.195635
0.195451
0.195267
0.195084
0.194901
0.194719
0.194537
0.194356
0.194175
0.193995
0.193815
0.193636
0.193457
0.193278
0.1931
0.192922
0.192745
0.192569
0.192392
0.192217
0.192041
0.191866
0.191692
0.191518
0.191344
0.191171
0.190999
0.190826
0.190655
0.190483
0.190312
0.190142
0.189972
0.189802
0.189633
0.189464
0.189296
0.189128
0.18896
0.188793
0.188627
0.18846
0.188295
0.188129
0.187964
0.1878
0.187635
0.187472
0.187308
0.187145
0.186983
0.186821
0.186659
0.186497
0.186336
0.186176
0.186016
0.185856
0.185697
0.185538
0.185379
0.185221
0.185063
0.184906
0.184748
0.184592
0.184436
0.18428
0.184124
0.183969
0.183814
0.18366
0.183506
0.183352
0.183199
0.183046
0.182893
0.182741
0.182589
0.182438
0.182287
0.182136
0.181986
0.181836
0.181686
0.181537
0.181388
0.18124
0.181091
0.180944
0.180796
0.180649
0.180502
0.180356
0.18021
0.180064
0.179919
0.179774
0.179629
0.179484
0.17934
0.179197
0.179053
0.17891
0.178768
0.178625
0.178483
0.178342
0.1782
0.178059
0.177919
0.177778
0.177638
0.177499
0.177359
0.17722
0.177082
0.176943
0.176805
0.176667
0.17653
0.176393
0.176256
0.17612
0.175984
0.175848
0.175712
0.175577
0.175442
0.175307
0.175173
0.175039
0.174906
0.174772
0.174639
0.174506
0.174374
0.174242
0.17411
0.173979
0.173847
0.173716
0.173586
0.173455
0.173325
0.173196
0.173066
0.172937
0.172808
0.17268
0.172551
0.172423
0.172296
0.172168
0.172041
0.171914
0.171788
0.171662
0.171536
0.17141
0.171284
0.171159
0.171035
0.17091
0.170786
0.170662
0.170538
0.170415
0.170291
0.170168
0.170046
0.169923
0.169801
0.16968
0.169558
0.169437
0.169316
0.169195
0.169075
0.168954
0.168834
0.168715
0.168595
0.168476
0.168357
0.168239
0.168121
0.168002
0.167885
0.167767
0.16765
0.167533
0.167416
0.167299
0.167183
0.167067
0.166951
0.166836
0.166721
0.166606
0.166491
0.166376
0.166262
0.166148
0.166034
0.165921
0.165807
0.165694
0.165582
0.165469
0.165357
0.165245
0.165133
0.165021
0.16491
0.164799
0.164688
0.164578
0.164467
0.164357
0.164247
0.164138
0.164028
0.163919
0.16381
0.163701
0.163593
0.163485
0.163377
0.163269
0.163161
0.163054
0.162947
0.16284
0.162734
0.162627
0.162521
0.162415
0.162309
0.162204
0.162099
0.161994
0.161889
0.161784
0.16168
0.161576
0.161472
0.161368
0.161265
0.161161
0.161058
0.160955
0.160853
0.16075
0.160648
0.160546
0.160444
0.160343
0.160242
0.16014
0.16004
0.159939
0.159838
0.159738
0.159638
0.159538
0.159439
0.159339
0.15924
0.159141
0.159042
0.158944
0.158845
0.158747
0.158649
0.158551
0.158454
0.158356
0.158259
0.158162
0.158065
0.157969
0.157872
0.157776
0.15768
0.157585
0.157489
0.157394
0.157298
0.157203
0.157109
0.157014
0.15692
0.156826
0.156732
0.156638
0.156544
0.156451
0.156358
0.156265
0.156172
0.156079
0.155987
0.155894
0.155802
0.15571
0.155619
0.155527
0.155436
0.155345
0.155254
0.155163
0.155072
0.154982
0.154892
0.154802
0.154712
0.154622
0.154533
0.154444
0.154354
0.154266
0.154177
0.154088
0.154
0.153912
0.153824
0.153736
0.153648
0.153561
0.153473
0.153386
0.153299
0.153212
0.153126
0.153039
0.152953
0.152867
0.152781
0.152695
0.15261
0.152525
0.152439
0.152354
0.152269
0.152185
0.1521
0.152016
0.151932
0.151848
0.151764
0.15168
0.151597
0.151513
0.15143
0.151347
0.151264
0.151182
0.151099
0.151017
0.150935
0.150853
0.150771
0.150689
0.150607
0.150526
0.150445
0.150364
0.150283
0.150202
0.150122
0.150041
0.149961
0.149881
0.149801
0.149721
0.149642
0.149562
0.149483
0.149404
0.149325
0.149246
0.149168
0.149089
0.149011
0.148933
0.148855
0.148777
0.148699
0.148622
0.148544
0.148467
0.14839
0.148313
0.148236
0.148159
0.148083
0.148007
0.14793
0.147854
0.147778
0.147703
0.147627
0.147552
0.147476
0.147401
0.147326
0.147251
0.147177
0.147102
0.147028
0.146954
0.14688
0.146806
0.146732
0.146658
0.146585
0.146511
0.146438
0.146365
0.146292
0.146219
0.146146
0.146074
0.146002
0.145929
0.145857
0.145785
0.145713
0.145642
0.14557
0.145499
0.145428
0.145357
0.145286
0.145215
0.145144
0.145073
0.145003
0.144933
0.144863
0.144793
0.144723
0.144653
0.144583
0.144514
0.144445
0.144376
0.144306
0.144238
0.144169
0.1441
0.144032
0.143963
0.143895
0.143827
0.143759
0.143691
0.143623
0.143556
0.143488
0.143421
0.143354
0.143287
0.14322
0.143153
0.143086
0.14302
0.142953
0.142887
0.142821
0.142755
0.142689
0.142623
0.142558
0.142492
0.142427
0.142361
0.142296
0.142231
0.142166
0.142102
0.142037
0.141973
0.141908
0.141844
0.14178
0.141716
0.141652
0.141588
0.141525
0.141461
0.141398
0.141334
0.141271
0.141208
0.141145
0.141083
0.14102
0.140957
0.140895
0.140833
0.140771
0.140708
0.140647
0.140585
0.140523
0.140461
0.1404
0.140339
0.140278
0.140216
0.140155
0.140095
0.140034
0.139973
0.139913
0.139852
0.139792
0.139732
0.139672
0.139612
0.139552
0.139492
0.139433
0.139373
0.139314
0.139255
0.139196
0.139137
0.139078
0.139019
0.13896
0.138902
0.138843
0.138785
0.138727
0.138669
0.138611
0.138553
0.138495
0.138437
0.13838
0.138322
0.138265
0.138208
0.138151
0.138094
0.138037
0.13798
0.137924
0.137867
0.137811
0.137754
0.137698
0.137642
0.137586
0.13753
0.137474
0.137418
0.137363
0.137307
0.137252
0.137197
0.137142
0.137087
0.137032
0.136977
0.136922
0.136867
0.136813
0.136759
0.136704
0.13665
0.136596
0.136542
0.136488
0.136434
0.136381
0.136327
0.136274
0.13622
0.136167
0.136114
0.136061
0.136008
0.135955
0.135902
0.13585
0.135797
0.135745
0.135692
0.13564
0.135588
0.135536
0.135484
0.135432
0.13538
0.135329
0.135277
0.135226
0.135174
0.135123
0.135072
0.135021
0.13497
0.134919
0.134868
0.134818
0.134767
0.134717
0.134666
0.134616
0.134566
0.134516
0.134466
0.134416
0.134366
0.134316
0.134267
0.134217
0.134168
0.134119
0.134069
0.13402
0.133971
0.133922
0.133874
0.133825
0.133776
0.133728
0.133679
0.133631
0.133583
0.133534
0.133486
0.133438
0.133391
0.133343
0.133295
0.133247
0.1332
0.133153
0.133105
0.133058
0.133011
0.132964
0.132917
0.13287
0.132823
0.132776
0.13273
0.132683
0.132637
0.132591
0.132544
0.132498
0.132452
0.132406
0.13236
0.132315
0.132269
0.132223
0.132178
0.132132
0.132087
0.132042
0.131997
0.131952
0.131907
0.131862
0.131817
0.131772
0.131728
0.131683
0.131639
0.131594
0.13155
0.131506
0.131462
0.131418
0.131374
0.13133
0.131286
0.131242
0.131199
0.131155
0.131112
0.131068
0.131025
0.130982
0.130939
0.130896
0.130853
0.13081
0.130767
0.130725
0.130682
0.13064
0.130597
0.130555
0.130513
0.130471
0.130429
0.130387
0.130345
0.130303
0.130261
0.130219
0.130178
0.130136
0.130095
0.130054
0.130012
0.129971
0.12993
0.129889
0.129848
0.129807
0.129767
0.129726
0.129685
0.129645
0.129604
0.129564
0.129524
0.129484
0.129444
0.129404
0.129364
0.129324
0.129284
0.129244
0.129205
0.129165
0.129126
0.129086
0.129047
0.129008
0.128968
0.128929
0.12889
0.128851
0.128813
0.128774
0.128735
0.128697
0.128658
0.12862
0.128581
0.128543
0.128505
0.128466
0.128428
0.12839
0.128353
0.128315
0.128277
0.128239
0.128202
0.128164
0.128127
0.128089
0.128052
0.128015
0.127978
0.12794
0.127903
0.127867
0.12783
0.127793
0.127756
0.12772
0.127683
0.127647
0.12761
0.127574
0.127538
0.127501
0.127465
0.127429
0.127393
0.127357
0.127322
0.127286
0.12725
0.127215
0.127179
0.127144
0.127108
0.127073
0.127038
0.127003
0.126968
0.126933
0.126898
0.126863
0.126828
0.126793
0.126759
0.126724
0.126689
0.126655
0.126621
0.126586
0.126552
0.126518
0.126484
0.12645
0.126416
0.126382
0.126348
0.126315
0.126281
0.126247
0.126214
0.12618
0.126147
0.126114
0.126081
0.126047
0.126014
0.125981
0.125948
0.125915
0.125883
0.12585
0.125817
0.125785
0.125752
0.12572
0.125687
0.125655
0.125623
0.12559
0.125558
0.125526
0.125494
0.125462
0.125431
0.125399
0.125367
0.125335
0.125304
0.125272
0.125241
0.125209
0.125178
0.125147
0.125116
0.125085
0.125054
0.125023
0.124992
0.124961
0.12493
0.124899
0.124869
0.124838
0.124808
0.124777
0.124747
0.124716
0.124686
0.124656
0.124626
0.124596
0.124566
0.124536
0.124506
0.124476
0.124447
0.124417
0.124387
0.124358
0.124328
0.124299
0.12427
0.12424
0.124211
0.124182
0.124153
0.124124
0.124095
0.124066
0.124037
0.124009
0.12398
0.123951
0.123923
0.123894
0.123866
0.123837
0.123809
0.123781
0.123753
0.123725
0.123696
0.123668
0.123641
0.123613
0.123585
0.123557
0.123529
0.123502
0.123474
0.123447
0.123419
0.123392
0.123365
0.123337
0.12331
0.123283
0.123256
0.123229
0.123202
0.123175
0.123148
0.123122
0.123095
0.123068
0.123042
0.123015
0.122989
0.122962
0.122936
0.12291
0.122884
0.122858
0.122831
0.122805
0.12278
0.122754
0.122728
0.122702
0.122676
0.122651
0.122625
0.122599
0.122574
0.122549
0.122523
0.122498
0.122473
0.122448
0.122422
0.122397
0.122372
0.122347
0.122323
0.122298
0.122273
0.122248
0.122224
0.122199
0.122174
0.12215
0.122126
0.122101
0.122077
0.122053
0.122029
0.122004
0.12198
0.121956
0.121932
0.121909
0.121885
0.121861
0.121837
0.121814
0.12179
0.121766
0.121743
0.12172
0.121696
0.121673
0.12165
0.121626
0.121603
0.12158
0.121557
0.121534
0.121511
0.121489
0.121466
0.121443
0.12142
0.121398
0.121375
0.121353
0.12133
0.121308
0.121285
0.121263
0.121241
0.121219
0.121197
0.121175
0.121153
0.121131
0.121109
0.121087
0.121065
0.121043
0.121022
0.121
0.120979
0.120957
0.120936
0.120914
0.120893
0.120872
0.12085
0.120829
0.120808
0.120787
0.120766
0.120745
0.120724
0.120703
0.120683
0.120662
0.120641
0.120621
0.1206
0.12058
0.120559
0.120539
0.120518
0.120498
0.120478
0.120458
0.120438
0.120417
0.120397
0.120377
0.120358
0.120338
0.120318
0.120298
0.120278
0.120259
0.120239
0.12022
0.1202
0.120181
0.120161
0.120142
0.120123
0.120104
0.120084
0.120065
0.120046
0.120027
0.120008
0.119989
0.119971
0.119952
0.119933
0.119914
0.119896
0.119877
0.119859
0.11984
0.119822
0.119803
0.119785
0.119767
0.119749
0.11973
0.119712
0.119694
0.119676
0.119658
0.11964
0.119622
0.119605
0.119587
0.119569
0.119552
0.119534
0.119516
0.119499
0.119482
0.119464
0.119447
0.11943
0.119412
0.119395
0.119378
0.119361
0.119344
0.119327
0.11931
0.119293
0.119276
0.11926
0.119243
0.119226
0.11921
0.119193
0.119177
0.11916
0.119144
0.119127
0.119111
0.119095
0.119079
0.119062
0.119046
0.11903
0.119014
0.118998
0.118982
0.118966
0.118951
0.118935
0.118919
0.118904
0.118888
0.118872
0.118857
0.118841
0.118826
0.118811
0.118795
0.11878
0.118765
0.11875
0.118735
0.11872
0.118705
0.11869
0.118675
0.11866
0.118645
0.11863
0.118616
0.118601
0.118586
0.118572
0.118557
0.118543
0.118528
0.118514
0.1185
0.118485
0.118471
0.118457
0.118443
0.118429
0.118415
0.118401
0.118387
0.118373
0.118359
0.118345
0.118332
0.118318
0.118304
0.118291
0.118277
0.118264
0.11825
0.118237
0.118224
0.11821
0.118197
0.118184
0.118171
0.118158
0.118145
0.118132
0.118119
0.118106
0.118093
0.11808
0.118067
0.118055
0.118042
0.118029
0.118017
0.118004
0.117992
0.117979
0.117967
0.117954
0.117942
0.11793
0.117918
0.117906
0.117894
0.117881
0.117869
0.117858
0.117846
0.117834
0.117822
0.11781
0.117798
0.117787
0.117775
0.117764
0.117752
0.117741
0.117729
0.117718
0.117706
0.117695
0.117684
0.117673
0.117661
0.11765
0.117639
0.117628
0.117617
0.117606
0.117596
0.117585
0.117574
0.117563
0.117552
0.117542
0.117531
0.117521
0.11751
0.1175
0.117489
0.117479
0.117469
0.117458
0.117448
0.117438
0.117428
0.117418
0.117408
0.117398
0.117388
0.117378
0.117368
0.117358
0.117348
0.117339
0.117329
0.117319
0.11731
0.1173
0.117291
0.117281
0.117272
0.117263
0.117253
0.117244
0.117235
0.117226
0.117217
0.117207
0.117198
0.117189
0.11718
0.117172
0.117163
0.117154
0.117145
0.117136
0.117128
0.117119
0.117111
0.117102
0.117094
0.117085
0.117077
0.117068
0.11706
0.117052
0.117044
0.117035
0.117027
0.117019
0.117011
0.117003
0.116995
0.116987
0.11698
0.116972
0.116964
0.116956
0.116949
0.116941
0.116933
0.116926
0.116918
0.116911
0.116903
0.116896
0.116889
0.116881
0.116874
0.116867
0.11686
0.116853
0.116846
0.116839
0.116832
0.116825
0.116818
0.116811
0.116804
0.116798
0.116791
0.116784
0.116778
0.116771
0.116765
0.116758
0.116752
0.116745
0.116739
0.116733
0.116727
0.11672
0.116714
0.116708
0.116702
0.116696
0.11669
0.116684
0.116678
0.116672
0.116666
0.116661
0.116655
0.116649
0.116644
0.116638
0.116633
0.116627
0.116622
0.116616
0.116611
0.116605
0.1166
0.116595
0.11659
0.116585
0.116579
0.116574
0.116569
0.116564
0.116559
0.116555
0.11655
0.116545
0.11654
0.116535
0.116531
0.116526
0.116522
0.116517
0.116513
0.116508
0.116504
0.116499
0.116495
0.116491
0.116487
0.116482
0.116478
0.116474
0.11647
0.116466
0.116462
0.116458
0.116454
0.11645
0.116447
0.116443
0.116439
0.116435
0.116432
0.116428
0.116425
0.116421
0.116418
0.116414
0.116411
0.116408
0.116404
0.116401
0.116398
0.116395
0.116392
0.116389
0.116386
0.116383
0.11638
0.116377
0.116374
0.116371
0.116368
0.116366
0.116363
0.11636
0.116358
0.116355
0.116353
0.11635
0.116348
0.116345
0.116343
0.116341
0.116339
0.116336
0.116334
0.116332
0.11633
0.116328
0.116326
0.116324
0.116322
0.11632
0.116319
0.116317
0.116315
0.116313
0.116312
0.11631
0.116309
0.116307
0.116306
0.116304
0.116303
0.116301
0.1163
0.116299
0.116298
0.116296
0.116295
0.116294
0.116293
0.116292
0.116291
0.11629
0.116289
0.116289
0.116288
0.116287
0.116286
0.116286
0.116285
0.116284
0.116284
0.116283
0.116283
0.116283
0.116282
0.116282
0.116282
0.116281
0.116281
0.116281
0.116281
0.116281
0.116281
0.116281
0.116281
0.116281
0.116281
0.116281
0.116282
0.116282
0.116282
0.116282
0.116283
0.116283
0.116284
0.116284
0.116285
0.116286
0.116286
0.116287
0.116288
0.116288
0.116289
0.11629
0.116291
0.116292
0.116293
0.116294
0.116295
0.116296
0.116297
0.116299
0.1163
0.116301
0.116302
0.116304
0.116305
0.116307
0.116308
0.11631
0.116311
0.116313
0.116315
0.116316
0.116318
0.11632
0.116322
0.116324
0.116326
0.116328
0.11633
0.116332
0.116334
0.116336
0.116338
0.11634
0.116343
0.116345
0.116347
0.11635
0.116352
0.116354
0.116357
0.11636
0.116362
0.116365
0.116368
0.11637
0.116373
0.116376
0.116379
0.116382
0.116385
0.116388
0.116391
0.116394
0.116397
0.1164
0.116403
0.116406
0.11641
0.116413
0.116416
0.11642
0.116423
0.116427
0.11643
0.116434
0.116437
0.116441
0.116445
0.116449
0.116452
0.116456
0.11646
0.116464
0.116468
0.116472
0.116476
0.11648
0.116484
0.116488
0.116493
0.116497
0.116501
0.116505
0.11651
0.116514
0.116519
0.116523
0.116528
0.116532
0.116537
0.116542
0.116547
0.116551
0.116556
0.116561
0.116566
0.116571
0.116576
0.116581
0.116586
0.116591
0.116596
0.116601
0.116607
0.116612
0.116617
0.116622
0.116628
0.116633
0.116639
0.116644
0.11665
0.116656
0.116661
0.116667
0.116673
0.116678
0.116684
0.11669
0.116696
0.116702
0.116708
0.116714
0.11672
0.116726
0.116732
0.116739
0.116745
0.116751
0.116758
0.116764
0.11677
0.116777
0.116783
0.11679
0.116797
0.116803
0.11681
0.116817
0.116823
0.11683
0.116837
0.116844
0.116851
0.116858
0.116865
0.116872
0.116879
0.116886
0.116893
0.116901
0.116908
0.116915
0.116923
0.11693
0.116938
0.116945
0.116953
0.11696
0.116968
0.116976
0.116983
0.116991
0.116999
0.117007
0.117015
0.117022
0.11703
0.117038
0.117046
0.117055
0.117063
0.117071
0.117079
0.117087
0.117096
0.117104
0.117113
0.117121
0.117129
0.117138
0.117147
0.117155
0.117164
0.117173
0.117181
0.11719
0.117199
0.117208
0.117217
0.117226
0.117235
0.117244
0.117253
0.117262
0.117271
0.11728
0.11729
0.117299
0.117308
0.117318
0.117327
0.117337
0.117346
0.117356
0.117365
0.117375
0.117385
0.117395
0.117404
0.117414
0.117424
0.117434
0.117444
0.117454
0.117464
0.117474
0.117484
0.117494
0.117505
0.117515
0.117525
0.117536
0.117546
0.117556
0.117567
0.117577
0.117588
0.117599
0.117609
0.11762
0.117631
0.117642
0.117652
0.117663
0.117674
0.117685
0.117696
0.117707
0.117718
0.11773
0.117741
0.117752
0.117763
0.117775
0.117786
0.117797
0.117809
0.11782
0.117832
0.117843
0.117855
0.117867
0.117879
0.11789
0.117902
0.117914
0.117926
0.117938
0.11795
0.117962
0.117974
0.117986
0.117998
0.11801
0.118023
0.118035
0.118047
0.11806
0.118072
0.118085
0.118097
0.11811
0.118122
0.118135
0.118148
0.11816
0.118173
0.118186
0.118199
0.118212
0.118225
0.118238
0.118251
0.118264
0.118277
0.11829
0.118304
0.118317
0.11833
0.118344
0.118357
0.118371
0.118384
0.118398
0.118411
0.118425
0.118439
0.118452
0.118466
0.11848
0.118494
0.118508
0.118522
0.118536
0.11855
0.118564
0.118578
0.118592
0.118606
0.118621
0.118635
0.118649
0.118664
0.118678
0.118693
0.118707
0.118722
0.118737
0.118751
0.118766
0.118781
0.118796
0.11881
0.118825
0.11884
0.118855
0.11887
0.118886
0.118901
0.118916
0.118931
0.118946
0.118962
0.118977
0.118993
0.119008
0.119024
0.119039
0.119055
0.11907
0.119086
0.119102
0.119118
0.119134
0.119149
0.119165
0.119181
0.119197
0.119213
0.11923
0.119246
0.119262
0.119278
0.119295
0.119311
0.119327
0.119344
0.11936
0.119377
0.119393
0.11941
0.119427
0.119443
0.11946
0.119477
0.119494
0.119511
0.119528
0.119545
0.119562
0.119579
0.119596
0.119613
0.119631
0.119648
0.119665
0.119683
0.1197
0.119718
0.119735
0.119753
0.11977
0.119788
0.119806
0.119823
0.119841
0.119859
0.119877
0.119895
0.119913
0.119931
0.119949
0.119967
0.119986
0.120004
0.120022
0.12004
0.120059
0.120077
0.120096
0.120114
0.120133
0.120152
0.12017
0.120189
0.120208
0.120227
0.120245
0.120264
0.120283
0.120302
0.120321
0.120341
0.12036
0.120379
0.120398
0.120417
0.120437
0.120456
0.120476
0.120495
0.120515
0.120534
0.120554
0.120574
0.120593
0.120613
0.120633
0.120653
0.120673
0.120693
0.120713
0.120733
0.120753
0.120773
0.120794
0.120814
0.120834
0.120855
0.120875
0.120896
0.120916
0.120937
0.120957
0.120978
0.120999
0.12102
0.121041
0.121061
0.121082
0.121103
0.121124
0.121145
0.121167
0.121188
0.121209
0.12123
0.121252
0.121273
0.121294
0.121316
0.121338
0.121359
0.121381
0.121402
0.121424
0.121446
0.121468
0.12149
0.121512
0.121534
0.121556
0.121578
0.1216
0.121622
0.121644
0.121667
0.121689
0.121711
0.121734
0.121756
0.121779
0.121802
0.121824
0.121847
0.12187
0.121893
0.121915
0.121938
0.121961
0.121984
0.122007
0.12203
0.122054
0.122077
0.1221
0.122123
0.122147
0.12217
0.122194
0.122217
0.122241
0.122265
0.122288
0.122312
0.122336
0.12236
0.122384
0.122408
0.122432
0.122456
0.12248
0.122504
0.122528
0.122552
0.122577
0.122601
0.122625
0.12265
0.122675
0.122699
0.122724
0.122748
0.122773
0.122798
0.122823
0.122848
0.122873
0.122898
0.122923
0.122948
0.122973
0.122998
0.123024
0.123049
0.123074
0.1231
0.123125
0.123151
0.123176
0.123202
0.123228
0.123254
0.123279
0.123305
0.123331
0.123357
0.123383
0.123409
0.123435
0.123462
0.123488
0.123514
0.123541
0.123567
0.123593
0.12362
0.123647
0.123673
0.1237
0.123727
0.123754
0.12378
0.123807
0.123834
0.123861
0.123888
0.123916
0.123943
0.12397
0.123997
0.124025
0.124052
0.124079
0.124107
0.124135
0.124162
0.12419
0.124218
0.124246
0.124273
0.124301
0.124329
0.124357
0.124385
0.124414
0.124442
0.12447
0.124498
0.124527
0.124555
0.124584
0.124612
0.124641
0.124669
0.124698
0.124727
0.124756
0.124785
0.124814
0.124843
0.124872
0.124901
0.12493
0.124959
0.124988
0.125018
0.125047
0.125077
0.125106
0.125136
0.125165
0.125195
0.125225
0.125255
0.125284
0.125314
0.125344
0.125374
0.125404
0.125435
0.125465
0.125495
0.125525
0.125556
0.125586
0.125617
0.125647
0.125678
0.125709
0.125739
0.12577
0.125801
0.125832
0.125863
0.125894
0.125925
0.125956
0.125988
0.126019
0.12605
0.126082
0.126113
0.126145
0.126176
0.126208
0.12624
0.126271
0.126303
0.126335
0.126367
0.126399
0.126431
0.126463
0.126495
0.126528
0.12656
0.126592
0.126625
0.126657
0.12669
0.126722
0.126755
0.126788
0.126821
0.126853
0.126886
0.126919
0.126952
0.126986
0.127019
0.127052
0.127085
0.127119
0.127152
0.127186
0.127219
0.127253
0.127286
0.12732
0.127354
0.127388
0.127422
0.127456
0.12749
0.127524
0.127558
0.127592
0.127627
0.127661
0.127695
0.12773
0.127764
0.127799
0.127834
0.127868
0.127903
0.127938
0.127973
0.128008
0.128043
0.128078
0.128113
0.128149
0.128184
0.128219
0.128255
0.12829
0.128326
0.128362
0.128397
0.128433
0.128469
0.128505
0.128541
0.128577
0.128613
0.128649
0.128685
0.128722
0.128758
0.128795
0.128831
0.128868
0.128904
0.128941
0.128978
0.129015
0.129051
0.129088
0.129125
0.129163
0.1292
0.129237
0.129274
0.129312
0.129349
0.129387
0.129424
0.129462
0.129499
0.129537
0.129575
0.129613
0.129651
0.129689
0.129727
0.129765
0.129804
0.129842
0.12988
0.129919
0.129957
0.129996
0.130035
0.130073
0.130112
0.130151
0.13019
0.130229
0.130268
0.130307
0.130346
0.130386
0.130425
0.130464
0.130504
0.130543
0.130583
0.130623
0.130663
0.130702
0.130742
0.130782
0.130822
0.130862
0.130903
0.130943
0.130983
0.131024
0.131064
0.131105
0.131145
0.131186
0.131227
0.131268
0.131309
0.13135
0.131391
0.131432
0.131473
0.131514
0.131556
0.131597
0.131638
0.13168
0.131722
0.131763
0.131805
0.131847
0.131889
0.131931
0.131973
0.132015
0.132057
0.1321
0.132142
0.132184
0.132227
0.13227
0.132312
0.132355
0.132398
0.132441
0.132484
0.132527
0.13257
0.132613
0.132656
0.1327
0.132743
0.132787
0.13283
0.132874
0.132917
0.132961
0.133005
0.133049
0.133093
0.133137
0.133181
0.133226
0.13327
0.133314
0.133359
0.133403
0.133448
0.133493
0.133537
0.133582
0.133627
0.133672
0.133717
0.133763
0.133808
0.133853
0.133899
0.133944
0.13399
0.134035
0.134081
0.134127
0.134173
0.134219
0.134265
0.134311
0.134357
0.134403
0.13445
0.134496
0.134543
0.134589
0.134636
0.134683
0.13473
0.134776
0.134823
0.134871
0.134918
0.134965
0.135012
0.13506
0.135107
0.135155
0.135202
0.13525
0.135298
0.135346
0.135394
0.135442
0.13549
0.135538
0.135587
0.135635
0.135683
0.135732
0.135781
0.135829
0.135878
0.135927
0.135976
0.136025
0.136074
0.136123
0.136173
0.136222
0.136272
0.136321
0.136371
0.136421
0.13647
0.13652
0.13657
0.13662
0.13667
0.136721
0.136771
0.136821
0.136872
0.136923
0.136973
0.137024
0.137075
0.137126
0.137177
0.137228
0.137279
0.13733
0.137382
0.137433
0.137485
0.137536
0.137588
0.13764
0.137692
0.137744
0.137796
0.137848
0.1379
0.137952
0.138005
0.138057
0.13811
0.138163
0.138216
0.138268
0.138321
0.138374
0.138428
0.138481
0.138534
0.138588
0.138641
0.138695
0.138748
0.138802
0.138856
0.13891
0.138964
0.139018
0.139072
0.139127
0.139181
0.139236
0.13929
0.139345
0.1394
0.139455
0.13951
0.139565
0.13962
0.139675
0.13973
0.139786
0.139841
0.139897
0.139953
0.140009
0.140064
0.14012
0.140177
0.140233
0.140289
0.140345
0.140402
0.140459
0.140515
0.140572
0.140629
0.140686
0.140743
0.1408
0.140857
0.140915
0.140972
0.14103
0.141087
0.141145
0.141203
0.141261
0.141319
0.141377
0.141435
0.141494
0.141552
0.141611
0.141669
0.141728
0.141787
0.141846
0.141905
0.141964
0.142023
0.142083
0.142142
0.142201
0.142261
0.142321
0.142381
0.142441
0.142501
0.142561
0.142621
0.142681
0.142742
0.142802
0.142863
0.142924
0.142985
0.143046
0.143107
0.143168
0.143229
0.143291
0.143352
0.143414
0.143475
0.143537
0.143599
0.143661
0.143723
0.143785
0.143848
0.14391
0.143973
0.144035
0.144098
0.144161
0.144224
0.144287
0.14435
0.144414
0.144477
0.14454
0.144604
0.144668
0.144732
0.144796
0.14486
0.144924
0.144988
0.145052
0.145117
0.145181
0.145246
0.145311
0.145376
0.145441
0.145506
0.145571
0.145637
0.145702
0.145768
0.145834
0.145899
0.145965
0.146031
0.146097
0.146164
0.14623
0.146297
0.146363
0.14643
0.146497
0.146564
0.146631
0.146698
0.146765
0.146833
0.1469
0.146968
0.147036
0.147104
0.147172
0.14724
0.147308
0.147376
0.147445
0.147513
0.147582
0.147651
0.14772
0.147789
0.147858
0.147927
0.147997
0.148066
0.148136
0.148205
0.148275
0.148345
0.148415
0.148486
0.148556
0.148626
0.148697
0.148768
0.148839
0.14891
0.148981
0.149052
0.149123
0.149195
0.149266
0.149338
0.14941
0.149482
0.149554
0.149626
0.149698
0.149771
0.149843
0.149916
0.149989
0.150062
0.150135
0.150208
0.150281
0.150355
0.150428
0.150502
0.150576
0.15065
0.150724
0.150798
0.150873
0.150947
0.151022
0.151096
0.151171
0.151246
0.151321
0.151397
0.151472
0.151548
0.151623
0.151699
0.151775
0.151851
0.151927
0.152003
0.15208
0.152156
0.152233
0.15231
0.152387
0.152464
0.152541
0.152619
0.152696
0.152774
0.152851
0.152929
0.153007
0.153086
0.153164
0.153242
0.153321
0.1534
0.153479
0.153558
0.153637
0.153716
0.153795
0.153875
0.153955
0.154034
0.154114
0.154195
0.154275
0.154355
0.154436
0.154516
0.154597
0.154678
0.154759
0.154841
0.154922
0.155003
0.155085
0.155167
0.155249
0.155331
0.155413
0.155496
0.155578
0.155661
0.155744
0.155827
0.15591
0.155993
0.156076
0.15616
0.156244
0.156328
0.156412
0.156496
0.15658
0.156664
0.156749
0.156834
0.156919
0.157004
0.157089
0.157174
0.15726
0.157345
0.157431
0.157517
0.157603
0.15769
0.157776
0.157863
0.157949
0.158036
0.158123
0.15821
0.158298
0.158385
0.158473
0.158561
0.158649
0.158737
0.158825
0.158913
0.159002
0.159091
0.15918
0.159269
0.159358
0.159447
0.159537
0.159627
0.159717
0.159807
0.159897
0.159987
0.160078
0.160168
0.160259
0.16035
0.160441
0.160533
0.160624
0.160716
0.160808
0.1609
0.160992
0.161084
0.161176
0.161269
0.161362
0.161455
0.161548
0.161641
0.161735
0.161829
0.161922
0.162016
0.162111
0.162205
0.162299
0.162394
0.162489
0.162584
0.162679
0.162775
0.16287
0.162966
0.163062
0.163158
0.163254
0.16335
0.163447
0.163544
0.163641
0.163738
0.163835
0.163933
0.16403
0.164128
0.164226
0.164324
0.164423
0.164521
0.16462
0.164719
0.164818
0.164917
0.165017
0.165116
0.165216
0.165316
0.165416
0.165517
0.165617
0.165718
0.165819
0.16592
0.166021
0.166123
0.166224
0.166326
0.166428
0.16653
0.166633
0.166735
0.166838
0.166941
0.167044
0.167148
0.167251
0.167355
0.167459
0.167563
0.167667
0.167772
0.167877
0.167982
0.168087
0.168192
0.168297
0.168403
0.168509
0.168615
0.168721
0.168828
0.168935
0.169041
0.169149
0.169256
0.169363
0.169471
0.169579
0.169687
0.169795
0.169904
0.170012
0.170121
0.17023
0.17034
0.170449
0.170559
0.170669
0.170779
0.170889
0.171
0.171111
0.171222
0.171333
0.171444
0.171556
0.171668
0.17178
0.171892
0.172004
0.172117
0.17223
0.172343
0.172456
0.17257
0.172684
0.172798
0.172912
0.173026
0.173141
0.173256
0.173371
0.173486
0.173601
0.173717
0.173833
0.173949
0.174065
0.174182
0.174299
0.174416
0.174533
0.174651
0.174768
0.174886
0.175004
0.175123
0.175241
0.17536
0.175479
0.175599
0.175718
0.175838
0.175958
0.176078
0.176199
0.176319
0.17644
0.176561
0.176683
0.176805
0.176926
0.177049
0.177171
0.177293
0.177416
0.177539
0.177663
0.177786
0.17791
0.178034
0.178158
0.178283
0.178407
0.178532
0.178658
0.178783
0.178909
0.179035
0.179161
0.179288
0.179414
0.179541
0.179669
0.179796
0.179924
0.180052
0.18018
0.180308
0.180437
0.180566
0.180695
0.180825
0.180955
0.181085
0.181215
0.181345
0.181476
0.181607
0.181739
0.18187
0.182002
0.182134
0.182266
0.182399
0.182532
0.182665
0.182799
0.182932
0.183066
0.1832
0.183335
0.18347
0.183605
0.18374
0.183876
0.184011
0.184147
0.184284
0.184421
0.184557
0.184695
0.184832
0.18497
0.185108
0.185246
0.185385
0.185524
0.185663
0.185802
0.185942
0.186082
0.186223
0.186363
0.186504
0.186645
0.186787
0.186928
0.18707
0.187213
0.187355
0.187498
0.187641
0.187785
0.187929
0.188073
0.188217
0.188362
0.188507
0.188652
0.188798
0.188943
0.18909
0.189236
0.189383
0.18953
0.189677
0.189825
0.189973
0.190121
0.19027
0.190419
0.190568
0.190718
0.190867
0.191017
0.191168
0.191319
0.19147
0.191621
0.191773
0.191925
0.192077
0.19223
0.192383
0.192536
0.19269
0.192844
0.192998
0.193153
0.193308
0.193463
0.193619
0.193774
0.193931
0.194087
0.194244
0.194401
0.194559
0.194717
0.194875
0.195034
0.195193
0.195352
0.195511
0.195671
0.195832
0.195992
0.196153
0.196315
0.196476
0.196638
0.1968
0.196963
0.197126
0.19729
0.197453
0.197617
0.197782
0.197947
0.198112
0.198277
0.198443
0.198609
0.198776
0.198943
0.19911
0.199278
0.199446
0.199614
0.199783
0.199952
0.200121
0.200291
0.200462
0.200632
0.200803
0.200974
0.201146
0.201318
0.201491
0.201664
0.201837
0.20201
0.202184
0.202359
0.202533
0.202709
0.202884
0.20306
0.203236
0.203413
0.20359
0.203768
0.203945
0.204124
0.204302
0.204481
0.204661
0.204841
0.205021
0.205201
0.205383
0.205564
0.205746
0.205928
0.206111
0.206294
0.206477
0.206661
0.206846
0.20703
0.207215
0.207401
0.207587
0.207773
0.20796
0.208147
0.208335
0.208523
0.208712
0.208901
0.20909
0.20928
0.20947
0.209661
0.209852
0.210043
0.210235
0.210428
0.21062
0.210814
0.211008
0.211202
0.211396
0.211591
0.211787
0.211983
0.212179
0.212376
0.212573
0.212771
0.212969
0.213168
0.213367
0.213567
0.213767
0.213967
0.214168
0.21437
0.214572
0.214774
0.214977
0.215181
0.215384
0.215589
0.215793
0.215999
0.216204
0.216411
0.216617
0.216825
0.217032
0.21724
0.217449
0.217658
0.217868
0.218078
0.218289
0.2185
0.218711
0.218924
0.219136
0.219349
0.219563
0.219777
0.219992
0.220207
0.220423
0.220639
0.220856
0.221073
0.221291
0.221509
0.221728
0.221947
0.222167
0.222388
0.222609
0.22283
0.223052
0.223275
0.223498
0.223721
0.223945
0.22417
0.224395
0.224621
0.224848
0.225075
0.225302
0.22553
0.225759
0.225988
0.226217
0.226448
0.226679
0.22691
0.227142
0.227374
0.227608
0.227841
0.228075
0.22831
0.228546
0.228782
0.229018
0.229256
0.229493
0.229732
0.229971
0.23021
0.23045
0.230691
0.230932
0.231174
0.231417
0.23166
0.231904
0.232148
0.232393
0.232639
0.232885
0.233132
0.233379
0.233628
0.233876
0.234126
0.234376
0.234626
0.234878
0.23513
0.235382
0.235635
0.235889
0.236144
0.236399
0.236655
0.236911
0.237168
0.237426
0.237684
0.237944
0.238203
0.238464
0.238725
0.238987
0.239249
0.239512
0.239776
0.240041
0.240306
0.240572
0.240838
0.241106
0.241374
0.241642
0.241912
0.242182
0.242453
0.242724
0.242997
0.24327
0.243543
0.243818
0.244093
0.244369
0.244645
0.244922
0.245201
0.245479
0.245759
0.246039
0.24632
0.246602
0.246884
0.247168
0.247452
0.247737
0.248022
0.248308
0.248596
0.248883
0.249172
0.249462
0.249752
0.250043
0.250335
0.250627
0.250921
0.251215
0.25151
0.251806
0.252102
0.2524
0.252698
0.252997
0.253297
0.253597
0.253899
0.254201
0.254504
0.254808
0.255113
0.255419
0.255725
0.256033
0.256341
0.25665
0.25696
0.257271
0.257582
0.257895
0.258208
0.258523
0.258838
0.259154
0.259471
0.259789
0.260107
0.260427
0.260748
0.261069
0.261391
0.261715
0.262039
0.262364
0.26269
0.263017
0.263345
0.263674
0.264003
0.264334
0.264666
0.264998
0.265332
0.265666
0.266002
0.266338
0.266676
0.267014
0.267354
0.267694
0.268035
0.268378
0.268721
0.269065
0.269411
0.269757
0.270104
0.270453
0.270802
0.271152
0.271504
0.271856
0.27221
0.272564
0.27292
0.273277
0.273634
0.273993
0.274353
0.274714
0.275076
0.275439
0.275803
0.276168
0.276535
0.276902
0.277271
0.27764
0.278011
0.278383
0.278756
0.27913
0.279505
0.279881
0.280259
0.280638
0.281017
0.281398
0.281781
0.282164
0.282548
0.282934
0.283321
0.283709
0.284098
0.284488
0.28488
0.285273
0.285667
0.286062
0.286459
0.286856
0.287255
0.287655
0.288057
0.28846
0.288864
0.289269
0.289675
0.290083
0.290492
0.290902
0.291314
0.291727
0.292141
0.292557
0.292973
0.293392
0.293811
0.294232
0.294654
0.295078
0.295502
0.295929
0.296356
0.296785
0.297216
0.297647
0.29808
0.298515
0.298951
0.299388
0.299827
0.300267
0.300709
0.301152
0.301596
0.302042
0.30249
0.302939
0.303389
0.303841
0.304294
0.304749
0.305205
0.305663
0.306122
0.306583
0.307046
0.30751
0.307975
0.308442
0.308911
0.309381
0.309852
0.310326
0.310801
0.311277
0.311755
0.312235
0.312716
0.313199
0.313684
0.31417
0.314658
0.315148
0.315639
0.316132
0.316626
0.317123
0.317621
0.31812
0.318622
0.319125
0.31963
0.320136
0.320645
0.321155
0.321667
0.322181
0.322696
0.323214
0.323733
0.324254
0.324776
0.325301
0.325827
0.326356
0.326886
0.327418
0.327952
0.328488
0.329026
0.329565
0.330107
0.33065
0.331196
0.331743
0.332292
0.332844
0.333397
0.333953
0.33451
0.335069
0.335631
0.336194
0.336759
0.337327
0.337897
0.338468
0.339042
0.339618
0.340196
0.340776
0.341358
0.341943
0.342529
0.343118
0.343709
0.344302
0.344897
0.345495
0.346095
0.346697
0.347301
0.347908
0.348517
0.349128
0.349741
0.350357
0.350975
0.351595
0.352218
0.352843
0.353471
0.354101
0.354733
0.355368
0.356005
0.356645
0.357287
0.357932
0.358579
0.359228
0.359881
0.360535
0.361193
0.361852
0.362515
0.36318
0.363847
0.364518
0.36519
0.365866
0.366544
0.367225
0.367908
0.368595
0.369284
0.369975
0.37067
0.371367
0.372067
0.37277
0.373476
0.374185
0.374896
0.37561
0.376328
0.377048
0.377771
0.378497
0.379226
0.379958
0.380693
0.381431
0.382172
0.382916
0.383663
0.384413
0.385167
0.385923
0.386683
0.387446
0.388212
0.388981
0.389753
0.390529
0.391308
0.39209
0.392876
0.393665
0.394457
0.395253
0.396052
0.396854
0.39766
0.398469
0.399282
0.400098
0.400918
0.401741
0.402568
0.403399
0.404233
0.40507
0.405912
0.406757
0.407606
0.408458
0.409314
0.410175
0.411038
0.411906
0.412778
0.413653
0.414532
0.415415
0.416303
0.417194
0.418089
0.418988
0.419891
0.420799
0.42171
0.422626
0.423545
0.424469
0.425397
0.42633
0.427266
0.428207
0.429153
0.430102
0.431056
0.432015
0.432978
0.433945
0.434917
0.435894
0.436875
0.43786
0.438851
0.439846
0.440845
0.44185
0.442859
0.443873
0.444892
0.445915
0.446944
0.447978
0.449016
0.45006
0.451108
0.452162
0.453221
0.454285
0.455354
0.456428
0.457508
0.458593
0.459683
0.460778
0.461879
0.462986
0.464098
0.465215
0.466339
0.467467
0.468602
0.469742
0.470888
0.472039
0.473197
0.47436
0.475529
0.476704
0.477886
0.479073
0.480266
0.481466
0.482671
0.483883
0.485101
0.486326
0.485643
0.484949
0.484245
0.483529
0.482804
0.482069
0.481324
0.480571
0.479808
0.479036
0.478257
0.477469
0.476673
0.47587
0.47506
0.474243
0.473419
0.472588
0.471751
0.470908
0.47006
0.469205
0.468346
0.467481
0.466611
0.465737
0.464858
0.463975
0.463088
0.462196
0.461301
0.460403
0.459501
0.458596
0.457687
0.456776
0.455862
0.454946
0.454027
0.453106
0.452183
0.451257
0.45033
0.449402
0.448471
0.44754
0.446607
0.445673
0.444737
0.443801
0.442864
0.441927
0.440988
0.44005
0.43911
0.438171
0.437231
0.436292
0.435352
0.434413
0.433473
0.432534
0.431596
0.430657
0.42972
0.428783
0.427846
0.426911
0.425976
0.425042
0.424109
0.423178
0.422247
0.421318
0.420389
0.419463
0.418537
0.417613
0.41669
0.415769
0.41485
0.413932
0.413016
0.412101
0.411189
0.410278
0.409369
0.408462
0.407557
0.406653
0.405752
0.404853
0.403956
0.403062
0.402169
0.401279
0.40039
0.399505
0.398621
0.39774
0.396861
0.395984
0.39511
0.394238
0.393369
0.392502
0.391638
0.390776
0.389917
0.38906
0.388206
0.387355
0.386506
0.385659
0.384816
0.383975
0.383136
0.382301
0.381468
0.380637
0.37981
0.378985
0.378163
0.377344
0.376527
0.375713
0.374902
0.374094
0.373288
0.372486
0.371686
0.370888
0.370094
0.369303
0.368514
0.367728
0.366945
0.366165
0.365387
0.364612
0.363841
0.363072
0.362305
0.361542
0.360782
0.360024
0.359269
0.358517
0.357768
0.357021
0.356278
0.355537
0.354799
0.354064
0.353331
0.352602
0.351875
0.351151
0.35043
0.349711
0.348996
0.348283
0.347573
0.346865
0.346161
0.345459
0.34476
0.344063
0.34337
0.342679
0.34199
0.341305
0.340622
0.339942
0.339265
0.33859
0.337918
0.337248
0.336582
0.335918
0.335256
0.334597
0.333941
0.333288
0.332637
0.331988
0.331343
0.330699
0.330059
0.329421
0.328785
0.328152
0.327522
0.326894
0.326269
0.325646
0.325025
0.324408
0.323792
0.323179
0.322569
0.321961
0.321355
0.320752
0.320152
0.319553
0.318957
0.318364
0.317773
0.317184
0.316598
0.316014
0.315432
0.314853
0.314276
0.313701
0.313129
0.312559
0.311991
0.311425
0.310862
0.310301
0.309742
0.309186
0.308632
0.308079
0.30753
0.306982
0.306436
0.305893
0.305352
0.304813
0.304276
0.303741
0.303209
0.302678
0.30215
0.301624
0.301099
0.300577
0.300057
0.299539
0.299023
0.298509
0.297997
0.297488
0.29698
0.296474
0.29597
0.295468
0.294968
0.29447
0.293974
0.29348
0.292988
0.292497
0.292009
0.291523
0.291038
0.290556
0.290075
0.289596
0.289119
0.288644
0.28817
0.287699
0.287229
0.286761
0.286295
0.285831
0.285368
0.284907
0.284448
0.283991
0.283535
0.283082
0.28263
0.282179
0.281731
0.281284
0.280839
0.280395
0.279953
0.279513
0.279075
0.278638
0.278203
0.277769
0.277337
0.276907
0.276478
0.276051
0.275625
0.275202
0.274779
0.274358
0.273939
0.273522
0.273105
0.272691
0.272278
0.271866
0.271456
0.271048
0.270641
0.270235
0.269831
0.269429
0.269028
0.268628
0.26823
0.267834
0.267438
0.267045
0.266652
0.266261
0.265872
0.265484
0.265097
0.264712
0.264328
0.263945
0.263564
0.263184
0.262805
0.262428
0.262053
0.261678
0.261305
0.260933
0.260563
0.260194
0.259826
0.259459
0.259094
0.25873
0.258367
0.258006
0.257646
0.257287
0.256929
0.256573
0.256218
0.255864
0.255511
0.255159
0.254809
0.25446
0.254112
0.253766
0.25342
0.253076
0.252733
0.252391
0.25205
0.251711
0.251372
0.251035
0.250699
0.250364
0.25003
0.249697
0.249366
0.249035
0.248706
0.248378
0.248051
0.247724
0.2474
0.247076
0.246753
0.246431
0.246111
0.245791
0.245472
0.245155
0.244839
0.244523
0.244209
0.243896
0.243583
0.243272
0.242962
0.242653
0.242345
0.242038
0.241731
0.241426
0.241122
0.240819
0.240517
0.240216
0.239915
0.239616
0.239318
0.23902
0.238724
0.238429
0.238134
0.237841
0.237548
0.237256
0.236966
0.236676
0.236387
0.236099
0.235812
0.235526
0.23524
0.234956
0.234673
0.23439
0.234108
0.233828
0.233548
0.233269
0.23299
0.232713
0.232437
0.232161
0.231887
0.231613
0.23134
0.231067
0.230796
0.230526
0.230256
0.229987
0.229719
0.229452
0.229186
0.22892
0.228655
0.228391
0.228128
0.227866
0.227605
0.227344
0.227084
0.226825
0.226566
0.226309
0.226052
0.225796
0.225541
0.225286
0.225032
0.224779
0.224527
0.224276
0.224025
0.223775
0.223526
0.223277
0.22303
0.222783
0.222536
0.222291
0.222046
0.221802
0.221558
0.221316
0.221074
0.220832
0.220592
0.220352
0.220113
0.219874
0.219637
0.2194
0.219163
0.218927
0.218692
0.218458
0.218224
0.217991
0.217759
0.217528
0.217297
0.217066
0.216837
0.216608
0.216379
0.216152
0.215924
0.215698
0.215472
0.215247
0.215023
0.214799
0.214576
0.214353
0.214131
0.21391
0.213689
0.213469
0.21325
0.213031
0.212813
0.212595
0.212378
0.212162
0.211946
0.211731
0.211516
0.211302
0.211088
0.210876
0.210663
0.210452
0.210241
0.21003
0.20982
0.209611
0.209402
0.209194
0.208986
0.208779
0.208573
0.208367
0.208162
0.207957
0.207753
0.207549
0.207346
0.207143
0.206941
0.20674
0.206539
0.206339
0.206139
0.205939
0.205741
0.205542
0.205345
0.205147
0.204951
0.204755
0.204559
0.204364
0.204169
0.203975
0.203782
0.203589
0.203396
0.203204
0.203013
0.202822
0.202632
0.202442
0.202252
0.202063
0.201875
0.201687
0.201499
0.201312
0.201126
0.20094
0.200754
0.200569
0.200385
0.2002
0.200017
0.199834
0.199651
0.199469
0.199287
0.199106
0.198925
0.198745
0.198565
0.198386
0.198207
0.198028
0.19785
0.197673
0.197496
0.197319
0.197143
0.196967
0.196792
0.196617
0.196443
0.196269
0.196095
0.195922
0.19575
0.195578
0.195406
0.195234
0.195064
0.194893
0.194723
0.194554
0.194384
0.194216
0.194047
0.193879
0.193712
0.193545
0.193378
0.193212
0.193046
0.192881
0.192716
0.192551
0.192387
0.192224
0.19206
0.191897
0.191735
0.191573
0.191411
0.19125
0.191089
0.190928
0.190768
0.190608
0.190449
0.19029
0.190131
0.189973
0.189815
0.189658
0.189501
0.189344
0.189188
0.189032
0.188877
0.188722
0.188567
0.188412
0.188258
0.188105
0.187952
0.187799
0.187646
0.187494
0.187342
0.187191
0.18704
0.186889
0.186739
0.186589
0.186439
0.18629
0.186141
0.185993
0.185845
0.185697
0.185549
0.185402
0.185255
0.185109
0.184963
0.184817
0.184672
0.184527
0.184382
0.184238
0.184094
0.18395
0.183807
0.183664
0.183521
0.183379
0.183237
0.183095
0.182954
0.182813
0.182673
0.182532
0.182392
0.182253
0.182113
0.181974
0.181836
0.181697
0.181559
0.181422
0.181284
0.181147
0.18101
0.180874
0.180738
0.180602
0.180467
0.180331
0.180197
0.180062
0.179928
0.179794
0.17966
0.179527
0.179394
0.179261
0.179129
0.178997
0.178865
0.178734
0.178602
0.178472
0.178341
0.178211
0.178081
0.177951
0.177822
0.177693
0.177564
0.177435
0.177307
0.177179
0.177051
0.176924
0.176797
0.17667
0.176544
0.176418
0.176292
0.176166
0.176041
0.175916
0.175791
0.175667
0.175542
0.175418
0.175295
0.175171
0.175048
0.174925
0.174803
0.174681
0.174559
0.174437
0.174315
0.174194
0.174073
0.173953
0.173832
0.173712
0.173592
0.173473
0.173354
0.173235
0.173116
0.172997
0.172879
0.172761
0.172643
0.172526
0.172409
0.172292
0.172175
0.172059
0.171942
0.171827
0.171711
0.171595
0.17148
0.171365
0.171251
0.171136
0.171022
0.170908
0.170795
0.170681
0.170568
0.170455
0.170343
0.17023
0.170118
0.170006
0.169895
0.169783
0.169672
0.169561
0.16945
0.16934
0.16923
0.16912
0.16901
0.1689
0.168791
0.168682
0.168573
0.168465
0.168356
0.168248
0.16814
0.168033
0.167925
0.167818
0.167711
0.167605
0.167498
0.167392
0.167286
0.16718
0.167075
0.166969
0.166864
0.166759
0.166655
0.16655
0.166446
0.166342
0.166238
0.166135
0.166032
0.165928
0.165826
0.165723
0.16562
0.165518
0.165416
0.165314
0.165213
0.165112
0.16501
0.164909
0.164809
0.164708
0.164608
0.164508
0.164408
0.164308
0.164209
0.16411
0.164011
0.163912
0.163813
0.163715
0.163617
0.163519
0.163421
0.163324
0.163226
0.163129
0.163032
0.162935
0.162839
0.162742
0.162646
0.16255
0.162455
0.162359
0.162264
0.162169
0.162074
0.161979
0.161885
0.16179
0.161696
0.161602
0.161508
0.161415
0.161321
0.161228
0.161135
0.161043
0.16095
0.160858
0.160765
0.160673
0.160582
0.16049
0.160399
0.160307
0.160216
0.160125
0.160035
0.159944
0.159854
0.159764
0.159674
0.159584
0.159495
0.159405
0.159316
0.159227
0.159138
0.15905
0.158961
0.158873
0.158785
0.158697
0.158609
0.158522
0.158434
0.158347
0.15826
0.158173
0.158087
0.158
0.157914
0.157828
0.157742
0.157656
0.15757
0.157485
0.1574
0.157315
0.15723
0.157145
0.157061
0.156976
0.156892
0.156808
0.156724
0.156641
0.156557
0.156474
0.156391
0.156308
0.156225
0.156142
0.15606
0.155977
0.155895
0.155813
0.155731
0.15565
0.155568
0.155487
0.155406
0.155325
0.155244
0.155163
0.155083
0.155002
0.154922
0.154842
0.154762
0.154683
0.154603
0.154524
0.154445
0.154366
0.154287
0.154208
0.154129
0.154051
0.153973
0.153895
0.153817
0.153739
0.153661
0.153584
0.153507
0.153429
0.153352
0.153276
0.153199
0.153122
0.153046
0.15297
0.152894
0.152818
0.152742
0.152666
0.152591
0.152516
0.152441
0.152366
0.152291
0.152216
0.152141
0.152067
0.151993
0.151919
0.151845
0.151771
0.151697
0.151624
0.15155
0.151477
0.151404
0.151331
0.151259
0.151186
0.151113
0.151041
0.150969
0.150897
0.150825
0.150753
0.150682
0.15061
0.150539
0.150468
0.150397
0.150326
0.150255
0.150184
0.150114
0.150043
0.149973
0.149903
0.149833
0.149764
0.149694
0.149624
0.149555
0.149486
0.149417
0.149348
0.149279
0.14921
0.149142
0.149073
0.149005
0.148937
0.148869
0.148801
0.148733
0.148666
0.148598
0.148531
0.148464
0.148397
0.14833
0.148263
0.148197
0.14813
0.148064
0.147997
0.147931
0.147865
0.147799
0.147734
0.147668
0.147603
0.147537
0.147472
0.147407
0.147342
0.147277
0.147213
0.147148
0.147084
0.147019
0.146955
0.146891
0.146827
0.146763
0.1467
0.146636
0.146573
0.14651
0.146446
0.146383
0.146321
0.146258
0.146195
0.146133
0.14607
0.146008
0.145946
0.145884
0.145822
0.14576
0.145698
0.145637
0.145575
0.145514
0.145453
0.145392
0.145331
0.14527
0.145209
0.145149
0.145088
0.145028
0.144968
0.144908
0.144848
0.144788
0.144728
0.144668
0.144609
0.14455
0.14449
0.144431
0.144372
0.144313
0.144254
0.144196
0.144137
0.144079
0.14402
0.143962
0.143904
0.143846
0.143788
0.143731
0.143673
0.143615
0.143558
0.143501
0.143443
0.143386
0.143329
0.143273
0.143216
0.143159
0.143103
0.143046
0.14299
0.142934
0.142878
0.142822
0.142766
0.14271
0.142655
0.142599
0.142544
0.142489
0.142433
0.142378
0.142323
0.142269
0.142214
0.142159
0.142105
0.14205
0.141996
0.141942
0.141888
0.141834
0.14178
0.141726
0.141673
0.141619
0.141566
0.141512
0.141459
0.141406
0.141353
0.1413
0.141247
0.141195
0.141142
0.141089
0.141037
0.140985
0.140933
0.140881
0.140829
0.140777
0.140725
0.140673
0.140622
0.14057
0.140519
0.140468
0.140417
0.140366
0.140315
0.140264
0.140213
0.140163
0.140112
0.140062
0.140011
0.139961
0.139911
0.139861
0.139811
0.139761
0.139711
0.139662
0.139612
0.139563
0.139514
0.139464
0.139415
0.139366
0.139317
0.139269
0.13922
0.139171
0.139123
0.139074
0.139026
0.138978
0.13893
0.138881
0.138834
0.138786
0.138738
0.13869
0.138643
0.138595
0.138548
0.138501
0.138453
0.138406
0.138359
0.138312
0.138266
0.138219
0.138172
0.138126
0.138079
0.138033
0.137987
0.137941
0.137895
0.137849
0.137803
0.137757
0.137712
0.137666
0.13762
0.137575
0.13753
0.137485
0.137439
0.137394
0.13735
0.137305
0.13726
0.137215
0.137171
0.137126
0.137082
0.137038
0.136993
0.136949
0.136905
0.136861
0.136818
0.136774
0.13673
0.136687
0.136643
0.1366
0.136556
0.136513
0.13647
0.136427
0.136384
0.136341
0.136298
0.136256
0.136213
0.136171
0.136128
0.136086
0.136044
0.136002
0.13596
0.135918
0.135876
0.135834
0.135792
0.13575
0.135709
0.135667
0.135626
0.135585
0.135544
0.135502
0.135461
0.135421
0.13538
0.135339
0.135298
0.135258
0.135217
0.135177
0.135136
0.135096
0.135056
0.135016
0.134976
0.134936
0.134896
0.134856
0.134817
0.134777
0.134737
0.134698
0.134659
0.134619
0.13458
0.134541
0.134502
0.134463
0.134424
0.134386
0.134347
0.134308
0.13427
0.134231
0.134193
0.134155
0.134116
0.134078
0.13404
0.134002
0.133964
0.133927
0.133889
0.133851
0.133814
0.133776
0.133739
0.133702
0.133664
0.133627
0.13359
0.133553
0.133516
0.133479
0.133443
0.133406
0.133369
0.133333
0.133296
0.13326
0.133224
0.133187
0.133151
0.133115
0.133079
0.133043
0.133008
0.132972
0.132936
0.132901
0.132865
0.13283
0.132794
0.132759
0.132724
0.132689
0.132654
0.132619
0.132584
0.132549
0.132514
0.13248
0.132445
0.132411
0.132376
0.132342
0.132307
0.132273
0.132239
0.132205
0.132171
0.132137
0.132103
0.13207
0.132036
0.132002
0.131969
0.131935
0.131902
0.131869
0.131835
0.131802
0.131769
0.131736
0.131703
0.13167
0.131637
0.131605
0.131572
0.131539
0.131507
0.131475
0.131442
0.13141
0.131378
0.131346
0.131313
0.131281
0.13125
0.131218
0.131186
0.131154
0.131123
0.131091
0.131059
0.131028
0.130997
0.130965
0.130934
0.130903
0.130872
0.130841
0.13081
0.130779
0.130748
0.130718
0.130687
0.130657
0.130626
0.130596
0.130565
0.130535
0.130505
0.130475
0.130445
0.130415
0.130385
0.130355
0.130325
0.130295
0.130266
0.130236
0.130206
0.130177
0.130148
0.130118
0.130089
0.13006
0.130031
0.130002
0.129973
0.129944
0.129915
0.129886
0.129858
0.129829
0.1298
0.129772
0.129743
0.129715
0.129687
0.129659
0.12963
0.129602
0.129574
0.129546
0.129518
0.129491
0.129463
0.129435
0.129408
0.12938
0.129353
0.129325
0.129298
0.129271
0.129243
0.129216
0.129189
0.129162
0.129135
0.129108
0.129081
0.129055
0.129028
0.129001
0.128975
0.128948
0.128922
0.128895
0.128869
0.128843
0.128817
0.128791
0.128765
0.128739
0.128713
0.128687
0.128661
0.128635
0.12861
0.128584
0.128559
0.128533
0.128508
0.128482
0.128457
0.128432
0.128407
0.128382
0.128357
0.128332
0.128307
0.128282
0.128257
0.128233
0.128208
0.128183
0.128159
0.128135
0.12811
0.128086
0.128062
0.128037
0.128013
0.127989
0.127965
0.127941
0.127917
0.127894
0.12787
0.127846
0.127823
0.127799
0.127776
0.127752
0.127729
0.127705
0.127682
0.127659
0.127636
0.127613
0.12759
0.127567
0.127544
0.127521
0.127498
0.127476
0.127453
0.12743
0.127408
0.127385
0.127363
0.127341
0.127318
0.127296
0.127274
0.127252
0.12723
0.127208
0.127186
0.127164
0.127143
0.127121
0.127099
0.127078
0.127056
0.127034
0.127013
0.126992
0.12697
0.126949
0.126928
0.126907
0.126886
0.126865
0.126844
0.126823
0.126802
0.126781
0.126761
0.12674
0.126719
0.126699
0.126678
0.126658
0.126638
0.126617
0.126597
0.126577
0.126557
0.126537
0.126517
0.126497
0.126477
0.126457
0.126437
0.126418
0.126398
0.126378
0.126359
0.126339
0.12632
0.126301
0.126281
0.126262
0.126243
0.126224
0.126205
0.126186
0.126167
0.126148
0.126129
0.12611
0.126091
0.126073
0.126054
0.126036
0.126017
0.125999
0.12598
0.125962
0.125944
0.125925
0.125907
0.125889
0.125871
0.125853
0.125835
0.125817
0.1258
0.125782
0.125764
0.125746
0.125729
0.125711
0.125694
0.125676
0.125659
0.125642
0.125624
0.125607
0.12559
0.125573
0.125556
0.125539
0.125522
0.125505
0.125488
0.125472
0.125455
0.125438
0.125422
0.125405
0.125389
0.125372
0.125356
0.12534
0.125323
0.125307
0.125291
0.125275
0.125259
0.125243
0.125227
0.125211
0.125195
0.12518
0.125164
0.125148
0.125133
0.125117
0.125102
0.125086
0.125071
0.125056
0.12504
0.125025
0.12501
0.124995
0.12498
0.124965
0.12495
0.124935
0.12492
0.124905
0.124891
0.124876
0.124861
0.124847
0.124832
0.124818
0.124804
0.124789
0.124775
0.124761
0.124746
0.124732
0.124718
0.124704
0.12469
0.124676
0.124662
0.124649
0.124635
0.124621
0.124608
0.124594
0.12458
0.124567
0.124554
0.12454
0.124527
0.124514
0.1245
0.124487
0.124474
0.124461
0.124448
0.124435
0.124422
0.124409
0.124396
0.124384
0.124371
0.124358
0.124346
0.124333
0.124321
0.124308
0.124296
0.124284
0.124271
0.124259
0.124247
0.124235
0.124223
0.124211
0.124199
0.124187
0.124175
0.124163
0.124151
0.12414
0.124128
0.124116
0.124105
0.124093
0.124082
0.124071
0.124059
0.124048
0.124037
0.124026
0.124014
0.124003
0.123992
0.123981
0.12397
0.12396
0.123949
0.123938
0.123927
0.123917
0.123906
0.123895
0.123885
0.123874
0.123864
0.123854
0.123843
0.123833
0.123823
0.123813
0.123803
0.123792
0.123782
0.123773
0.123763
0.123753
0.123743
0.123733
0.123724
0.123714
0.123704
0.123695
0.123685
0.123676
0.123666
0.123657
0.123648
0.123638
0.123629
0.12362
0.123611
0.123602
0.123593
0.123584
0.123575
0.123566
0.123558
0.123549
0.12354
0.123531
0.123523
0.123514
0.123506
0.123497
0.123489
0.123481
0.123472
0.123464
0.123456
0.123448
0.12344
0.123432
0.123424
0.123416
0.123408
0.1234
0.123392
0.123385
0.123377
0.123369
0.123362
0.123354
0.123347
0.123339
0.123332
0.123324
0.123317
0.12331
0.123303
0.123295
0.123288
0.123281
0.123274
0.123267
0.12326
0.123254
0.123247
0.12324
0.123233
0.123227
0.12322
0.123214
0.123207
0.123201
0.123194
0.123188
0.123182
0.123175
0.123169
0.123163
0.123157
0.123151
0.123145
0.123139
0.123133
0.123127
0.123121
0.123115
0.12311
0.123104
0.123098
0.123093
0.123087
0.123082
0.123076
0.123071
0.123066
0.12306
0.123055
0.12305
0.123045
0.12304
0.123035
0.12303
0.123025
0.12302
0.123015
0.12301
0.123006
0.123001
0.122996
0.122992
0.122987
0.122983
0.122978
0.122974
0.122969
0.122965
0.122961
0.122957
0.122952
0.122948
0.122944
0.12294
0.122936
0.122932
0.122928
0.122925
0.122921
0.122917
0.122913
0.12291
0.122906
0.122903
0.122899
0.122896
0.122892
0.122889
0.122886
0.122882
0.122879
0.122876
0.122873
0.12287
0.122867
0.122864
0.122861
0.122858
0.122855
0.122853
0.12285
0.122847
0.122845
0.122842
0.122839
0.122837
0.122835
0.122832
0.12283
0.122828
0.122825
0.122823
0.122821
0.122819
0.122817
0.122815
0.122813
0.122811
0.122809
0.122807
0.122805
0.122804
0.122802
0.1228
0.122799
0.122797
0.122796
0.122794
0.122793
0.122792
0.12279
0.122789
0.122788
0.122787
0.122786
0.122785
0.122784
0.122783
0.122782
0.122781
0.12278
0.122779
0.122779
0.122778
0.122777
0.122777
0.122776
0.122776
0.122775
0.122775
0.122775
0.122774
0.122774
0.122774
0.122774
0.122774
0.122774
0.122774
0.122774
0.122774
0.122774
0.122774
0.122774
0.122775
0.122775
0.122775
0.122776
0.122776
0.122777
0.122777
0.122778
0.122779
0.122779
0.12278
0.122781
0.122782
0.122783
0.122784
0.122785
0.122786
0.122787
0.122788
0.122789
0.12279
0.122792
0.122793
0.122794
0.122796
0.122797
0.122799
0.1228
0.122802
0.122803
0.122805
0.122807
0.122809
0.122811
0.122812
0.122814
0.122816
0.122818
0.12282
0.122823
0.122825
0.122827
0.122829
0.122832
0.122834
0.122836
0.122839
0.122841
0.122844
0.122846
0.122849
0.122852
0.122855
0.122857
0.12286
0.122863
0.122866
0.122869
0.122872
0.122875
0.122878
0.122881
0.122885
0.122888
0.122891
0.122894
0.122898
0.122901
0.122905
0.122908
0.122912
0.122916
0.122919
0.122923
0.122927
0.122931
0.122934
0.122938
0.122942
0.122946
0.12295
0.122955
0.122959
0.122963
0.122967
0.122971
0.122976
0.12298
0.122985
0.122989
0.122994
0.122998
0.123003
0.123008
0.123012
0.123017
0.123022
0.123027
0.123032
0.123037
0.123042
0.123047
0.123052
0.123057
0.123062
0.123067
0.123073
0.123078
0.123083
0.123089
0.123094
0.1231
0.123105
0.123111
0.123117
0.123123
0.123128
0.123134
0.12314
0.123146
0.123152
0.123158
0.123164
0.12317
0.123176
0.123182
0.123189
0.123195
0.123201
0.123208
0.123214
0.123221
0.123227
0.123234
0.12324
0.123247
0.123254
0.12326
0.123267
0.123274
0.123281
0.123288
0.123295
0.123302
0.123309
0.123316
0.123323
0.123331
0.123338
0.123345
0.123353
0.12336
0.123368
0.123375
0.123383
0.12339
0.123398
0.123406
0.123414
0.123421
0.123429
0.123437
0.123445
0.123453
0.123461
0.123469
0.123477
0.123486
0.123494
0.123502
0.123511
0.123519
0.123527
0.123536
0.123544
0.123553
0.123562
0.12357
0.123579
0.123588
0.123597
0.123605
0.123614
0.123623
0.123632
0.123641
0.123651
0.12366
0.123669
0.123678
0.123688
0.123697
0.123706
0.123716
0.123725
0.123735
0.123744
0.123754
0.123764
0.123773
0.123783
0.123793
0.123803
0.123813
0.123823
0.123833
0.123843
0.123853
0.123863
0.123873
0.123884
0.123894
0.123904
0.123915
0.123925
0.123936
0.123946
0.123957
0.123968
0.123978
0.123989
0.124
0.124011
0.124022
0.124033
0.124044
0.124055
0.124066
0.124077
0.124088
0.124099
0.124111
0.124122
0.124133
0.124145
0.124156
0.124168
0.12418
0.124191
0.124203
0.124215
0.124226
0.124238
0.12425
0.124262
0.124274
0.124286
0.124298
0.12431
0.124322
0.124335
0.124347
0.124359
0.124372
0.124384
0.124397
0.124409
0.124422
0.124434
0.124447
0.12446
0.124472
0.124485
0.124498
0.124511
0.124524
0.124537
0.12455
0.124563
0.124576
0.12459
0.124603
0.124616
0.12463
0.124643
0.124656
0.12467
0.124684
0.124697
0.124711
0.124724
0.124738
0.124752
0.124766
0.12478
0.124794
0.124808
0.124822
0.124836
0.12485
0.124864
0.124879
0.124893
0.124907
0.124922
0.124936
0.124951
0.124965
0.12498
0.124995
0.125009
0.125024
0.125039
0.125054
0.125069
0.125084
0.125099
0.125114
0.125129
0.125144
0.125159
0.125175
0.12519
0.125205
0.125221
0.125236
0.125252
0.125267
0.125283
0.125299
0.125314
0.12533
0.125346
0.125362
0.125378
0.125394
0.12541
0.125426
0.125442
0.125458
0.125474
0.125491
0.125507
0.125523
0.12554
0.125556
0.125573
0.12559
0.125606
0.125623
0.12564
0.125656
0.125673
0.12569
0.125707
0.125724
0.125741
0.125758
0.125776
0.125793
0.12581
0.125827
0.125845
0.125862
0.12588
0.125897
0.125915
0.125932
0.12595
0.125968
0.125986
0.126003
0.126021
0.126039
0.126057
0.126075
0.126093
0.126112
0.12613
0.126148
0.126166
0.126185
0.126203
0.126222
0.12624
0.126259
0.126277
0.126296
0.126315
0.126334
0.126353
0.126371
0.12639
0.126409
0.126428
0.126448
0.126467
0.126486
0.126505
0.126524
0.126544
0.126563
0.126583
0.126602
0.126622
0.126642
0.126661
0.126681
0.126701
0.126721
0.126741
0.12676
0.126781
0.126801
0.126821
0.126841
0.126861
0.126881
0.126902
0.126922
0.126943
0.126963
0.126984
0.127004
0.127025
0.127046
0.127066
0.127087
0.127108
0.127129
0.12715
0.127171
0.127192
0.127213
0.127235
0.127256
0.127277
0.127298
0.12732
0.127341
0.127363
0.127384
0.127406
0.127428
0.12745
0.127471
0.127493
0.127515
0.127537
0.127559
0.127581
0.127603
0.127626
0.127648
0.12767
0.127693
0.127715
0.127737
0.12776
0.127783
0.127805
0.127828
0.127851
0.127873
0.127896
0.127919
0.127942
0.127965
0.127988
0.128011
0.128035
0.128058
0.128081
0.128105
0.128128
0.128151
0.128175
0.128199
0.128222
0.128246
0.12827
0.128294
0.128317
0.128341
0.128365
0.128389
0.128413
0.128438
0.128462
0.128486
0.12851
0.128535
0.128559
0.128584
0.128608
0.128633
0.128658
0.128682
0.128707
0.128732
0.128757
0.128782
0.128807
0.128832
0.128857
0.128882
0.128908
0.128933
0.128958
0.128984
0.129009
0.129035
0.12906
0.129086
0.129112
0.129137
0.129163
0.129189
0.129215
0.129241
0.129267
0.129293
0.12932
0.129346
0.129372
0.129398
0.129425
0.129451
0.129478
0.129504
0.129531
0.129558
0.129585
0.129611
0.129638
0.129665
0.129692
0.129719
0.129747
0.129774
0.129801
0.129828
0.129856
0.129883
0.129911
0.129938
0.129966
0.129993
0.130021
0.130049
0.130077
0.130105
0.130133
0.130161
0.130189
0.130217
0.130245
0.130273
0.130302
0.13033
0.130359
0.130387
0.130416
0.130444
0.130473
0.130502
0.130531
0.13056
0.130589
0.130618
0.130647
0.130676
0.130705
0.130734
0.130764
0.130793
0.130822
0.130852
0.130881
0.130911
0.130941
0.130971
0.131
0.13103
0.13106
0.13109
0.13112
0.13115
0.131181
0.131211
0.131241
0.131272
0.131302
0.131332
0.131363
0.131394
0.131424
0.131455
0.131486
0.131517
0.131548
0.131579
0.13161
0.131641
0.131672
0.131703
0.131735
0.131766
0.131798
0.131829
0.131861
0.131892
0.131924
0.131956
0.131988
0.13202
0.132052
0.132084
0.132116
0.132148
0.13218
0.132213
0.132245
0.132277
0.13231
0.132342
0.132375
0.132408
0.13244
0.132473
0.132506
0.132539
0.132572
0.132605
0.132638
0.132672
0.132705
0.132738
0.132772
0.132805
0.132839
0.132872
0.132906
0.13294
0.132974
0.133007
0.133041
0.133075
0.13311
0.133144
0.133178
0.133212
0.133247
0.133281
0.133315
0.13335
0.133385
0.133419
0.133454
0.133489
0.133524
0.133559
0.133594
0.133629
0.133664
0.133699
0.133735
0.13377
0.133805
0.133841
0.133877
0.133912
0.133948
0.133984
0.13402
0.134055
0.134091
0.134128
0.134164
0.1342
0.134236
0.134272
0.134309
0.134345
0.134382
0.134419
0.134455
0.134492
0.134529
0.134566
0.134603
0.13464
0.134677
0.134714
0.134751
0.134789
0.134826
0.134863
0.134901
0.134939
0.134976
0.135014
0.135052
0.13509
0.135128
0.135166
0.135204
0.135242
0.13528
0.135319
0.135357
0.135396
0.135434
0.135473
0.135511
0.13555
0.135589
0.135628
0.135667
0.135706
0.135745
0.135784
0.135824
0.135863
0.135902
0.135942
0.135981
0.136021
0.136061
0.136101
0.13614
0.13618
0.13622
0.136261
0.136301
0.136341
0.136381
0.136422
0.136462
0.136503
0.136543
0.136584
0.136625
0.136666
0.136706
0.136747
0.136789
0.13683
0.136871
0.136912
0.136954
0.136995
0.137037
0.137078
0.13712
0.137162
0.137203
0.137245
0.137287
0.137329
0.137371
0.137414
0.137456
0.137498
0.137541
0.137583
0.137626
0.137669
0.137711
0.137754
0.137797
0.13784
0.137883
0.137926
0.13797
0.138013
0.138056
0.1381
0.138143
0.138187
0.138231
0.138274
0.138318
0.138362
0.138406
0.13845
0.138495
0.138539
0.138583
0.138628
0.138672
0.138717
0.138761
0.138806
0.138851
0.138896
0.138941
0.138986
0.139031
0.139076
0.139122
0.139167
0.139213
0.139258
0.139304
0.139349
0.139395
0.139441
0.139487
0.139533
0.139579
0.139626
0.139672
0.139718
0.139765
0.139811
0.139858
0.139905
0.139951
0.139998
0.140045
0.140092
0.14014
0.140187
0.140234
0.140281
0.140329
0.140377
0.140424
0.140472
0.14052
0.140568
0.140616
0.140664
0.140712
0.14076
0.140808
0.140857
0.140905
0.140954
0.141003
0.141051
0.1411
0.141149
0.141198
0.141247
0.141297
0.141346
0.141395
0.141445
0.141494
0.141544
0.141594
0.141644
0.141693
0.141743
0.141794
0.141844
0.141894
0.141944
0.141995
0.142045
0.142096
0.142147
0.142197
0.142248
0.142299
0.14235
0.142402
0.142453
0.142504
0.142556
0.142607
0.142659
0.14271
0.142762
0.142814
0.142866
0.142918
0.14297
0.143023
0.143075
0.143127
0.14318
0.143233
0.143285
0.143338
0.143391
0.143444
0.143497
0.14355
0.143604
0.143657
0.14371
0.143764
0.143818
0.143871
0.143925
0.143979
0.144033
0.144087
0.144142
0.144196
0.14425
0.144305
0.144359
0.144414
0.144469
0.144524
0.144579
0.144634
0.144689
0.144744
0.1448
0.144855
0.144911
0.144966
0.145022
0.145078
0.145134
0.14519
0.145246
0.145303
0.145359
0.145415
0.145472
0.145529
0.145585
0.145642
0.145699
0.145756
0.145813
0.145871
0.145928
0.145985
0.146043
0.146101
0.146158
0.146216
0.146274
0.146332
0.14639
0.146449
0.146507
0.146566
0.146624
0.146683
0.146742
0.146801
0.146859
0.146919
0.146978
0.147037
0.147096
0.147156
0.147216
0.147275
0.147335
0.147395
0.147455
0.147515
0.147575
0.147636
0.147696
0.147757
0.147817
0.147878
0.147939
0.148
0.148061
0.148122
0.148184
0.148245
0.148307
0.148368
0.14843
0.148492
0.148554
0.148616
0.148678
0.14874
0.148803
0.148865
0.148928
0.14899
0.149053
0.149116
0.149179
0.149242
0.149306
0.149369
0.149432
0.149496
0.14956
0.149623
0.149687
0.149751
0.149816
0.14988
0.149944
0.150009
0.150073
0.150138
0.150203
0.150268
0.150333
0.150398
0.150463
0.150529
0.150594
0.15066
0.150726
0.150791
0.150857
0.150923
0.15099
0.151056
0.151122
0.151189
0.151256
0.151322
0.151389
0.151456
0.151523
0.151591
0.151658
0.151726
0.151793
0.151861
0.151929
0.151997
0.152065
0.152133
0.152201
0.15227
0.152338
0.152407
0.152476
0.152545
0.152614
0.152683
0.152752
0.152822
0.152891
0.152961
0.153031
0.1531
0.153171
0.153241
0.153311
0.153381
0.153452
0.153522
0.153593
0.153664
0.153735
0.153806
0.153878
0.153949
0.15402
0.154092
0.154164
0.154236
0.154308
0.15438
0.154452
0.154525
0.154597
0.15467
0.154743
0.154815
0.154888
0.154962
0.155035
0.155108
0.155182
0.155256
0.155329
0.155403
0.155477
0.155552
0.155626
0.1557
0.155775
0.15585
0.155925
0.156
0.156075
0.15615
0.156225
0.156301
0.156377
0.156452
0.156528
0.156604
0.156681
0.156757
0.156833
0.15691
0.156987
0.157064
0.157141
0.157218
0.157295
0.157373
0.15745
0.157528
0.157606
0.157684
0.157762
0.15784
0.157918
0.157997
0.158076
0.158154
0.158233
0.158312
0.158392
0.158471
0.15855
0.15863
0.15871
0.15879
0.15887
0.15895
0.159031
0.159111
0.159192
0.159273
0.159353
0.159435
0.159516
0.159597
0.159679
0.15976
0.159842
0.159924
0.160006
0.160088
0.160171
0.160253
0.160336
0.160419
0.160502
0.160585
0.160668
0.160752
0.160835
0.160919
0.161003
0.161087
0.161171
0.161256
0.16134
0.161425
0.16151
0.161594
0.16168
0.161765
0.16185
0.161936
0.162022
0.162107
0.162193
0.16228
0.162366
0.162452
0.162539
0.162626
0.162713
0.1628
0.162887
0.162975
0.163062
0.16315
0.163238
0.163326
0.163414
0.163503
0.163591
0.16368
0.163769
0.163858
0.163947
0.164036
0.164126
0.164215
0.164305
0.164395
0.164485
0.164576
0.164666
0.164757
0.164848
0.164939
0.16503
0.165121
0.165213
0.165304
0.165396
0.165488
0.16558
0.165673
0.165765
0.165858
0.165951
0.166044
0.166137
0.16623
0.166324
0.166417
0.166511
0.166605
0.166699
0.166794
0.166888
0.166983
0.167078
0.167173
0.167268
0.167363
0.167459
0.167555
0.167651
0.167747
0.167843
0.16794
0.168036
0.168133
0.16823
0.168327
0.168425
0.168522
0.16862
0.168718
0.168816
0.168914
0.169013
0.169111
0.16921
0.169309
0.169408
0.169508
0.169607
0.169707
0.169807
0.169907
0.170007
0.170108
0.170208
0.170309
0.17041
0.170511
0.170613
0.170714
0.170816
0.170918
0.17102
0.171123
0.171225
0.171328
0.171431
0.171534
0.171637
0.171741
0.171845
0.171948
0.172052
0.172157
0.172261
0.172366
0.172471
0.172576
0.172681
0.172787
0.172892
0.172998
0.173104
0.17321
0.173317
0.173424
0.17353
0.173638
0.173745
0.173852
0.17396
0.174068
0.174176
0.174284
0.174393
0.174501
0.17461
0.174719
0.174829
0.174938
0.175048
0.175158
0.175268
0.175378
0.175489
0.1756
0.175711
0.175822
0.175933
0.176045
0.176157
0.176269
0.176381
0.176494
0.176606
0.176719
0.176832
0.176946
0.177059
0.177173
0.177287
0.177401
0.177516
0.17763
0.177745
0.17786
0.177976
0.178091
0.178207
0.178323
0.178439
0.178555
0.178672
0.178789
0.178906
0.179023
0.179141
0.179259
0.179377
0.179495
0.179614
0.179732
0.179851
0.17997
0.18009
0.180209
0.180329
0.180449
0.18057
0.18069
0.180811
0.180932
0.181053
0.181175
0.181296
0.181418
0.181541
0.181663
0.181786
0.181909
0.182032
0.182155
0.182279
0.182403
0.182527
0.182651
0.182776
0.182901
0.183026
0.183151
0.183277
0.183403
0.183529
0.183655
0.183782
0.183909
0.184036
0.184163
0.184291
0.184419
0.184547
0.184675
0.184804
0.184933
0.185062
0.185191
0.185321
0.185451
0.185581
0.185712
0.185842
0.185973
0.186104
0.186236
0.186368
0.1865
0.186632
0.186764
0.186897
0.18703
0.187164
0.187297
0.187431
0.187565
0.1877
0.187834
0.187969
0.188105
0.18824
0.188376
0.188512
0.188648
0.188785
0.188922
0.189059
0.189196
0.189334
0.189472
0.18961
0.189749
0.189887
0.190027
0.190166
0.190306
0.190446
0.190586
0.190726
0.190867
0.191008
0.19115
0.191291
0.191433
0.191576
0.191718
0.191861
0.192004
0.192148
0.192291
0.192435
0.19258
0.192724
0.192869
0.193014
0.19316
0.193306
0.193452
0.193598
0.193745
0.193892
0.194039
0.194187
0.194335
0.194483
0.194632
0.194781
0.19493
0.195079
0.195229
0.195379
0.19553
0.19568
0.195831
0.195983
0.196134
0.196286
0.196439
0.196591
0.196744
0.196898
0.197051
0.197205
0.197359
0.197514
0.197669
0.197824
0.19798
0.198136
0.198292
0.198448
0.198605
0.198762
0.19892
0.199078
0.199236
0.199395
0.199554
0.199713
0.199872
0.200032
0.200192
0.200353
0.200514
0.200675
0.200837
0.200999
0.201161
0.201324
0.201487
0.20165
0.201814
0.201978
0.202142
0.202307
0.202472
0.202638
0.202804
0.20297
0.203136
0.203303
0.203471
0.203638
0.203806
0.203975
0.204143
0.204312
0.204482
0.204652
0.204822
0.204992
0.205163
0.205335
0.205506
0.205679
0.205851
0.206024
0.206197
0.206371
0.206545
0.206719
0.206894
0.207069
0.207244
0.20742
0.207596
0.207773
0.20795
0.208128
0.208305
0.208484
0.208662
0.208841
0.209021
0.209201
0.209381
0.209562
0.209743
0.209924
0.210106
0.210288
0.210471
0.210654
0.210837
0.211021
0.211205
0.21139
0.211575
0.211761
0.211947
0.212133
0.21232
0.212507
0.212695
0.212883
0.213071
0.21326
0.21345
0.213639
0.21383
0.21402
0.214211
0.214403
0.214595
0.214787
0.21498
0.215173
0.215367
0.215561
0.215756
0.215951
0.216146
0.216342
0.216539
0.216735
0.216933
0.217131
0.217329
0.217527
0.217727
0.217926
0.218126
0.218327
0.218528
0.218729
0.218931
0.219133
0.219336
0.219539
0.219743
0.219948
0.220152
0.220358
0.220563
0.220769
0.220976
0.221183
0.221391
0.221599
0.221808
0.222017
0.222226
0.222436
0.222647
0.222858
0.22307
0.223282
0.223494
0.223707
0.223921
0.224135
0.22435
0.224565
0.224781
0.224997
0.225213
0.225431
0.225648
0.225867
0.226085
0.226305
0.226524
0.226745
0.226966
0.227187
0.227409
0.227631
0.227854
0.228078
0.228302
0.228527
0.228752
0.228978
0.229204
0.229431
0.229658
0.229886
0.230114
0.230343
0.230573
0.230803
0.231034
0.231265
0.231497
0.23173
0.231963
0.232196
0.23243
0.232665
0.2329
0.233136
0.233373
0.23361
0.233847
0.234086
0.234324
0.234564
0.234804
0.235044
0.235286
0.235527
0.23577
0.236013
0.236256
0.236501
0.236746
0.236991
0.237237
0.237484
0.237731
0.237979
0.238228
0.238477
0.238727
0.238977
0.239228
0.23948
0.239732
0.239985
0.240239
0.240493
0.240748
0.241004
0.24126
0.241517
0.241775
0.242033
0.242292
0.242551
0.242811
0.243072
0.243334
0.243596
0.243859
0.244123
0.244387
0.244652
0.244918
0.245184
0.245451
0.245719
0.245987
0.246256
0.246526
0.246797
0.247068
0.24734
0.247613
0.247886
0.24816
0.248435
0.24871
0.248987
0.249264
0.249541
0.24982
0.250099
0.250379
0.25066
0.250941
0.251223
0.251506
0.25179
0.252074
0.25236
0.252646
0.252932
0.25322
0.253508
0.253797
0.254087
0.254378
0.254669
0.254961
0.255254
0.255548
0.255842
0.256138
0.256434
0.256731
0.257029
0.257327
0.257627
0.257927
0.258228
0.25853
0.258832
0.259136
0.25944
0.259746
0.260052
0.260358
0.260666
0.260975
0.261284
0.261594
0.261906
0.262218
0.26253
0.262844
0.263159
0.263474
0.263791
0.264108
0.264426
0.264745
0.265065
0.265386
0.265708
0.26603
0.266354
0.266678
0.267004
0.26733
0.267657
0.267985
0.268314
0.268644
0.268975
0.269307
0.26964
0.269974
0.270309
0.270644
0.270981
0.271319
0.271657
0.271997
0.272338
0.272679
0.273022
0.273365
0.27371
0.274055
0.274402
0.274749
0.275098
0.275447
0.275798
0.27615
0.276502
0.276856
0.277211
0.277566
0.277923
0.278281
0.27864
0.279
0.279361
0.279723
0.280086
0.28045
0.280816
0.281182
0.28155
0.281918
0.282288
0.282659
0.283031
0.283404
0.283778
0.284153
0.28453
0.284907
0.285286
0.285666
0.286047
0.286429
0.286812
0.287197
0.287582
0.287969
0.288357
0.288746
0.289137
0.289528
0.289921
0.290315
0.29071
0.291107
0.291504
0.291903
0.292303
0.292705
0.293107
0.293511
0.293916
0.294322
0.29473
0.295139
0.295549
0.29596
0.296373
0.296787
0.297203
0.297619
0.298037
0.298456
0.298877
0.299299
0.299722
0.300147
0.300573
0.301
0.301429
0.301859
0.30229
0.302723
0.303157
0.303593
0.30403
0.304468
0.304908
0.305349
0.305792
0.306236
0.306682
0.307129
0.307577
0.308027
0.308478
0.308931
0.309386
0.309841
0.310299
0.310758
0.311218
0.31168
0.312143
0.312608
0.313074
0.313542
0.314012
0.314483
0.314956
0.31543
0.315906
0.316383
0.316862
0.317343
0.317825
0.318309
0.318795
0.319282
0.319771
0.320261
0.320753
0.321247
0.321742
0.32224
0.322738
0.323239
0.323741
0.324245
0.324751
0.325258
0.325768
0.326279
0.326791
0.327306
0.327822
0.32834
0.32886
0.329382
0.329905
0.330431
0.330958
0.331487
0.332018
0.332551
0.333085
0.333622
0.33416
0.3347
0.335243
0.335787
0.336333
0.336881
0.337431
0.337983
0.338537
0.339093
0.339651
0.340211
0.340773
0.341336
0.341903
0.342471
0.343041
0.343613
0.344187
0.344763
0.345342
0.345922
0.346505
0.34709
0.347677
0.348266
0.348857
0.349451
0.350047
0.350645
0.351245
0.351847
0.352452
0.353058
0.353668
0.354279
0.354893
0.355509
0.356127
0.356748
0.357371
0.357996
0.358624
0.359254
0.359886
0.360521
0.361158
0.361798
0.36244
0.363085
0.363732
0.364382
0.365034
0.365688
0.366346
0.367005
0.367668
0.368332
0.369
0.36967
0.370343
0.371018
0.371696
0.372377
0.37306
0.373746
0.374435
0.375126
0.37582
0.376517
0.377217
0.377919
0.378625
0.379333
0.380044
0.380757
0.381474
0.382194
0.382916
0.383642
0.38437
0.385101
0.385836
0.386573
0.387313
0.388056
0.388803
0.389552
0.390305
0.39106
0.391819
0.392581
0.393346
0.394114
0.394886
0.39566
0.396438
0.397219
0.398004
0.398791
0.399582
0.400377
0.401175
0.401976
0.40278
0.403588
0.404399
0.405214
0.406033
0.406854
0.40768
0.408509
0.409341
0.410177
0.411017
0.41186
0.412707
0.413558
0.414412
0.41527
0.416132
0.416998
0.417867
0.418741
0.419618
0.420499
0.421384
0.422273
0.423166
0.424062
0.424963
0.425868
0.426777
0.42769
0.428607
0.429528
0.430454
0.431384
0.432317
0.433256
0.434198
0.435145
0.436096
0.437051
0.438011
0.438975
0.439944
0.440917
0.441895
0.442877
0.443864
0.444856
0.445852
0.446852
0.447858
0.448868
0.449883
0.450903
0.451928
0.452957
0.453992
0.455031
0.456075
0.457125
0.458179
0.459239
0.460303
0.461373
0.462448
0.463528
0.464614
0.465704
0.4668
0.467902
0.469009
0.470121
0.471239
0.472362
0.473491
0.474626
0.475766
0.476912
0.478064
0.479221
0.480384
0.481553
0.482729
0.48391
0.485097
0.48629
0.487489
0.486789
0.486079
0.485359
0.48463
0.483892
0.483144
0.482388
0.481623
0.480851
0.48007
0.479282
0.478487
0.477684
0.476875
0.476059
0.475237
0.474409
0.473575
0.472735
0.47189
0.47104
0.470184
0.469324
0.468459
0.46759
0.466717
0.465839
0.464958
0.464073
0.463185
0.462293
0.461399
0.460501
0.4596
0.458697
0.457792
0.456884
0.455973
0.455061
0.454147
0.453231
0.452313
0.451394
0.450473
0.449552
0.448629
0.447705
0.44678
0.445854
0.444928
0.444001
0.443073
0.442146
0.441218
0.440289
0.439361
0.438433
0.437505
0.436577
0.435649
0.434722
0.433795
0.432869
0.431943
0.431018
0.430093
0.42917
0.428247
0.427326
0.426405
0.425486
0.424567
0.42365
0.422734
0.42182
0.420907
0.419995
0.419085
0.418176
0.417269
0.416364
0.41546
0.414558
0.413658
0.412759
0.411863
0.410968
0.410076
0.409185
0.408296
0.40741
0.406525
0.405643
0.404762
0.403884
0.403008
0.402135
0.401263
0.400394
0.399528
0.398663
0.397801
0.396941
0.396084
0.395229
0.394377
0.393527
0.39268
0.391835
0.390993
0.390153
0.389316
0.388481
0.387649
0.386819
0.385993
0.385168
0.384347
0.383528
0.382712
0.381898
0.381087
0.380279
0.379473
0.378671
0.37787
0.377073
0.376278
0.375486
0.374697
0.373911
0.373127
0.372346
0.371568
0.370792
0.37002
0.36925
0.368482
0.367718
0.366956
0.366197
0.365441
0.364688
0.363937
0.363189
0.362444
0.361702
0.360962
0.360225
0.359491
0.35876
0.358031
0.357305
0.356582
0.355862
0.355144
0.354429
0.353717
0.353007
0.352301
0.351597
0.350895
0.350197
0.349501
0.348807
0.348117
0.347429
0.346743
0.346061
0.345381
0.344704
0.344029
0.343357
0.342687
0.342021
0.341357
0.340695
0.340036
0.33938
0.338726
0.338075
0.337426
0.33678
0.336136
0.335495
0.334857
0.334221
0.333587
0.332956
0.332328
0.331702
0.331079
0.330458
0.329839
0.329223
0.328609
0.327998
0.327389
0.326783
0.326179
0.325578
0.324978
0.324382
0.323787
0.323195
0.322606
0.322018
0.321433
0.32085
0.32027
0.319692
0.319116
0.318543
0.317972
0.317403
0.316836
0.316271
0.315709
0.315149
0.314591
0.314036
0.313482
0.312931
0.312382
0.311835
0.311291
0.310748
0.310208
0.309669
0.309133
0.308599
0.308067
0.307537
0.30701
0.306484
0.30596
0.305439
0.304919
0.304402
0.303886
0.303373
0.302861
0.302352
0.301844
0.301339
0.300835
0.300334
0.299834
0.299336
0.29884
0.298347
0.297855
0.297365
0.296876
0.29639
0.295906
0.295423
0.294943
0.294464
0.293987
0.293512
0.293038
0.292567
0.292097
0.291629
0.291163
0.290699
0.290236
0.289775
0.289316
0.288859
0.288403
0.287949
0.287497
0.287046
0.286598
0.286151
0.285705
0.285261
0.284819
0.284379
0.28394
0.283503
0.283068
0.282634
0.282201
0.281771
0.281342
0.280914
0.280488
0.280064
0.279641
0.27922
0.278801
0.278383
0.277966
0.277551
0.277138
0.276726
0.276315
0.275906
0.275499
0.275093
0.274688
0.274285
0.273884
0.273483
0.273085
0.272688
0.272292
0.271897
0.271504
0.271113
0.270723
0.270334
0.269947
0.269561
0.269176
0.268793
0.268411
0.268031
0.267651
0.267274
0.266897
0.266522
0.266148
0.265776
0.265405
0.265035
0.264666
0.264299
0.263933
0.263568
0.263205
0.262843
0.262482
0.262122
0.261764
0.261406
0.26105
0.260696
0.260342
0.25999
0.259639
0.259289
0.25894
0.258593
0.258247
0.257902
0.257558
0.257215
0.256873
0.256533
0.256194
0.255855
0.255519
0.255183
0.254848
0.254514
0.254182
0.253851
0.25352
0.253191
0.252863
0.252536
0.25221
0.251886
0.251562
0.251239
0.250918
0.250597
0.250278
0.24996
0.249642
0.249326
0.249011
0.248697
0.248383
0.248071
0.24776
0.24745
0.247141
0.246833
0.246526
0.24622
0.245915
0.24561
0.245307
0.245005
0.244704
0.244404
0.244104
0.243806
0.243509
0.243212
0.242917
0.242622
0.242329
0.242036
0.241745
0.241454
0.241164
0.240875
0.240587
0.2403
0.240014
0.239728
0.239444
0.23916
0.238878
0.238596
0.238315
0.238035
0.237756
0.237478
0.2372
0.236924
0.236648
0.236373
0.236099
0.235826
0.235554
0.235282
0.235011
0.234742
0.234473
0.234205
0.233937
0.233671
0.233405
0.23314
0.232876
0.232613
0.23235
0.232088
0.231827
0.231567
0.231308
0.231049
0.230792
0.230535
0.230278
0.230023
0.229768
0.229514
0.229261
0.229008
0.228757
0.228506
0.228256
0.228006
0.227757
0.227509
0.227262
0.227016
0.22677
0.226525
0.22628
0.226037
0.225794
0.225551
0.22531
0.225069
0.224829
0.22459
0.224351
0.224113
0.223875
0.223639
0.223403
0.223167
0.222933
0.222699
0.222466
0.222233
0.222001
0.22177
0.221539
0.221309
0.22108
0.220851
0.220623
0.220396
0.220169
0.219943
0.219718
0.219493
0.219269
0.219045
0.218822
0.2186
0.218379
0.218157
0.217937
0.217717
0.217498
0.21728
0.217062
0.216844
0.216628
0.216411
0.216196
0.215981
0.215767
0.215553
0.21534
0.215127
0.214915
0.214704
0.214493
0.214283
0.214073
0.213864
0.213656
0.213448
0.21324
0.213033
0.212827
0.212622
0.212416
0.212212
0.212008
0.211804
0.211601
0.211399
0.211197
0.210996
0.210795
0.210595
0.210396
0.210196
0.209998
0.2098
0.209602
0.209405
0.209209
0.209013
0.208817
0.208623
0.208428
0.208234
0.208041
0.207848
0.207656
0.207464
0.207273
0.207082
0.206892
0.206702
0.206513
0.206324
0.206135
0.205948
0.20576
0.205573
0.205387
0.205201
0.205016
0.204831
0.204647
0.204463
0.204279
0.204096
0.203914
0.203732
0.20355
0.203369
0.203188
0.203008
0.202829
0.202649
0.202471
0.202292
0.202114
0.201937
0.20176
0.201584
0.201408
0.201232
0.201057
0.200882
0.200708
0.200534
0.200361
0.200188
0.200015
0.199843
0.199672
0.1995
0.19933
0.199159
0.198989
0.19882
0.198651
0.198482
0.198314
0.198146
0.197979
0.197812
0.197646
0.197479
0.197314
0.197148
0.196984
0.196819
0.196655
0.196491
0.196328
0.196165
0.196003
0.195841
0.195679
0.195518
0.195357
0.195197
0.195037
0.194877
0.194718
0.194559
0.194401
0.194243
0.194085
0.193928
0.193771
0.193614
0.193458
0.193302
0.193147
0.192992
0.192837
0.192683
0.192529
0.192376
0.192222
0.19207
0.191917
0.191765
0.191614
0.191462
0.191311
0.191161
0.191011
0.190861
0.190711
0.190562
0.190413
0.190265
0.190117
0.189969
0.189822
0.189675
0.189528
0.189382
0.189236
0.18909
0.188945
0.1888
0.188656
0.188511
0.188368
0.188224
0.188081
0.187938
0.187795
0.187653
0.187511
0.18737
0.187229
0.187088
0.186947
0.186807
0.186667
0.186528
0.186389
0.18625
0.186111
0.185973
0.185835
0.185698
0.18556
0.185423
0.185287
0.18515
0.185014
0.184879
0.184743
0.184608
0.184474
0.184339
0.184205
0.184071
0.183938
0.183805
0.183672
0.183539
0.183407
0.183275
0.183143
0.183012
0.182881
0.18275
0.18262
0.18249
0.18236
0.18223
0.182101
0.181972
0.181844
0.181715
0.181587
0.181459
0.181332
0.181205
0.181078
0.180951
0.180825
0.180699
0.180573
0.180448
0.180322
0.180197
0.180073
0.179949
0.179824
0.179701
0.179577
0.179454
0.179331
0.179208
0.179086
0.178964
0.178842
0.178721
0.178599
0.178478
0.178358
0.178237
0.178117
0.177997
0.177877
0.177758
0.177639
0.17752
0.177401
0.177283
0.177165
0.177047
0.17693
0.176812
0.176695
0.176578
0.176462
0.176346
0.17623
0.176114
0.175999
0.175883
0.175768
0.175654
0.175539
0.175425
0.175311
0.175197
0.175084
0.174971
0.174858
0.174745
0.174633
0.17452
0.174409
0.174297
0.174185
0.174074
0.173963
0.173852
0.173742
0.173632
0.173522
0.173412
0.173302
0.173193
0.173084
0.172975
0.172867
0.172758
0.17265
0.172542
0.172435
0.172327
0.17222
0.172113
0.172007
0.1719
0.171794
0.171688
0.171582
0.171477
0.171371
0.171266
0.171161
0.171057
0.170952
0.170848
0.170744
0.17064
0.170537
0.170434
0.170331
0.170228
0.170125
0.170023
0.169921
0.169819
0.169717
0.169615
0.169514
0.169413
0.169312
0.169211
0.169111
0.169011
0.168911
0.168811
0.168711
0.168612
0.168513
0.168414
0.168315
0.168217
0.168118
0.16802
0.167922
0.167825
0.167727
0.16763
0.167533
0.167436
0.167339
0.167243
0.167147
0.167051
0.166955
0.166859
0.166764
0.166669
0.166574
0.166479
0.166384
0.16629
0.166195
0.166101
0.166008
0.165914
0.165821
0.165727
0.165634
0.165541
0.165449
0.165356
0.165264
0.165172
0.16508
0.164989
0.164897
0.164806
0.164715
0.164624
0.164533
0.164443
0.164352
0.164262
0.164172
0.164082
0.163993
0.163903
0.163814
0.163725
0.163636
0.163548
0.163459
0.163371
0.163283
0.163195
0.163107
0.16302
0.162932
0.162845
0.162758
0.162671
0.162585
0.162498
0.162412
0.162326
0.16224
0.162154
0.162069
0.161983
0.161898
0.161813
0.161728
0.161644
0.161559
0.161475
0.161391
0.161307
0.161223
0.161139
0.161056
0.160973
0.160889
0.160807
0.160724
0.160641
0.160559
0.160477
0.160394
0.160313
0.160231
0.160149
0.160068
0.159987
0.159906
0.159825
0.159744
0.159663
0.159583
0.159503
0.159423
0.159343
0.159263
0.159183
0.159104
0.159025
0.158946
0.158867
0.158788
0.15871
0.158631
0.158553
0.158475
0.158397
0.158319
0.158241
0.158164
0.158087
0.158009
0.157932
0.157856
0.157779
0.157702
0.157626
0.15755
0.157474
0.157398
0.157322
0.157247
0.157171
0.157096
0.157021
0.156946
0.156871
0.156796
0.156722
0.156647
0.156573
0.156499
0.156425
0.156352
0.156278
0.156205
0.156131
0.156058
0.155985
0.155912
0.15584
0.155767
0.155695
0.155622
0.15555
0.155478
0.155406
0.155335
0.155263
0.155192
0.155121
0.15505
0.154979
0.154908
0.154837
0.154767
0.154696
0.154626
0.154556
0.154486
0.154416
0.154347
0.154277
0.154208
0.154139
0.15407
0.154001
0.153932
0.153863
0.153795
0.153726
0.153658
0.15359
0.153522
0.153454
0.153387
0.153319
0.153252
0.153184
0.153117
0.15305
0.152983
0.152917
0.15285
0.152784
0.152717
0.152651
0.152585
0.152519
0.152453
0.152388
0.152322
0.152257
0.152192
0.152126
0.152061
0.151997
0.151932
0.151867
0.151803
0.151739
0.151674
0.15161
0.151546
0.151483
0.151419
0.151355
0.151292
0.151229
0.151166
0.151102
0.15104
0.150977
0.150914
0.150852
0.150789
