1.10715
1.10693
1.1067
1.10648
1.10626
1.10603
1.10581
1.10558
1.10535
1.10513
1.1049
1.10467
1.10444
1.10421
1.10397
1.10374
1.10351
1.10327
1.10304
1.1028
1.10257
1.10233
1.10209
1.10186
1.10162
1.10138
1.10114
1.1009
1.10066
1.10042
1.10017
1.09993
1.09969
1.09945
1.0992
1.09896
1.09871
1.09847
1.09822
1.09797
1.09773
1.09748
1.09723
1.09698
1.09674
1.09649
1.09624
1.09599
1.09574
1.09549
1.09524
1.09498
1.09473
1.09448
1.09423
1.09398
1.09372
1.09347
1.09321
1.09296
1.09271
1.09245
1.0922
1.09194
1.09169
1.09143
1.09117
1.09092
1.09066
1.0904
1.09015
1.08989
1.08963
1.08938
1.08912
1.08886
1.0886
1.08834
1.08808
1.08782
1.08757
1.08731
1.08705
1.08679
1.08653
1.08627
1.08601
1.08575
1.08549
1.08523
1.08496
1.0847
1.08444
1.08418
1.08392
1.08366
1.0834
1.08313
1.08287
1.08261
1.08235
1.08209
1.08182
1.08156
1.0813
1.08104
1.08077
1.08051
1.08025
1.07998
1.07972
1.07946
1.07919
1.07893
1.07867
1.0784
1.07814
1.07788
1.07761
1.07735
1.07709
1.07682
1.07656
1.07629
1.07603
1.07576
1.0755
1.07524
1.07497
1.07471
1.07444
1.07418
1.07391
1.07365
1.07338
1.07312
1.07286
1.07259
1.07233
1.07206
1.0718
1.07153
1.07127
1.071
1.07074
1.07047
1.07021
1.06994
1.06968
1.06941
1.06915
1.06888
1.06862
1.06835
1.06809
1.06782
1.06756
1.06729
1.06702
1.06676
1.06649
1.06623
1.06596
1.0657
1.06543
1.06517
1.0649
1.06464
1.06437
1.06411
1.06384
1.06358
1.06331
1.06305
1.06278
1.06252
1.06225
1.06198
1.06172
1.06145
1.06119
1.06092
1.06066
1.06039
1.06013
1.05986
1.0596
1.05933
1.05907
1.0588
1.05854
1.05827
1.05801
1.05774
1.05748
1.05721
1.05695
1.05668
1.05642
1.05615
1.05589
1.05562
1.05536
1.05509
1.05483
1.05456
1.0543
1.05403
1.05377
1.0535
1.05324
1.05297
1.05271
1.05244
1.05218
1.05191
1.05165
1.05138
1.05112
1.05085
1.05059
1.05032
1.05006
1.04979
1.04953
1.04927
1.049
1.04874
1.04847
1.04821
1.04794
1.04768
1.04741
1.04715
1.04688
1.04662
1.04636
1.04609
1.04583
1.04556
1.0453
1.04503
1.04477
1.04451
1.04424
1.04398
1.04371
1.04345
1.04319
1.04292
1.04266
1.04239
1.04213
1.04187
1.0416
1.04134
1.04107
1.04081
1.04055
1.04028
1.04002
1.03975
1.03949
1.03923
1.03896
1.0387
1.03844
1.03817
1.03791
1.03765
1.03738
1.03712
1.03685
1.03659
1.03633
1.03606
1.0358
1.03554
1.03527
1.03501
1.03475
1.03448
1.03422
1.03396
1.03369
1.03343
1.03317
1.03291
1.03264
1.03238
1.03212
1.03185
1.03159
1.03133
1.03106
1.0308
1.03054
1.03028
1.03001
1.02975
1.02949
1.02922
1.02896
1.0287
1.02844
1.02817
1.02791
1.02765
1.02739
1.02712
1.02686
1.0266
1.02634
1.02607
1.02581
1.02555
1.02529
1.02502
1.02476
1.0245
1.02424
1.02398
1.02371
1.02345
1.02319
1.02293
1.02266
1.0224
1.02214
1.02188
1.02162
1.02135
1.02109
1.02083
1.02057
1.02031
1.02004
1.01978
1.01952
1.01926
1.019
1.01874
1.01847
1.01821
1.01795
1.01769
1.01743
1.01717
1.0169
1.01664
1.01638
1.01612
1.01586
1.0156
1.01534
1.01507
1.01481
1.01455
1.01429
1.01403
1.01377
1.01351
1.01325
1.01298
1.01272
1.01246
1.0122
1.01194
1.01168
1.01142
1.01116
1.0109
1.01064
1.01037
1.01011
1.00985
1.00959
1.00933
1.00907
1.00881
1.00855
1.00829
1.00803
1.00777
1.00751
1.00725
1.00698
1.00672
1.00646
1.0062
1.00594
1.00568
1.00542
1.00516
1.0049
1.00464
1.00438
1.00412
1.00386
1.0036
1.00334
1.00308
1.00282
1.00256
1.0023
1.00204
1.00178
1.00152
1.00126
1.001
1.00074
1.00048
1.00022
0.999957
0.999697
0.999437
0.999177
0.998917
0.998657
0.998397
0.998137
0.997877
0.997617
0.997358
0.997098
0.996838
0.996578
0.996319
0.996059
0.995799
0.99554
0.99528
0.995021
0.994761
0.994501
0.994242
0.993982
0.993723
0.993463
0.993204
0.992944
0.992685
0.992426
0.992166
0.991907
0.991648
0.991388
0.991129
0.99087
0.99061
0.990351
0.990092
0.989833
0.989573
0.989314
0.989055
0.988796
0.988537
0.988278
0.988019
0.98776
0.987501
0.987242
0.986983
0.986724
0.986465
0.986206
0.985947
0.985688
0.985429
0.98517
0.984911
0.984652
0.984393
0.984135
0.983876
0.983617
0.983358
0.9831
0.982841
0.982582
0.982323
0.982065
0.981806
0.981547
0.981289
0.98103
0.980772
0.980513
0.980254
0.979996
0.979737
0.979479
0.97922
0.978962
0.978703
0.978445
0.978186
0.977928
0.97767
0.977411
0.977153
0.976894
0.976636
0.976378
0.976119
0.975861
0.975603
0.975344
0.975086
0.974828
0.97457
0.974311
0.974053
0.973795
0.973537
0.973279
0.97302
0.972762
0.972504
0.972246
0.971988
0.97173
0.971472
0.971214
0.970955
0.970697
0.970439
0.970181
0.969923
0.969665
0.969407
0.969149
0.968891
0.968633
0.968375
0.968117
0.967859
0.967601
0.967344
0.967086
0.966828
0.96657
0.966312
0.966054
0.965796
0.965538
0.96528
0.965023
0.964765
0.964507
0.964249
0.963991
0.963733
0.963476
0.963218
0.96296
0.962702
0.962445
0.962187
0.961929
0.961671
0.961414
0.961156
0.960898
0.96064
0.960383
0.960125
0.959867
0.95961
0.959352
0.959094
0.958836
0.958579
0.958321
0.958063
0.957806
0.957548
0.95729
0.957033
0.956775
0.956518
0.95626
0.956002
0.955745
0.955487
0.955229
0.954972
0.954714
0.954457
0.954199
0.953941
0.953684
0.953426
0.953168
0.952911
0.952653
0.952396
0.952138
0.95188
0.951623
0.951365
0.951108
0.95085
0.950592
0.950335
0.950077
0.949819
0.949562
0.949304
0.949047
0.948789
0.948531
0.948274
0.948016
0.947759
0.947501
0.947243
0.946986
0.946728
0.94647
0.946213
0.945955
0.945697
0.94544
0.945182
0.944924
0.944667
0.944409
0.944151
0.943894
0.943636
0.943378
0.94312
0.942863
0.942605
0.942347
0.942089
0.941832
0.941574
0.941316
0.941058
0.940801
0.940543
0.940285
0.940027
0.939769
0.939511
0.939254
0.938996
0.938738
0.93848
0.938222
0.937964
0.937706
0.937448
0.93719
0.936932
0.936674
0.936416
0.936158
0.9359
0.935642
0.935384
0.935126
0.934868
0.93461
0.934352
0.934094
0.933836
0.933578
0.933836
0.934094
0.934352
0.934609
0.934866
0.935124
0.93538
0.935637
0.935893
0.93615
0.936406
0.936662
0.936917
0.937173
0.937428
0.937683
0.937938
0.938193
0.938448
0.938702
0.938957
0.939211
0.939465
0.939719
0.939973
0.940227
0.940481
0.940734
0.940988
0.941241
0.941494
0.941748
0.942001
0.942254
0.942507
0.94276
0.943012
0.943265
0.943518
0.94377
0.944023
0.944275
0.944528
0.94478
0.945032
0.945285
0.945537
0.945789
0.946041
0.946293
0.946546
0.946798
0.94705
0.947302
0.947554
0.947806
0.948058
0.94831
0.948562
0.948814
0.949066
0.949318
0.94957
0.949821
0.950073
0.950325
0.950577
0.950829
0.951081
0.951333
0.951585
0.951837
0.952089
0.952342
0.952594
0.952846
0.953098
0.95335
0.953602
0.953855
0.954107
0.954359
0.954611
0.954864
0.955116
0.955369
0.955621
0.955874
0.956126
0.956379
0.956632
0.956884
0.957137
0.95739
0.957643
0.957896
0.958149
0.958402
0.958655
0.958908
0.959161
0.959415
0.959668
0.959921
0.960175
0.960428
0.960682
0.960936
0.961189
0.961443
0.961697
0.961951
0.962205
0.962459
0.962713
0.962967
0.963221
0.963476
0.96373
0.963985
0.964239
0.964494
0.964748
0.965003
0.965258
0.965513
0.965768
0.966023
0.966278
0.966533
0.966789
0.967044
0.9673
0.967555
0.967811
0.968067
0.968322
0.968578
0.968834
0.96909
0.969347
0.969603
0.969859
0.970115
0.970372
0.970629
0.970885
0.971142
0.971399
0.971656
0.971913
0.97217
0.972427
0.972684
0.972942
0.973199
0.973457
0.973714
0.973972
0.97423
0.974488
0.974746
0.975004
0.975262
0.97552
0.975778
0.976037
0.976295
0.976554
0.976813
0.977071
0.97733
0.977589
0.977848
0.978108
0.978367
0.978626
0.978886
0.979145
0.979405
0.979664
0.979924
0.980184
0.980444
0.980704
0.980964
0.981225
0.981485
0.981745
0.982006
0.982267
0.982527
0.982788
0.983049
0.98331
0.983571
0.983832
0.984094
0.984355
0.984617
0.984878
0.98514
0.985401
0.985663
0.985925
0.986187
0.986449
0.986712
0.986974
0.987236
0.987499
0.987761
0.988024
0.988287
0.98855
0.988813
0.989076
0.989339
0.989602
0.989865
0.990129
0.990392
0.990656
0.990919
0.991183
0.991447
0.991711
0.991975
0.992239
0.992503
0.992768
0.993032
0.993297
0.993561
0.993826
0.994091
0.994355
0.99462
0.994885
0.99515
0.995416
0.995681
0.995946
0.996212
0.996477
0.996743
0.997009
0.997275
0.997541
0.997807
0.998073
0.998339
0.998605
0.998871
0.999138
0.999404
0.999671
0.999938
1.0002
1.00047
1.00074
1.00101
1.00127
1.00154
1.00181
1.00207
1.00234
1.00261
1.00288
1.00314
1.00341
1.00368
1.00395
1.00422
1.00448
1.00475
1.00502
1.00529
1.00556
1.00583
1.0061
1.00636
1.00663
1.0069
1.00717
1.00744
1.00771
1.00798
1.00825
1.00852
1.00879
1.00906
1.00933
1.0096
1.00987
1.01014
1.01041
1.01068
1.01095
1.01122
1.01149
1.01176
1.01203
1.0123
1.01257
1.01284
1.01311
1.01338
1.01365
1.01392
1.01419
1.01447
1.01474
1.01501
1.01528
1.01555
1.01582
1.01609
1.01637
1.01664
1.01691
1.01718
1.01745
1.01773
1.018
1.01827
1.01854
1.01882
1.01909
1.01936
1.01963
1.01991
1.02018
1.02045
1.02073
1.021
1.02127
1.02154
1.02182
1.02209
1.02236
1.02264
1.02291
1.02319
1.02346
1.02373
1.02401
1.02428
1.02456
1.02483
1.0251
1.02538
1.02565
1.02593
1.0262
1.02648
1.02675
1.02703
1.0273
1.02757
1.02785
1.02812
1.0284
1.02868
1.02895
1.02923
1.0295
1.02978
1.03005
1.03033
1.0306
1.03088
1.03115
1.03143
1.03171
1.03198
1.03226
1.03253
1.03281
1.03309
1.03336
1.03364
1.03392
1.03419
1.03447
1.03475
1.03502
1.0353
1.03558
1.03585
1.03613
1.03641
1.03669
1.03696
1.03724
1.03752
1.0378
1.03807
1.03835
1.03863
1.03891
1.03918
1.03946
1.03974
1.04002
1.0403
1.04057
1.04085
1.04113
1.04141
1.04169
1.04197
1.04224
1.04252
1.0428
1.04308
1.04336
1.04364
1.04392
1.0442
1.04448
1.04475
1.04503
1.04531
1.04559
1.04587
1.04615
1.04643
1.04671
1.04699
1.04727
1.04755
1.04783
1.04811
1.04839
1.04867
1.04895
1.04923
1.04951
1.04979
1.05007
1.05035
1.05063
1.05091
1.05119
1.05147
1.05175
1.05204
1.05232
1.0526
1.05288
1.05316
1.05344
1.05372
1.054
1.05428
1.05457
1.05485
1.05513
1.05541
1.05569
1.05597
1.05625
1.05654
1.05682
1.0571
1.05738
1.05766
1.05795
1.05823
1.05851
1.05879
1.05908
1.05936
1.05964
1.05992
1.06021
1.06049
1.06077
1.06105
1.06134
1.06162
1.0619
1.06219
1.06247
1.06275
1.06304
1.06332
1.0636
1.06389
1.06417
1.06445
1.06474
1.06502
1.0653
1.06559
1.06587
1.06615
1.06644
1.06672
1.06701
1.06729
1.06757
1.06786
1.06814
1.06843
1.06871
1.069
1.06928
1.06956
1.06985
1.07013
1.07042
1.0707
1.07099
1.07127
1.07156
1.07184
1.07213
1.07241
1.0727
1.07298
1.07327
1.07355
1.07384
1.07412
1.07441
1.0747
1.07498
1.07527
1.07555
1.07584
1.07612
1.07641
1.0767
1.07698
1.07727
1.07755
1.07784
1.07813
1.07841
1.0787
1.07899
1.07927
1.07956
1.07985
1.08013
1.08042
1.08071
1.08099
1.08128
1.08157
1.08185
1.08214
1.08243
1.08271
1.083
1.08329
1.08358
1.08386
1.08415
1.08444
1.08472
1.08501
1.0853
1.08559
1.08587
1.08616
1.08645
1.08674
1.08703
1.08731
1.0876
1.08789
1.08818
1.08847
1.08875
1.08904
1.08933
1.08962
1.08991
1.0902
1.09048
1.09077
1.09106
1.09135
1.09164
1.09193
1.09222
1.09251
1.09279
1.09308
1.09337
1.09366
1.09395
1.09424
1.09453
1.09482
1.09511
1.0954
1.09569
1.09598
1.09627
1.09655
1.09684
1.09713
1.09742
1.09771
1.098
1.09829
1.09858
1.09887
1.09916
1.09945
1.09974
1.10003
1.10032
1.10061
1.1009
1.10119
1.10148
1.10178
1.10207
1.10236
1.10265
1.10294
1.10323
1.10352
1.10381
1.1041
1.10439
1.10468
1.10497
1.10526
1.10556
1.10585
1.10614
1.10643
1.10672
1.10701
1.1073
1.10759
1.10789
1.10818
1.10847
1.10876
1.10905
1.10934
1.10964
1.10993
1.11022
1.11051
1.1108
1.1111
1.11139
1.11168
1.11197
1.11226
1.11256
1.11285
1.11314
1.11343
1.11373
1.11402
1.11431
1.1146
1.1149
1.11519
1.11548
1.11577
1.11607
1.11636
1.11665
1.11694
1.11724
1.11753
1.11782
1.11812
1.11841
1.1187
1.119
1.11929
1.11958
1.11988
1.12017
1.12046
1.12076
1.12105
1.12134
1.12164
1.12193
1.12222
1.12252
1.12281
1.12311
1.1234
1.12369
1.12399
1.12428
1.12458
1.12487
1.12516
1.12546
1.12575
1.12605
1.12634
1.12664
1.12693
1.12723
1.12752
1.12781
1.12811
1.1284
1.1287
1.12899
1.12929
1.12958
1.12988
1.13017
1.13047
1.13076
1.13106
1.13135
1.13165
1.13194
1.13224
1.13253
1.13283
1.13312
1.13342
1.13371
1.13401
1.13431
1.1346
1.1349
1.13519
1.13549
1.13578
1.13608
1.13638
1.13667
1.13697
1.13726
1.13756
1.13786
1.13815
1.13845
1.13874
1.13904
1.13934
1.13963
1.13993
1.14022
1.14052
1.14082
1.14111
1.14141
1.14171
1.142
1.1423
1.1426
1.14289
1.14319
1.14349
1.14378
1.14408
1.14438
1.14468
1.14497
1.14527
1.14557
1.14586
1.14616
1.14646
1.14676
1.14705
1.14735
1.14765
1.14794
1.14824
1.14854
1.14884
1.14913
1.14943
1.14973
1.15003
1.15033
1.15062
1.15092
1.15122
1.15152
1.15181
1.15211
1.15241
1.15271
1.15301
1.15331
1.1536
1.1539
1.1542
1.1545
1.1548
1.15509
1.15539
1.15569
1.15599
1.15629
1.15659
1.15689
1.15718
1.15748
1.15778
1.15808
1.15838
1.15868
1.15898
1.15928
1.15957
1.15987
1.16017
1.16047
1.16077
1.16107
1.16137
1.16167
1.16197
1.16227
1.16257
1.16287
1.16317
1.16346
1.16376
1.16406
1.16436
1.16466
1.16496
1.16526
1.16556
1.16586
1.16616
1.16646
1.16676
1.16706
1.16736
1.16766
1.16796
1.16826
1.16856
1.16886
1.16916
1.16946
1.16976
1.17006
1.17036
1.17066
1.17096
1.17126
1.17156
1.17186
1.17216
1.17247
1.17277
1.17307
1.17337
1.17367
1.17397
1.17427
1.17457
1.17487
1.17517
1.17547
1.17577
1.17607
1.17638
1.17668
1.17698
1.17728
1.17758
1.17788
1.17818
1.17848
1.17879
1.17909
1.17939
1.17969
1.17999
1.18029
1.18059
1.1809
1.1812
1.1815
1.1818
1.1821
1.1824
1.18271
1.18301
1.18331
1.18361
1.18391
1.18421
1.18452
1.18482
1.18512
1.18542
1.18572
1.18603
1.18633
1.18663
1.18693
1.18724
1.18754
1.18784
1.18814
1.18844
1.18875
1.18905
1.18935
1.18965
1.18996
1.19026
1.19056
1.19087
1.19117
1.19147
1.19177
1.19208
1.19238
1.19268
1.19299
1.19329
1.19359
1.19389
1.1942
1.1945
1.1948
1.19511
1.19541
1.19571
1.19602
1.19632
1.19662
1.19693
1.19723
1.19753
1.19784
1.19814
1.19844
1.19875
1.19905
1.19935
1.19966
1.19996
1.20026
1.20057
1.20087
1.20118
1.20148
1.20178
1.20209
1.20239
1.2027
1.203
1.2033
1.20361
1.20391
1.20422
1.20452
1.20482
1.20513
1.20543
1.20574
1.20604
1.20634
1.20665
1.20695
1.20726
1.20756
1.20787
1.20817
1.20848
1.20878
1.20909
1.20939
1.20969
1.21
1.2103
1.21061
1.21091
1.21122
1.21152
1.21183
1.21213
1.21244
1.21274
1.21305
1.21335
1.21366
1.21396
1.21427
1.21457
1.21488
1.21518
1.21549
1.21579
1.2161
1.2164
1.21671
1.21702
1.21732
1.21763
1.21793
1.21824
1.21854
1.21885
1.21915
1.21946
1.21977
1.22007
1.22038
1.22068
1.22099
1.22129
1.2216
1.22191
1.22221
1.22252
1.22282
1.22313
1.22344
1.22374
1.22405
1.22435
1.22466
1.22497
1.22527
1.22558
1.22588
1.22619
1.2265
1.2268
1.22711
1.22742
1.22772
1.22803
1.22834
1.22864
1.22895
1.22925
1.22956
1.22987
1.23017
1.23048
1.23079
1.23109
1.2314
1.23171
1.23201
1.23232
1.23263
1.23294
1.23324
1.23355
1.23386
1.23416
1.23447
1.23478
1.23508
1.23539
1.2357
1.23601
1.23631
1.23662
1.23693
1.23723
1.23754
1.23785
1.23816
1.23846
1.23877
1.23908
1.23939
1.23969
1.24
1.24031
1.24062
1.24092
1.24123
1.24154
1.24185
1.24215
1.24246
1.24277
1.24308
1.24339
1.24369
1.244
1.24431
1.24462
1.24492
1.24523
1.24554
1.24585
1.24616
1.24646
1.24677
1.24708
1.24739
1.2477
1.248
1.24831
1.24862
1.24893
1.24924
1.24955
1.24985
1.25016
1.25047
1.25078
1.25109
1.2514
1.2517
1.25201
1.25232
1.25263
1.25294
1.25325
1.25356
1.25386
1.25417
1.25448
1.25479
1.2551
1.25541
1.25572
1.25603
1.25633
1.25664
1.25695
1.25726
1.25757
1.25788
1.25819
1.2585
1.25881
1.25912
1.25942
1.25973
1.26004
1.26035
1.26066
1.26097
1.26128
1.26159
1.2619
1.26221
1.26252
1.26283
1.26314
1.26344
1.26375
1.26406
1.26437
1.26468
1.26499
1.2653
1.26561
1.26592
1.26623
1.26654
1.26685
1.26716
1.26747
1.26778
1.26809
1.2684
1.26871
1.26902
1.26933
1.26964
1.26995
1.27026
1.27057
1.27088
1.27119
1.2715
1.27181
1.27212
1.27243
1.27274
1.27305
1.27336
1.27367
1.27398
1.27429
1.2746
1.27491
1.27522
1.27553
1.27584
1.27615
1.27646
1.27677
1.27708
1.27739
1.2777
1.27801
1.27832
1.27863
1.27894
1.27925
1.27956
1.27988
1.28019
1.2805
1.28081
1.28112
1.28143
1.28174
1.28205
1.28236
1.28267
1.28298
1.28329
1.2836
1.28391
1.28423
1.28454
1.28485
1.28516
1.28547
1.28578
1.28609
1.2864
1.28671
1.28702
1.28734
1.28765
1.28796
1.28827
1.28858
1.28889
1.2892
1.28951
1.28983
1.29014
1.29045
1.29076
1.29107
1.29138
1.29169
1.292
1.29232
1.29263
1.29294
1.29325
1.29356
1.29387
1.29418
1.2945
1.29481
1.29512
1.29543
1.29574
1.29605
1.29637
1.29668
1.29699
1.2973
1.29761
1.29792
1.29824
1.29855
1.29886
1.29917
1.29948
1.2998
1.30011
1.30042
1.30073
1.30104
1.30135
1.30167
1.30198
1.30229
1.3026
1.30291
1.30323
1.30354
1.30385
1.30416
1.30448
1.30479
1.3051
1.30541
1.30572
1.30604
1.30635
1.30666
1.30697
1.30729
1.3076
1.30791
1.30822
1.30854
1.30885
1.30916
1.30947
1.30978
1.3101
1.31041
1.31072
1.31103
1.31135
1.31166
1.31197
1.31228
1.3126
1.31291
1.31322
1.31354
1.31385
1.31416
1.31447
1.31479
1.3151
1.31541
1.31572
1.31604
1.31635
1.31666
1.31698
1.31729
1.3176
1.31791
1.31823
1.31854
1.31885
1.31917
1.31948
1.31979
1.32011
1.32042
1.32073
1.32104
1.32136
1.32167
1.32198
1.3223
1.32261
1.32292
1.32324
1.32355
1.32386
1.32418
1.32449
1.3248
1.32512
1.32543
1.32574
1.32606
1.32637
1.32668
1.327
1.32731
1.32762
1.32794
1.32825
1.32856
1.32888
1.32919
1.3295
1.32982
1.33013
1.33044
1.33076
1.33107
1.33138
1.3317
1.33201
1.33233
1.33264
1.33295
1.33327
1.33358
1.33389
1.33421
1.33452
1.33483
1.33515
1.33546
1.33578
1.33609
1.3364
1.33672
1.33703
1.33734
1.33766
1.33797
1.33829
1.3386
1.33891
1.33923
1.33954
1.33986
1.34017
1.34048
1.3408
1.34111
1.34143
1.34174
1.34205
1.34237
1.34268
1.343
1.34331
1.34362
1.34394
1.34425
1.34457
1.34488
1.3452
1.34551
1.34582
1.34614
1.34645
1.34677
1.34708
1.3474
1.34771
1.34802
1.34834
1.34865
1.34897
1.34928
1.3496
1.34991
1.35022
1.35054
1.35085
1.35117
1.35148
1.3518
1.35211
1.35243
1.35274
1.35305
1.35337
1.35368
1.354
1.35431
1.35463
1.35494
1.35526
1.35557
1.35589
1.3562
1.35652
1.35683
1.35714
1.35746
1.35777
1.35809
1.3584
1.35872
1.35903
1.35935
1.35966
1.35998
1.36029
1.36061
1.36092
1.36124
1.36155
1.36187
1.36218
1.3625
1.36281
1.36313
1.36344
1.36376
1.36407
1.36439
1.3647
1.36502
1.36533
1.36565
1.36596
1.36628
1.36659
1.36691
1.36722
1.36754
1.36785
1.36817
1.36848
1.3688
1.36911
1.36943
1.36974
1.37006
1.37037
1.37069
1.371
1.37132
1.37163
1.37195
1.37226
1.37258
1.37289
1.37321
1.37352
1.37384
1.37415
1.37447
1.37478
1.3751
1.37542
1.37573
1.37605
1.37636
1.37668
1.37699
1.37731
1.37762
1.37794
1.37825
1.37857
1.37888
1.3792
1.37951
1.37983
1.38015
1.38046
1.38078
1.38109
1.38141
1.38172
1.38204
1.38235
1.38267
1.38299
1.3833
1.38362
1.38393
1.38425
1.38456
1.38488
1.38519
1.38551
1.38583
1.38614
1.38646
1.38677
1.38709
1.3874
1.38772
1.38803
1.38835
1.38867
1.38898
1.3893
1.38961
1.38993
1.39024
1.39056
1.39088
1.39119
1.39151
1.39182
1.39214
1.39245
1.39277
1.39309
1.3934
1.39372
1.39403
1.39435
1.39467
1.39498
1.3953
1.39561
1.39593
1.39624
1.39656
1.39688
1.39719
1.39751
1.39782
1.39814
1.39846
1.39877
1.39909
1.3994
1.39972
1.40004
1.40035
1.40067
1.40098
1.4013
1.40162
1.40193
1.40225
1.40256
1.40288
1.4032
1.40351
1.40383
1.40414
1.40446
1.40478
1.40509
1.40541
1.40572
1.40604
1.40636
1.40667
1.40699
1.4073
1.40762
1.40794
1.40825
1.40857
1.40889
1.4092
1.40952
1.40983
1.41015
1.41047
1.41078
1.4111
1.41141
1.41173
1.41205
1.41236
1.41268
1.413
1.41331
1.41363
1.41394
1.41426
1.41458
1.41489
1.41521
1.41553
1.41584
1.41616
1.41647
1.41679
1.41711
1.41742
1.41774
1.41806
1.41837
1.41869
1.419
1.41932
1.41964
1.41995
1.42027
1.42059
1.4209
1.42122
1.42154
1.42185
1.42217
1.42248
1.4228
1.42312
1.42343
1.42375
1.42407
1.42438
1.4247
1.42502
1.42533
1.42565
1.42596
1.42628
1.4266
1.42691
1.42723
1.42755
1.42786
1.42818
1.4285
1.42881
1.42913
1.42944
1.42976
1.43008
1.43039
1.43071
1.43103
1.43134
1.43166
1.43198
1.43229
1.43261
1.43293
1.43324
1.43356
1.43388
1.43419
1.43451
1.43483
1.43514
1.43546
1.43577
1.43609
1.43641
1.43672
1.43704
1.43736
1.43767
1.43799
1.43831
1.43862
1.43894
1.43926
1.43957
1.43989
1.44021
1.44052
1.44084
1.44116
1.44147
1.44179
1.44211
1.44242
1.44274
1.44305
1.44337
1.44369
1.444
1.44432
1.44464
1.44495
1.44527
1.44559
1.4459
1.44622
1.44654
1.44685
1.44717
1.44749
1.4478
1.44812
1.44844
1.44875
1.44907
1.44939
1.4497
1.45002
1.45034
1.45065
1.45097
1.45129
1.4516
1.45192
1.45224
1.45255
1.45287
1.45319
1.4535
1.45382
1.45414
1.45445
1.45477
1.45509
1.4554
1.45572
1.45604
1.45635
1.45667
1.45699
1.4573
1.45762
1.45794
1.45825
1.45857
1.45889
1.4592
1.45952
1.45984
1.46015
1.46047
1.46079
1.4611
1.46142
1.46173
1.46205
1.46237
1.46268
1.463
1.46332
1.46363
1.46395
1.46427
1.46458
1.4649
1.46522
1.46553
1.46585
1.46617
1.46648
1.4668
1.46712
1.46743
1.46775
1.46807
1.46838
1.4687
1.46902
1.46933
1.46965
1.46997
1.47028
1.4706
1.47092
1.47123
1.47155
1.47187
1.47218
1.4725
1.47282
1.47313
1.47345
1.47377
1.47408
1.4744
1.47472
1.47503
1.47535
1.47567
1.47598
1.4763
1.47662
1.47693
1.47725
1.47757
1.47788
1.4782
1.47852
1.47883
1.47915
1.47947
1.47978
1.4801
1.48042
1.48073
1.48105
1.48136
1.48168
1.482
1.48231
1.48263
1.48295
1.48326
1.48358
1.4839
1.48421
1.48453
1.48485
1.48516
1.48548
1.4858
1.48611
1.48643
1.48675
1.48706
1.48738
1.4877
1.48801
1.48833
1.48865
1.48896
1.48928
1.48959
1.48991
1.49023
1.49054
1.49086
1.49118
1.49149
1.49181
1.49213
1.49244
1.49276
1.49308
1.49339
1.49371
1.49403
1.49434
1.49466
1.49498
1.49529
1.49561
1.49592
1.49624
1.49656
1.49687
1.49719
1.49751
1.49782
1.49814
1.49846
1.49877
1.49909
1.49941
1.49972
1.50004
1.50035
1.50067
1.50099
1.5013
1.50162
1.50194
1.50225
1.50257
1.50289
1.5032
1.50352
1.50383
1.50415
1.50447
1.50478
1.5051
1.50542
1.50573
1.50605
1.50636
1.50668
1.507
1.50731
1.50763
1.50795
1.50826
1.50858
1.5089
1.50921
1.50953
1.50984
1.51016
1.51048
1.51079
1.51111
1.51143
1.51174
1.51206
1.51237
1.51269
1.51301
1.51332
1.51364
1.51395
1.51427
1.51459
1.5149
1.51522
1.51554
1.51585
1.51617
1.51648
1.5168
1.51712
1.51743
1.51775
1.51806
1.51838
1.5187
1.51901
1.51933
1.51965
1.51996
1.52028
1.52059
1.52091
1.52123
1.52154
1.52186
1.52217
1.52249
1.52281
1.52312
1.52344
1.52375
1.52407
1.52439
1.5247
1.52502
1.52533
1.52565
1.52597
1.52628
1.5266
1.52691
1.52723
1.52755
1.52786
1.52818
1.52849
1.52881
1.52913
1.52944
1.52976
1.53007
1.53039
1.5307
1.53102
1.53134
1.53165
1.53197
1.53228
1.5326
1.53292
1.53323
1.53355
1.53386
1.53418
1.53449
1.53481
1.53513
1.53544
1.53576
1.53607
1.53639
1.5367
1.53702
1.53734
1.53765
1.53797
1.53828
1.5386
1.53891
1.53923
1.53955
1.53986
1.54018
1.54049
1.54081
1.54112
1.54144
1.54176
1.54207
1.54239
1.5427
1.54302
1.54333
1.54365
1.54396
1.54428
1.5446
1.54491
1.54523
1.54554
1.54586
1.54617
1.54649
1.5468
1.54712
1.54743
1.54775
1.54807
1.54838
1.5487
1.54901
1.54933
1.54964
1.54996
1.55027
1.55059
1.5509
1.55122
1.55153
1.55185
1.55217
1.55248
1.5528
1.55311
1.55343
1.55374
1.55406
1.55437
1.55469
1.555
1.55532
1.55563
1.55595
1.55626
1.55658
1.55689
1.55721
1.55752
1.55784
1.55815
1.55847
1.55878
1.5591
1.55941
1.55973
1.56004
1.56036
1.56068
1.56099
1.56131
1.56162
1.56194
1.56225
1.56257
1.56288
1.5632
1.56351
1.56382
1.56414
1.56445
1.56477
1.56508
1.5654
1.56571
1.56603
1.56634
1.56666
1.56697
1.56729
1.5676
1.56792
1.56823
1.56855
1.56886
1.56918
1.56949
1.56981
1.57012
1.57044
1.57075
1.57107
1.57138
1.5717
1.57201
1.57232
1.57264
1.57295
1.57327
1.57358
1.5739
1.57421
1.57453
1.57484
1.57516
1.57547
1.57579
1.5761
1.57641
1.57673
1.57704
1.57736
1.57767
1.57799
1.5783
1.57862
1.57893
1.57924
1.57956
1.57987
1.58019
1.5805
1.58082
1.58113
1.58145
1.58176
1.58207
1.58239
1.5827
1.58302
1.58333
1.58365
1.58396
1.58427
1.58459
1.5849
1.58522
1.58553
1.58584
1.58616
1.58647
1.58679
1.5871
1.58742
1.58773
1.58804
1.58836
1.58867
1.58899
1.5893
1.58961
1.58993
1.59024
1.59056
1.59087
1.59118
1.5915
1.59181
1.59212
1.59244
1.59275
1.59307
1.59338
1.59369
1.59401
1.59432
1.59464
1.59495
1.59526
1.59558
1.59589
1.5962
1.59652
1.59683
1.59715
1.59746
1.59777
1.59809
1.5984
1.59871
1.59903
1.59934
1.59965
1.59997
1.60028
1.6006
1.60091
1.60122
1.60154
1.60185
1.60216
1.60248
1.60279
1.6031
1.60342
1.60373
1.60404
1.60436
1.60467
1.60498
1.6053
1.60561
1.60592
1.60624
1.60655
1.60686
1.60718
1.60749
1.6078
1.60812
1.60843
1.60874
1.60906
1.60937
1.60968
1.61
1.61031
1.61062
1.61093
1.61125
1.61156
1.61187
1.61219
1.6125
1.61281
1.61313
1.61344
1.61375
1.61406
1.61438
1.61469
1.615
1.61532
1.61563
1.61594
1.61625
1.61657
1.61688
1.61719
1.61751
1.61782
1.61813
1.61844
1.61876
1.61907
1.61938
1.6197
1.62001
1.62032
1.62063
1.62095
1.62126
1.62157
1.62188
1.6222
1.62251
1.62282
1.62313
1.62345
1.62376
1.62407
1.62438
1.6247
1.62501
1.62532
1.62563
1.62595
1.62626
1.62657
1.62688
1.62719
1.62751
1.62782
1.62813
1.62844
1.62876
1.62907
1.62938
1.62969
1.63
1.63032
1.63063
1.63094
1.63125
1.63156
1.63188
1.63219
1.6325
1.63281
1.63312
1.63344
1.63375
1.63406
1.63437
1.63468
1.635
1.63531
1.63562
1.63593
1.63624
1.63656
1.63687
1.63718
1.63749
1.6378
1.63811
1.63843
1.63874
1.63905
1.63936
1.63967
1.63998
1.6403
1.64061
1.64092
1.64123
1.64154
1.64185
1.64216
1.64248
1.64279
1.6431
1.64341
1.64372
1.64403
1.64434
1.64466
1.64497
1.64528
1.64559
1.6459
1.64621
1.64652
1.64683
1.64715
1.64746
1.64777
1.64808
1.64839
1.6487
1.64901
1.64932
1.64964
1.64995
1.65026
1.65057
1.65088
1.65119
1.6515
1.65181
1.65212
1.65243
1.65274
1.65306
1.65337
1.65368
1.65399
1.6543
1.65461
1.65492
1.65523
1.65554
1.65585
1.65616
1.65647
1.65678
1.6571
1.65741
1.65772
1.65803
1.65834
1.65865
1.65896
1.65927
1.65958
1.65989
1.6602
1.66051
1.66082
1.66113
1.66144
1.66175
1.66206
1.66237
1.66268
1.66299
1.6633
1.66361
1.66392
1.66423
1.66454
1.66485
1.66516
1.66547
1.66579
1.6661
1.66641
1.66672
1.66703
1.66734
1.66765
1.66796
1.66827
1.66858
1.66889
1.66919
1.6695
1.66981
1.67012
1.67043
1.67074
1.67105
1.67136
1.67167
1.67198
1.67229
1.6726
1.67291
1.67322
1.67353
1.67384
1.67415
1.67446
1.67477
1.67508
1.67539
1.6757
1.67601
1.67632
1.67663
1.67694
1.67724
1.67755
1.67786
1.67817
1.67848
1.67879
1.6791
1.67941
1.67972
1.68003
1.68034
1.68065
1.68096
1.68126
1.68157
1.68188
1.68219
1.6825
1.68281
1.68312
1.68343
1.68374
1.68405
1.68435
1.68466
1.68497
1.68528
1.68559
1.6859
1.68621
1.68652
1.68683
1.68713
1.68744
1.68775
1.68806
1.68837
1.68868
1.68899
1.68929
1.6896
1.68991
1.69022
1.69053
1.69084
1.69115
1.69145
1.69176
1.69207
1.69238
1.69269
1.693
1.6933
1.69361
1.69392
1.69423
1.69454
1.69484
1.69515
1.69546
1.69577
1.69608
1.69639
1.69669
1.697
1.69731
1.69762
1.69793
1.69823
1.69854
1.69885
1.69916
1.69946
1.69977
1.70008
1.70039
1.7007
1.701
1.70131
1.70162
1.70193
1.70223
1.70254
1.70285
1.70316
1.70347
1.70377
1.70408
1.70439
1.7047
1.705
1.70531
1.70562
1.70592
1.70623
1.70654
1.70685
1.70715
1.70746
1.70777
1.70808
1.70838
1.70869
1.709
1.7093
1.70961
1.70992
1.71023
1.71053
1.71084
1.71115
1.71145
1.71176
1.71207
1.71237
1.71268
1.71299
1.7133
1.7136
1.71391
1.71422
1.71452
1.71483
1.71514
1.71544
1.71575
1.71606
1.71636
1.71667
1.71698
1.71728
1.71759
1.7179
1.7182
1.71851
1.71881
1.71912
1.71943
1.71973
1.72004
1.72035
1.72065
1.72096
1.72127
1.72157
1.72188
1.72218
1.72249
1.7228
1.7231
1.72341
1.72371
1.72402
1.72433
1.72463
1.72494
1.72524
1.72555
1.72586
1.72616
1.72647
1.72677
1.72708
1.72739
1.72769
1.728
1.7283
1.72861
1.72891
1.72922
1.72953
1.72983
1.73014
1.73044
1.73075
1.73105
1.73136
1.73166
1.73197
1.73227
1.73258
1.73289
1.73319
1.7335
1.7338
1.73411
1.73441
1.73472
1.73502
1.73533
1.73563
1.73594
1.73624
1.73655
1.73685
1.73716
1.73746
1.73777
1.73807
1.73838
1.73868
1.73899
1.73929
1.7396
1.7399
1.74021
1.74051
1.74082
1.74112
1.74142
1.74173
1.74203
1.74234
1.74264
1.74295
1.74325
1.74356
1.74386
1.74417
1.74447
1.74477
1.74508
1.74538
1.74569
1.74599
1.7463
1.7466
1.7469
1.74721
1.74751
1.74782
1.74812
1.74843
1.74873
1.74903
1.74934
1.74964
1.74995
1.75025
1.75055
1.75086
1.75116
1.75146
1.75177
1.75207
1.75238
1.75268
1.75298
1.75329
1.75359
1.75389
1.7542
1.7545
1.7548
1.75511
1.75541
1.75572
1.75602
1.75632
1.75663
1.75693
1.75723
1.75754
1.75784
1.75814
1.75845
1.75875
1.75905
1.75935
1.75966
1.75996
1.76026
1.76057
1.76087
1.76117
1.76148
1.76178
1.76208
1.76239
1.76269
1.76299
1.76329
1.7636
1.7639
1.7642
1.7645
1.76481
1.76511
1.76541
1.76572
1.76602
1.76632
1.76662
1.76693
1.76723
1.76753
1.76783
1.76814
1.76844
1.76874
1.76904
1.76934
1.76965
1.76995
1.77025
1.77055
1.77086
1.77116
1.77146
1.77176
1.77206
1.77237
1.77267
1.77297
1.77327
1.77357
1.77388
1.77418
1.77448
1.77478
1.77508
1.77538
1.77569
1.77599
1.77629
1.77659
1.77689
1.77719
1.7775
1.7778
1.7781
1.7784
1.7787
1.779
1.7793
1.77961
1.77991
1.78021
1.78051
1.78081
1.78111
1.78141
1.78172
1.78202
1.78232
1.78262
1.78292
1.78322
1.78352
1.78382
1.78412
1.78442
1.78473
1.78503
1.78533
1.78563
1.78593
1.78623
1.78653
1.78683
1.78713
1.78743
1.78773
1.78803
1.78833
1.78863
1.78894
1.78924
1.78954
1.78984
1.79014
1.79044
1.79074
1.79104
1.79134
1.79164
1.79194
1.79224
1.79254
1.79284
1.79314
1.79344
1.79374
1.79404
1.79434
1.79464
1.79494
1.79524
1.79554
1.79584
1.79614
1.79644
1.79674
1.79704
1.79734
1.79764
1.79794
1.79824
1.79854
1.79884
1.79914
1.79944
1.79974
1.80003
1.80033
1.80063
1.80093
1.80123
1.80153
1.80183
1.80213
1.80243
1.80273
1.80303
1.80333
1.80363
1.80393
1.80422
1.80452
1.80482
1.80512
1.80542
1.80572
1.80602
1.80632
1.80662
1.80691
1.80721
1.80751
1.80781
1.80811
1.80841
1.80871
1.80901
1.8093
1.8096
1.8099
1.8102
1.8105
1.8108
1.8111
1.81139
1.81169
1.81199
1.81229
1.81259
1.81289
1.81318
1.81348
1.81378
1.81408
1.81438
1.81467
1.81497
1.81527
1.81557
1.81587
1.81616
1.81646
1.81676
1.81706
1.81736
1.81765
1.81795
1.81825
1.81855
1.81884
1.81914
1.81944
1.81974
1.82003
1.82033
1.82063
1.82093
1.82122
1.82152
1.82182
1.82212
1.82241
1.82271
1.82301
1.82331
1.8236
1.8239
1.8242
1.82449
1.82479
1.82509
1.82538
1.82568
1.82598
1.82628
1.82657
1.82687
1.82717
1.82746
1.82776
1.82806
1.82835
1.82865
1.82895
1.82924
1.82954
1.82984
1.83013
1.83043
1.83073
1.83102
1.83132
1.83162
1.83191
1.83221
1.8325
1.8328
1.8331
1.83339
1.83369
1.83399
1.83428
1.83458
1.83487
1.83517
1.83547
1.83576
1.83606
1.83635
1.83665
1.83694
1.83724
1.83754
1.83783
1.83813
1.83842
1.83872
1.83901
1.83931
1.83961
1.8399
1.8402
1.84049
1.84079
1.84108
1.84138
1.84167
1.84197
1.84226
1.84256
1.84286
1.84315
1.84345
1.84374
1.84404
1.84433
1.84463
1.84492
1.84522
1.84551
1.84581
1.8461
1.8464
1.84669
1.84699
1.84728
1.84757
1.84787
1.84816
1.84846
1.84875
1.84905
1.84934
1.84964
1.84993
1.85023
1.85052
1.85081
1.85111
1.8514
1.8517
1.85199
1.85229
1.85258
1.85287
1.85317
1.85346
1.85376
1.85405
1.85435
1.85464
1.85493
1.85523
1.85552
1.85581
1.85611
1.8564
1.8567
1.85699
1.85728
1.85758
1.85787
1.85816
1.85846
1.85875
1.85905
1.85934
1.85963
1.85993
1.86022
1.86051
1.86081
1.8611
1.86139
1.86169
1.86198
1.86227
1.86257
1.86286
1.86315
1.86344
1.86374
1.86403
1.86432
1.86462
1.86491
1.8652
1.8655
1.86579
1.86608
1.86637
1.86667
1.86696
1.86725
1.86754
1.86784
1.86813
1.86842
1.86871
1.86901
1.8693
1.86959
1.86988
1.87018
1.87047
1.87076
1.87105
1.87135
1.87164
1.87193
1.87222
1.87251
1.87281
1.8731
1.87339
1.87368
1.87397
1.87427
1.87456
1.87485
1.87514
1.87543
1.87572
1.87602
1.87631
1.8766
1.87689
1.87718
1.87747
1.87777
1.87806
1.87835
1.87864
1.87893
1.87922
1.87951
1.87981
1.8801
1.88039
1.88068
1.88097
1.88126
1.88155
1.88184
1.88213
1.88243
1.88272
1.88301
1.8833
1.88359
1.88388
1.88417
1.88446
1.88475
1.88504
1.88533
1.88562
1.88592
1.88621
1.8865
1.88679
1.88708
1.88737
1.88766
1.88795
1.88824
1.88853
1.88882
1.88911
1.8894
1.88969
1.88998
1.89027
1.89056
1.89085
1.89114
1.89143
1.89172
1.89201
1.8923
1.89259
1.89288
1.89317
1.89346
1.89375
1.89404
1.89433
1.89462
1.89491
1.8952
1.89549
1.89578
1.89607
1.89636
1.89665
1.89693
1.89722
1.89751
1.8978
1.89809
1.89838
1.89867
1.89896
1.89925
1.89954
1.89983
1.90012
1.9004
1.90069
1.90098
1.90127
1.90156
1.90185
1.90214
1.90243
1.90272
1.903
1.90329
1.90358
1.90387
1.90416
1.90445
1.90474
1.90502
1.90531
1.9056
1.90589
1.90618
1.90647
1.90675
1.90704
1.90733
1.90762
1.90791
1.90819
1.90848
1.90877
1.90906
1.90935
1.90963
1.90992
1.91021
1.9105
1.91079
1.91107
1.91136
1.91165
1.91194
1.91222
1.91251
1.9128
1.91309
1.91337
1.91366
1.91395
1.91424
1.91452
1.91481
1.9151
1.91539
1.91567
1.91596
1.91625
1.91654
1.91682
1.91711
1.9174
1.91768
1.91797
1.91826
1.91854
1.91883
1.91912
1.9194
1.91969
1.91998
1.92027
1.92055
1.92084
1.92113
1.92141
1.9217
1.92198
1.92227
1.92256
1.92284
1.92313
1.92342
1.9237
1.92399
1.92428
1.92456
1.92485
1.92513
1.92542
1.92571
1.92599
1.92628
1.92656
1.92685
1.92714
1.92742
1.92771
1.92799
1.92828
1.92857
1.92885
1.92914
1.92942
1.92971
1.92999
1.93028
1.93056
1.93085
1.93114
1.93142
1.93171
1.93199
1.93228
1.93256
1.93285
1.93313
1.93342
1.9337
1.93399
1.93427
1.93456
1.93484
1.93513
1.93541
1.9357
1.93598
1.93627
1.93655
1.93684
1.93712
1.93741
1.93769
1.93798
1.93826
1.93855
1.93883
1.93911
1.9394
1.93968
1.93997
1.94025
1.94054
1.94082
1.94111
1.94139
1.94167
1.94196
1.94224
1.94253
1.94281
1.94309
1.94338
1.94366
1.94395
1.94423
1.94451
1.9448
1.94508
1.94537
1.94565
1.94593
1.94622
1.9465
1.94678
1.94707
1.94735
1.94763
1.94792
1.9482
1.94849
1.94877
1.94905
1.94934
1.94962
1.9499
1.95018
1.95047
1.95075
1.95103
1.95132
1.9516
1.95188
1.95217
1.95245
1.95273
1.95302
1.9533
1.95358
1.95386
1.95415
1.95443
1.95471
1.95499
1.95528
1.95556
1.95584
1.95612
1.95641
1.95669
1.95697
1.95725
1.95754
1.95782
1.9581
1.95838
1.95867
1.95895
1.95923
1.95951
1.95979
1.96008
1.96036
1.96064
1.96092
1.9612
1.96149
1.96177
1.96205
1.96233
1.96261
1.96289
1.96318
1.96346
1.96374
1.96402
1.9643
1.96458
1.96487
1.96515
1.96543
1.96571
1.96599
1.96627
1.96655
1.96683
1.96712
1.9674
1.96768
1.96796
1.96824
1.96852
1.9688
1.96908
1.96936
1.96964
1.96993
1.97021
1.97049
1.97077
1.97105
1.97133
1.97161
1.97189
1.97217
1.97245
1.97273
1.97301
1.97329
1.97357
1.97385
1.97413
1.97441
1.9747
1.97498
1.97526
1.97554
1.97582
1.9761
1.97638
1.97666
1.97694
1.97722
1.9775
1.97778
1.97806
1.97834
1.97862
1.9789
1.97918
1.97945
1.97973
1.98001
1.98029
1.98057
1.98085
1.98113
1.98141
1.98169
1.98197
1.98225
1.98253
1.98281
1.98309
1.98337
1.98365
1.98393
1.9842
1.98448
1.98476
1.98504
1.98532
1.9856
1.98588
1.98616
1.98644
1.98672
1.98699
1.98727
1.98755
1.98783
1.98811
1.98839
1.98867
1.98894
1.98922
1.9895
1.98978
1.99006
1.99034
1.99062
1.99089
1.99117
1.99145
1.99173
1.99201
1.99228
1.99256
1.99284
1.99312
1.9934
1.99368
1.99395
1.99423
1.99451
1.99479
1.99506
1.99534
1.99562
1.9959
1.99618
1.99645
1.99673
1.99701
1.99729
1.99756
1.99784
1.99812
1.9984
1.99867
1.99895
1.99923
1.99951
1.99978
2.00006
2.00034
2.00061
2.00089
2.00117
2.00145
2.00172
2.002
2.00228
2.00255
2.00283
2.00311
2.00338
2.00366
2.00394
2.00421
2.00449
2.00477
2.00504
2.00532
2.0056
2.00587
2.00615
2.00643
2.0067
2.00698
2.00726
2.00753
2.00781
2.00809
2.00836
2.00864
2.00891
2.00919
2.00947
2.00974
2.01002
2.01029
2.01057
2.01085
2.01112
2.0114
2.01167
2.01195
2.01222
2.0125
2.01278
2.01305
2.01333
2.0136
2.01388
2.01415
2.01443
2.01471
2.01498
2.01526
2.01553
2.01581
2.01608
2.01636
2.01663
2.01691
2.01718
2.01746
2.01773
2.01801
2.01828
2.01856
2.01883
2.01911
2.01938
2.01966
2.01993
2.02021
2.02048
2.02076
2.02103
2.02131
2.02158
2.02186
2.02213
2.02241
2.02268
2.02295
2.02323
2.0235
2.02378
2.02405
2.02433
2.0246
2.02487
2.02515
2.02542
2.0257
2.02597
2.02625
2.02652
2.02679
2.02707
2.02734
2.02762
2.02789
2.02816
2.02844
2.02871
2.02898
2.02926
2.02953
2.02981
2.03008
2.03035
2.03063
2.0309
2.03117
2.03145
2.03172
2.03199
2.03227
2.03254
2.03281
2.03309
2.03336
2.03363
2.03391
2.03418
2.03445
2.03473
2.035
2.03527
2.03555
2.03582
2.03609
2.03636
2.03664
2.03691
2.03718
2.03746
2.03773
2.038
2.03827
2.03855
2.03882
2.03909
2.03936
2.03964
2.03991
2.04018
2.04045
2.04073
2.041
2.04127
2.04154
2.04182
2.04209
2.04236
2.04263
2.0429
2.04318
2.04345
2.04372
2.04399
2.04426
2.04454
2.04481
2.04508
2.04535
2.04562
2.0459
2.04617
2.04644
2.04671
2.04698
2.04725
2.04753
2.0478
2.04807
2.04834
2.04861
2.04888
2.04915
2.04943
2.0497
2.04997
2.05024
2.05051
2.05078
2.05105
2.05132
2.0516
2.05187
2.05214
2.05241
2.05268
2.05295
2.05322
2.05349
2.05376
2.05403
2.0543
2.05458
2.05485
2.05512
2.05539
2.05566
2.05593
2.0562
2.05647
2.05674
2.05701
2.05728
2.05755
2.05782
2.05809
2.05836
2.05863
2.0589
2.05917
2.05944
2.05971
2.05998
2.06026
2.06053
2.0608
2.06107
2.06134
2.06161
2.06188
2.06215
2.06242
2.06268
2.06295
2.06322
2.06349
2.06376
2.06403
2.0643
2.06457
2.06484
2.06511
2.06538
2.06565
2.06592
2.06619
2.06646
2.06673
2.067
2.06727
2.06754
2.06781
2.06808
2.06835
2.06861
2.06888
2.06915
2.06942
2.06969
2.06996
2.07023
2.0705
2.07077
2.07104
2.0713
2.07157
2.07184
2.07211
2.07238
2.07265
2.07292
2.07319
2.07346
2.07372
2.07399
2.07426
2.07453
2.0748
2.07507
2.07534
2.0756
2.07587
2.07614
2.07641
2.07668
2.07695
2.07721
2.07748
2.07775
2.07802
2.07829
2.07855
2.07882
2.07909
2.07936
2.07963
2.07989
2.08016
2.08043
2.0807
2.08097
2.08123
2.0815
2.08177
2.08204
2.08231
2.08257
2.08284
2.08311
2.08338
2.08364
2.08391
2.08418
2.08445
2.08471
2.08498
2.08525
2.08552
2.08578
2.08605
2.08632
2.08659
2.08685
2.08712
2.08739
2.08765
2.08792
2.08819
2.08846
2.08872
2.08899
2.08926
2.08952
2.08979
2.09006
2.09032
2.09059
2.09086
2.09113
2.09139
2.09166
2.09193
2.09219
2.09246
2.09273
2.09299
2.09326
2.09353
2.09379
2.09406
2.09433
2.09459
2.09486
2.09512
2.09539
2.09566
2.09592
2.09619
2.09646
2.09672
2.09699
2.09726
2.09752
2.09779
2.09805
2.09832
2.09859
2.09885
2.09912
2.09938
2.09965
2.09992
2.10018
2.10045
2.10071
2.10098
2.10125
2.10151
2.10178
2.10204
2.10231
2.10257
2.10284
2.10311
2.10337
2.10364
2.1039
2.10417
2.10443
2.1047
2.10496
2.10523
2.1055
2.10576
2.10603
2.10629
2.10656
2.10682
2.10709
2.10735
2.10762
2.10788
2.10815
2.10841
2.10868
2.10894
2.10921
2.10947
2.10974
2.11
2.11027
2.11053
2.1108
2.11106
2.11133
2.11159
2.11186
2.11212
2.11239
2.11265
2.11292
2.11318
2.11345
2.11371
2.11398
2.11424
2.11451
2.11477
2.11504
2.1153
2.11557
2.11583
2.11609
2.11636
2.11662
2.11689
2.11715
2.11742
2.11768
2.11795
2.11821
2.11847
2.11874
2.119
2.11927
2.11953
2.1198
2.12006
2.12032
2.12059
2.12085
2.12112
2.12138
2.12164
2.12191
2.12217
2.12244
2.1227
2.12296
2.12323
2.12349
2.12376
2.12402
2.12428
2.12455
2.12481
2.12508
2.12534
2.1256
2.12587
2.12613
2.12639
2.12666
2.12692
2.12719
2.12745
2.12771
2.12798
2.12824
2.1285
2.12877
2.12903
2.12929
2.12956
2.12982
2.13008
2.13035
2.13061
2.13087
2.13114
2.1314
2.13167
2.13193
2.13219
2.13246
2.13272
2.13298
2.13324
2.13351
2.13377
2.13403
2.1343
2.13456
2.13482
2.13509
2.13535
2.13561
2.13588
2.13614
2.1364
2.13667
2.13693
2.13719
2.13745
2.13772
2.13798
2.13824
2.13851
2.13877
2.13903
2.1393
2.13956
2.13982
2.14008
2.14035
2.14061
2.14087
2.14113
2.1414
2.14166
2.14192
2.14219
2.14245
2.14271
2.14297
2.14324
2.1435
2.14376
2.14402
2.14429
2.14455
2.14481
2.14507
2.14534
2.1456
2.14586
2.14613
2.14639
2.14665
2.14691
2.14718
2.14744
2.1477
2.14796
2.14822
2.14849
2.14875
2.14901
2.14927
2.14954
2.1498
2.15006
2.15032
2.15059
2.15085
2.15111
2.15137
2.15164
2.1519
2.15216
2.15242
2.15268
2.15295
2.15321
2.15347
2.15373
2.154
2.15426
2.15452
2.15478
2.15504
2.15531
2.15557
2.15583
2.15609
2.15636
2.15662
2.15688
2.15714
2.1574
2.15767
2.15793
2.15819
2.15845
2.15871
2.15898
2.15924
2.1595
2.15976
2.16003
2.16029
2.16055
2.16081
2.16107
2.16134
2.1616
2.16186
2.16212
2.16238
2.16265
2.16291
2.16317
2.16343
2.16369
2.16396
2.16422
2.16448
2.16474
2.165
2.16527
2.16553
2.16579
2.16605
2.16631
2.16658
2.16684
2.1671
2.16736
2.16762
2.16789
2.16815
2.16841
2.16867
2.16893
2.1692
2.16946
2.16972
2.16998
2.17024
2.17051
2.17077
2.17103
2.17129
2.17155
2.17182
2.17208
2.17234
2.1726
2.17286
2.17313
2.17339
2.17365
2.17391
2.17417
2.17444
2.1747
2.17496
2.17522
2.17549
2.17575
2.17601
2.17627
2.17653
2.1768
2.17706
2.17732
2.17758
2.17784
2.17811
2.17837
2.17863
2.17889
2.17916
2.17942
2.17968
2.17994
2.1802
2.18047
2.18073
2.18099
2.18125
2.18152
2.18178
2.18204
2.1823
2.18257
2.18283
2.18309
2.18335
2.18361
2.18388
2.18414
2.1844
2.18414
2.18388
2.18361
2.18335
2.18309
2.18283
2.18256
2.1823
2.18204
2.18178
2.18152
2.18126
2.181
2.18074
2.18048
2.18022
2.17996
2.1797
2.17944
2.17918
2.17892
2.17866
2.1784
2.17814
2.17788
2.17762
2.17736
2.17711
2.17685
2.17659
2.17633
2.17607
2.17582
2.17556
2.1753
2.17504
2.17478
2.17453
2.17427
2.17401
2.17375
2.1735
2.17324
2.17298
2.17273
2.17247
2.17221
2.17196
2.1717
2.17144
2.17119
2.17093
2.17067
2.17041
2.17016
2.1699
2.16965
2.16939
2.16913
2.16888
2.16862
2.16836
2.16811
2.16785
2.16759
2.16734
2.16708
2.16682
2.16657
2.16631
2.16605
2.1658
2.16554
2.16528
2.16503
2.16477
2.16451
2.16426
2.164
2.16374
2.16349
2.16323
2.16297
2.16272
2.16246
2.1622
2.16195
2.16169
2.16143
2.16117
2.16092
2.16066
2.1604
2.16015
2.15989
2.15963
2.15937
2.15912
2.15886
2.1586
2.15834
2.15809
2.15783
2.15757
2.15731
2.15706
2.1568
2.15654
2.15628
2.15602
2.15577
2.15551
2.15525
2.15499
2.15473
2.15447
2.15422
2.15396
2.1537
2.15344
2.15318
2.15292
2.15266
2.1524
2.15214
2.15189
2.15163
2.15137
2.15111
2.15085
2.15059
2.15033
2.15007
2.14981
2.14955
2.14929
2.14903
2.14877
2.14851
2.14825
2.14799
2.14773
2.14747
2.14721
2.14695
2.14669
2.14643
2.14617
2.1459
2.14564
2.14538
2.14512
2.14486
2.1446
2.14434
2.14408
2.14381
2.14355
2.14329
2.14303
2.14277
2.1425
2.14224
2.14198
2.14172
2.14146
2.14119
2.14093
2.14067
2.1404
2.14014
2.13988
2.13962
2.13935
2.13909
2.13883
2.13856
2.1383
2.13804
2.13777
2.13751
2.13725
2.13698
2.13672
2.13645
2.13619
2.13592
2.13566
2.1354
2.13513
2.13487
2.1346
2.13434
2.13407
2.13381
2.13354
2.13328
2.13301
2.13275
2.13248
2.13222
2.13195
2.13169
2.13142
2.13115
2.13089
2.13062
2.13036
2.13009
2.12982
2.12956
2.12929
2.12902
2.12876
2.12849
2.12822
2.12796
2.12769
2.12742
2.12716
2.12689
2.12662
2.12635
2.12609
2.12582
2.12555
2.12528
2.12501
2.12475
2.12448
2.12421
2.12394
2.12367
2.12341
2.12314
2.12287
2.1226
2.12233
2.12206
2.12179
2.12152
2.12126
2.12099
2.12072
2.12045
2.12018
2.11991
2.11964
2.11937
2.1191
2.11883
2.11856
2.11829
2.11802
2.11775
2.11748
2.11721
2.11694
2.11667
2.1164
2.11613
2.11586
2.11559
2.11531
2.11504
2.11477
2.1145
2.11423
2.11396
2.11369
2.11342
2.11314
2.11287
2.1126
2.11233
2.11206
2.11178
2.11151
2.11124
2.11097
2.1107
2.11042
2.11015
2.10988
2.10961
2.10933
2.10906
2.10879
2.10851
2.10824
2.10797
2.1077
2.10742
2.10715
2.10687
2.1066
2.10633
2.10605
2.10578
2.10551
2.10523
2.10496
2.10468
2.10441
2.10414
2.10386
2.10359
2.10331
2.10304
2.10276
2.10249
2.10221
2.10194
2.10166
2.10139
2.10111
2.10084
2.10056
2.10029
2.10001
2.09974
2.09946
2.09919
2.09891
2.09863
2.09836
2.09808
2.09781
2.09753
2.09725
2.09698
2.0967
2.09643
2.09615
2.09587
2.0956
2.09532
2.09504
2.09477
2.09449
2.09421
2.09394
2.09366
2.09338
2.0931
2.09283
2.09255
2.09227
2.09199
2.09172
2.09144
2.09116
2.09088
2.09061
2.09033
2.09005
2.08977
2.08949
2.08921
2.08894
2.08866
2.08838
2.0881
2.08782
2.08754
2.08727
2.08699
2.08671
2.08643
2.08615
2.08587
2.08559
2.08531
2.08503
2.08475
2.08447
2.08419
2.08391
2.08364
2.08336
2.08308
2.0828
2.08252
2.08224
2.08196
2.08168
2.0814
2.08112
2.08084
2.08055
2.08027
2.07999
2.07971
2.07943
2.07915
2.07887
2.07859
2.07831
2.07803
2.07775
2.07747
2.07719
2.0769
2.07662
2.07634
2.07606
2.07578
2.0755
2.07522
2.07493
2.07465
2.07437
2.07409
2.07381
2.07352
2.07324
2.07296
2.07268
2.0724
2.07211
2.07183
2.07155
2.07127
2.07098
2.0707
2.07042
2.07013
2.06985
2.06957
2.06929
2.069
2.06872
2.06844
2.06815
2.06787
2.06759
2.0673
2.06702
2.06674
2.06645
2.06617
2.06589
2.0656
2.06532
2.06503
2.06475
2.06447
2.06418
2.0639
2.06361
2.06333
2.06305
2.06276
2.06248
2.06219
2.06191
2.06162
2.06134
2.06105
2.06077
2.06048
2.0602
2.05991
2.05963
2.05934
2.05906
2.05877
2.05849
2.0582
2.05792
2.05763
2.05735
2.05706
2.05678
2.05649
2.0562
2.05592
2.05563
2.05535
2.05506
2.05478
2.05449
2.0542
2.05392
2.05363
2.05334
2.05306
2.05277
2.05249
2.0522
2.05191
2.05163
2.05134
2.05105
2.05077
2.05048
2.05019
2.0499
2.04962
2.04933
2.04904
2.04876
2.04847
2.04818
2.04789
2.04761
2.04732
2.04703
2.04674
2.04646
2.04617
2.04588
2.04559
2.04531
2.04502
2.04473
2.04444
2.04415
2.04387
2.04358
2.04329
2.043
2.04271
2.04242
2.04214
2.04185
2.04156
2.04127
2.04098
2.04069
2.0404
2.04012
2.03983
2.03954
2.03925
2.03896
2.03867
2.03838
2.03809
2.0378
2.03751
2.03722
2.03694
2.03665
2.03636
2.03607
2.03578
2.03549
2.0352
2.03491
2.03462
2.03433
2.03404
2.03375
2.03346
2.03317
2.03288
2.03259
2.0323
2.03201
2.03172
2.03143
2.03114
2.03085
2.03056
2.03027
2.02997
2.02968
2.02939
2.0291
2.02881
2.02852
2.02823
2.02794
2.02765
2.02736
2.02707
2.02677
2.02648
2.02619
2.0259
2.02561
2.02532
2.02503
2.02473
2.02444
2.02415
2.02386
2.02357
2.02328
2.02298
2.02269
2.0224
2.02211
2.02182
2.02153
2.02123
2.02094
2.02065
2.02036
2.02006
2.01977
2.01948
2.01919
2.01889
2.0186
2.01831
2.01802
2.01772
2.01743
2.01714
2.01685
2.01655
2.01626
2.01597
2.01567
2.01538
2.01509
2.01479
2.0145
2.01421
2.01392
2.01362
2.01333
2.01304
2.01274
2.01245
2.01215
2.01186
2.01157
2.01127
2.01098
2.01069
2.01039
2.0101
2.0098
2.00951
2.00922
2.00892
2.00863
2.00833
2.00804
2.00775
2.00745
2.00716
2.00686
2.00657
2.00627
2.00598
2.00568
2.00539
2.0051
2.0048
2.00451
2.00421
2.00392
2.00362
2.00333
2.00303
2.00274
2.00244
2.00215
2.00185
2.00156
2.00126
2.00097
2.00067
2.00038
2.00008
1.99978
1.99949
1.99919
1.9989
1.9986
1.99831
1.99801
1.99772
1.99742
1.99712
1.99683
1.99653
1.99624
1.99594
1.99564
1.99535
1.99505
1.99476
1.99446
1.99416
1.99387
1.99357
1.99327
1.99298
1.99268
1.99238
1.99209
1.99179
1.99149
1.9912
1.9909
1.9906
1.99031
1.99001
1.98971
1.98942
1.98912
1.98882
1.98853
1.98823
1.98793
1.98763
1.98734
1.98704
1.98674
1.98645
1.98615
1.98585
1.98555
1.98526
1.98496
1.98466
1.98436
1.98407
1.98377
1.98347
1.98317
1.98287
1.98258
1.98228
1.98198
1.98168
1.98138
1.98109
1.98079
1.98049
1.98019
1.97989
1.9796
1.9793
1.979
1.9787
1.9784
1.9781
1.9778
1.97751
1.97721
1.97691
1.97661
1.97631
1.97601
1.97571
1.97542
1.97512
1.97482
1.97452
1.97422
1.97392
1.97362
1.97332
1.97302
1.97272
1.97242
1.97213
1.97183
1.97153
1.97123
1.97093
1.97063
1.97033
1.97003
1.96973
1.96943
1.96913
1.96883
1.96853
1.96823
1.96793
1.96763
1.96733
1.96703
1.96673
1.96643
1.96613
1.96583
1.96553
1.96523
1.96493
1.96463
1.96433
1.96403
1.96373
1.96343
1.96313
1.96283
1.96253
1.96223
1.96193
1.96163
1.96133
1.96103
1.96073
1.96043
1.96012
1.95982
1.95952
1.95922
1.95892
1.95862
1.95832
1.95802
1.95772
1.95742
1.95711
1.95681
1.95651
1.95621
1.95591
1.95561
1.95531
1.95501
1.9547
1.9544
1.9541
1.9538
1.9535
1.9532
1.9529
1.95259
1.95229
1.95199
1.95169
1.95139
1.95109
1.95078
1.95048
1.95018
1.94988
1.94958
1.94927
1.94897
1.94867
1.94837
1.94806
1.94776
1.94746
1.94716
1.94686
1.94655
1.94625
1.94595
1.94565
1.94534
1.94504
1.94474
1.94444
1.94413
1.94383
1.94353
1.94323
1.94292
1.94262
1.94232
1.94201
1.94171
1.94141
1.94111
1.9408
1.9405
1.9402
1.93989
1.93959
1.93929
1.93898
1.93868
1.93838
1.93807
1.93777
1.93747
1.93716
1.93686
1.93656
1.93625
1.93595
1.93565
1.93534
1.93504
1.93474
1.93443
1.93413
1.93382
1.93352
1.93322
1.93291
1.93261
1.93231
1.932
1.9317
1.93139
1.93109
1.93079
1.93048
1.93018
1.92987
1.92957
1.92926
1.92896
1.92866
1.92835
1.92805
1.92774
1.92744
1.92713
1.92683
1.92653
1.92622
1.92592
1.92561
1.92531
1.925
1.9247
1.92439
1.92409
1.92378
1.92348
1.92317
1.92287
1.92256
1.92226
1.92195
1.92165
1.92134
1.92104
1.92073
1.92043
1.92012
1.91982
1.91951
1.91921
1.9189
1.9186
1.91829
1.91799
1.91768
1.91738
1.91707
1.91676
1.91646
1.91615
1.91585
1.91554
1.91524
1.91493
1.91463
1.91432
1.91401
1.91371
1.9134
1.9131
1.91279
1.91249
1.91218
1.91187
1.91157
1.91126
1.91096
1.91065
1.91034
1.91004
1.90973
1.90942
1.90912
1.90881
1.90851
1.9082
1.90789
1.90759
1.90728
1.90697
1.90667
1.90636
1.90605
1.90575
1.90544
1.90514
1.90483
1.90452
1.90422
1.90391
1.9036
1.9033
1.90299
1.90268
1.90237
1.90207
1.90176
1.90145
1.90115
1.90084
1.90053
1.90023
1.89992
1.89961
1.8993
1.899
1.89869
1.89838
1.89808
1.89777
1.89746
1.89715
1.89685
1.89654
1.89623
1.89592
1.89562
1.89531
1.895
1.89469
1.89439
1.89408
1.89377
1.89346
1.89316
1.89285
1.89254
1.89223
1.89193
1.89162
1.89131
1.891
1.89069
1.89039
1.89008
1.88977
1.88946
1.88916
1.88885
1.88854
1.88823
1.88792
1.88761
1.88731
1.887
1.88669
1.88638
1.88607
1.88577
1.88546
1.88515
1.88484
1.88453
1.88422
1.88392
1.88361
1.8833
1.88299
1.88268
1.88237
1.88206
1.88176
1.88145
1.88114
1.88083
1.88052
1.88021
1.8799
1.8796
1.87929
1.87898
1.87867
1.87836
1.87805
1.87774
1.87743
1.87712
1.87682
1.87651
1.8762
1.87589
1.87558
1.87527
1.87496
1.87465
1.87434
1.87403
1.87372
1.87341
1.87311
1.8728
1.87249
1.87218
1.87187
1.87156
1.87125
1.87094
1.87063
1.87032
1.87001
1.8697
1.86939
1.86908
1.86877
1.86846
1.86815
1.86784
1.86753
1.86723
1.86692
1.86661
1.8663
1.86599
1.86568
1.86537
1.86506
1.86475
1.86444
1.86413
1.86382
1.86351
1.8632
1.86289
1.86258
1.86227
1.86196
1.86165
1.86134
1.86103
1.86072
1.86041
1.8601
1.85979
1.85947
1.85916
1.85885
1.85854
1.85823
1.85792
1.85761
1.8573
1.85699
1.85668
1.85637
1.85606
1.85575
1.85544
1.85513
1.85482
1.85451
1.8542
1.85389
1.85358
1.85326
1.85295
1.85264
1.85233
1.85202
1.85171
1.8514
1.85109
1.85078
1.85047
1.85016
1.84985
1.84953
1.84922
1.84891
1.8486
1.84829
1.84798
1.84767
1.84736
1.84705
1.84674
1.84642
1.84611
1.8458
1.84549
1.84518
1.84487
1.84456
1.84425
1.84393
1.84362
1.84331
1.843
1.84269
1.84238
1.84207
1.84175
1.84144
1.84113
1.84082
1.84051
1.8402
1.83989
1.83957
1.83926
1.83895
1.83864
1.83833
1.83802
1.8377
1.83739
1.83708
1.83677
1.83646
1.83615
1.83583
1.83552
1.83521
1.8349
1.83459
1.83427
1.83396
1.83365
1.83334
1.83303
1.83271
1.8324
1.83209
1.83178
1.83147
1.83115
1.83084
1.83053
1.83022
1.82991
1.82959
1.82928
1.82897
1.82866
1.82834
1.82803
1.82772
1.82741
1.82709
1.82678
1.82647
1.82616
1.82585
1.82553
1.82522
1.82491
1.8246
1.82428
1.82397
1.82366
1.82335
1.82303
1.82272
1.82241
1.8221
1.82178
1.82147
1.82116
1.82084
1.82053
1.82022
1.81991
1.81959
1.81928
1.81897
1.81866
1.81834
1.81803
1.81772
1.8174
1.81709
1.81678
1.81647
1.81615
1.81584
1.81553
1.81521
1.8149
1.81459
1.81427
1.81396
1.81365
1.81334
1.81302
1.81271
1.8124
1.81208
1.81177
1.81146
1.81114
1.81083
1.81052
1.8102
1.80989
1.80958
1.80926
1.80895
1.80864
1.80832
1.80801
1.8077
1.80738
1.80707
1.80676
1.80644
1.80613
1.80582
1.8055
1.80519
1.80488
1.80456
1.80425
1.80394
1.80362
1.80331
1.803
1.80268
1.80237
1.80205
1.80174
1.80143
1.80111
1.8008
1.80049
1.80017
1.79986
1.79954
1.79923
1.79892
1.7986
1.79829
1.79798
1.79766
1.79735
1.79703
1.79672
1.79641
1.79609
1.79578
1.79547
1.79515
1.79484
1.79452
1.79421
1.7939
1.79358
1.79327
1.79295
1.79264
1.79233
1.79201
1.7917
1.79138
1.79107
1.79075
1.79044
1.79013
1.78981
1.7895
1.78918
1.78887
1.78856
1.78824
1.78793
1.78761
1.7873
1.78698
1.78667
1.78636
1.78604
1.78573
1.78541
1.7851
1.78478
1.78447
1.78416
1.78384
1.78353
1.78321
1.7829
1.78258
1.78227
1.78195
1.78164
1.78133
1.78101
1.7807
1.78038
1.78007
1.77975
1.77944
1.77912
1.77881
1.77849
1.77818
1.77786
1.77755
1.77724
1.77692
1.77661
1.77629
1.77598
1.77566
1.77535
1.77503
1.77472
1.7744
1.77409
1.77377
1.77346
1.77314
1.77283
1.77251
1.7722
1.77188
1.77157
1.77125
1.77094
1.77063
1.77031
1.77
1.76968
1.76937
1.76905
1.76874
1.76842
1.76811
1.76779
1.76748
1.76716
1.76685
1.76653
1.76622
1.7659
1.76559
1.76527
1.76496
1.76464
1.76433
1.76401
1.76369
1.76338
1.76306
1.76275
1.76243
1.76212
1.7618
1.76149
1.76117
1.76086
1.76054
1.76023
1.75991
1.7596
1.75928
1.75897
1.75865
1.75834
1.75802
1.75771
1.75739
1.75708
1.75676
1.75644
1.75613
1.75581
1.7555
1.75518
1.75487
1.75455
1.75424
1.75392
1.75361
1.75329
1.75298
1.75266
1.75234
1.75203
1.75171
1.7514
1.75108
1.75077
1.75045
1.75014
1.74982
1.7495
1.74919
1.74887
1.74856
1.74824
1.74793
1.74761
1.7473
1.74698
1.74666
1.74635
1.74603
1.74572
1.7454
1.74509
1.74477
1.74446
1.74414
1.74382
1.74351
1.74319
1.74288
1.74256
1.74225
1.74193
1.74161
1.7413
1.74098
1.74067
1.74035
1.74004
1.73972
1.7394
1.73909
1.73877
1.73846
1.73814
1.73782
1.73751
1.73719
1.73688
1.73656
1.73625
1.73593
1.73561
1.7353
1.73498
1.73467
1.73435
1.73403
1.73372
1.7334
1.73309
1.73277
1.73245
1.73214
1.73182
1.73151
1.73119
1.73088
1.73056
1.73024
1.72993
1.72961
1.7293
1.72898
1.72866
1.72835
1.72803
1.72772
1.7274
1.72708
1.72677
1.72645
1.72614
1.72582
1.7255
1.72519
1.72487
1.72455
1.72424
1.72392
1.72361
1.72329
1.72297
1.72266
1.72234
1.72203
1.72171
1.72139
1.72108
1.72076
1.72045
1.72013
1.71981
1.7195
1.71918
1.71886
1.71855
1.71823
1.71792
1.7176
1.71728
1.71697
1.71665
1.71634
1.71602
1.7157
1.71539
1.71507
1.71475
1.71444
1.71412
1.71381
1.71349
1.71317
1.71286
1.71254
1.71222
1.71191
1.71159
1.71128
1.71096
1.71064
1.71033
1.71001
1.70969
1.70938
1.70906
1.70874
1.70843
1.70811
1.7078
1.70748
1.70716
1.70685
1.70653
1.70621
1.7059
1.70558
1.70527
1.70495
1.70463
1.70432
1.704
1.70368
1.70337
1.70305
1.70273
1.70242
1.7021
1.70179
1.70147
1.70115
1.70084
1.70052
1.7002
1.69989
1.69957
1.69925
1.69894
1.69862
1.69831
1.69799
1.69767
1.69736
1.69704
1.69672
1.69641
1.69609
1.69577
1.69546
1.69514
1.69482
1.69451
1.69419
1.69388
1.69356
1.69324
1.69293
1.69261
1.69229
1.69198
1.69166
1.69134
1.69103
1.69071
1.69039
1.69008
1.68976
1.68944
1.68913
1.68881
1.6885
1.68818
1.68786
1.68755
1.68723
1.68691
1.6866
1.68628
1.68596
1.68565
1.68533
1.68501
1.6847
1.68438
1.68406
1.68375
1.68343
1.68312
1.6828
1.68248
1.68217
1.68185
1.68153
1.68122
1.6809
1.68058
1.68027
1.67995
1.67963
1.67932
1.679
1.67868
1.67837
1.67805
1.67774
1.67742
1.6771
1.67679
1.67647
1.67615
1.67584
1.67552
1.6752
1.67489
1.67457
1.67425
1.67394
1.67362
1.6733
1.67299
1.67267
1.67235
1.67204
1.67172
1.67141
1.67109
1.67077
1.67046
1.67014
1.66982
1.66951
1.66919
1.66887
1.66856
1.66824
1.66792
1.66761
1.66729
1.66697
1.66666
1.66634
1.66603
1.66571
1.66539
1.66508
1.66476
1.66444
1.66413
1.66381
1.66349
1.66318
1.66286
1.66254
1.66223
1.66191
1.66159
1.66128
1.66096
1.66065
1.66033
1.66001
1.6597
1.65938
1.65906
1.65875
1.65843
1.65811
1.6578
1.65748
1.65716
1.65685
1.65653
1.65621
1.6559
1.65558
1.65527
1.65495
1.65463
1.65432
1.654
1.65368
1.65337
1.65305
1.65273
1.65242
1.6521
1.65179
1.65147
1.65115
1.65084
1.65052
1.6502
1.64989
1.64957
1.64925
1.64894
1.64862
1.6483
1.64799
1.64767
1.64736
1.64704
1.64672
1.64641
1.64609
1.64577
1.64546
1.64514
1.64482
1.64451
1.64419
1.64388
1.64356
1.64324
1.64293
1.64261
1.64229
1.64198
1.64166
1.64135
1.64103
1.64071
1.6404
1.64008
1.63976
1.63945
1.63913
1.63882
1.6385
1.63818
1.63787
1.63755
1.63723
1.63692
1.6366
1.63629
1.63597
1.63565
1.63534
1.63502
1.6347
1.63439
1.63407
1.63376
1.63344
1.63312
1.63281
1.63249
1.63217
1.63186
1.63154
1.63123
1.63091
1.63059
1.63028
1.62996
1.62965
1.62933
1.62901
1.6287
1.62838
1.62806
1.62775
1.62743
1.62712
1.6268
1.62648
1.62617
1.62585
1.62554
1.62522
1.6249
1.62459
1.62427
1.62396
1.62364
1.62332
1.62301
1.62269
1.62238
1.62206
1.62174
1.62143
1.62111
1.6208
1.62048
1.62016
1.61985
1.61953
1.61922
1.6189
1.61858
1.61827
1.61795
1.61764
1.61732
1.617
1.61669
1.61637
1.61606
1.61574
1.61542
1.61511
1.61479
1.61448
1.61416
1.61384
1.61353
1.61321
1.6129
1.61258
1.61227
1.61195
1.61163
1.61132
1.611
1.61069
1.61037
1.61005
1.60974
1.60942
1.60911
1.60879
1.60848
1.60816
1.60784
1.60753
1.60721
1.6069
1.60658
1.60627
1.60595
1.60563
1.60532
1.605
1.60469
1.60437
1.60406
1.60374
1.60342
1.60311
1.60279
1.60248
1.60216
1.60185
1.60153
1.60122
1.6009
1.60058
1.60027
1.59995
1.59964
1.59932
1.59901
1.59869
1.59838
1.59806
1.59774
1.59743
1.59711
1.5968
1.59648
1.59617
1.59585
1.59554
1.59522
1.59491
1.59459
1.59427
1.59396
1.59364
1.59333
1.59301
1.5927
1.59238
1.59207
1.59175
1.59144
1.59112
1.59081
1.59049
1.59018
1.58986
1.58954
1.58923
1.58891
1.5886
1.58828
1.58797
1.58765
1.58734
1.58702
1.58671
1.58639
1.58608
1.58576
1.58545
1.58513
1.58482
1.5845
1.58419
1.58387
1.58356
1.58324
1.58293
1.58261
1.5823
1.58198
1.58167
1.58135
1.58104
1.58072
1.58041
1.58009
1.57978
1.57946
1.57915
1.57883
1.57852
1.5782
1.57789
1.57757
1.57726
1.57694
1.57663
1.57631
1.576
1.57568
1.57537
1.57505
1.57474
1.57442
1.57411
1.57379
1.57348
1.57316
1.57285
1.57253
1.57222
1.5719
1.57159
1.57127
1.57096
1.57065
1.57033
1.57002
1.5697
1.56939
1.56907
1.56876
1.56844
1.56813
1.56781
1.5675
1.56718
1.56687
1.56656
1.56624
1.56593
1.56561
1.5653
1.56498
1.56467
1.56435
1.56404
1.56372
1.56341
1.5631
1.56278
1.56247
1.56215
1.56184
1.56152
1.56121
1.5609
1.56058
1.56027
1.55995
1.55964
1.55932
1.55901
1.5587
1.55838
1.55807
1.55775
1.55744
1.55712
1.55681
1.5565
1.55618
1.55587
1.55555
1.55524
1.55492
1.55461
1.5543
1.55398
1.55367
1.55335
1.55304
1.55273
1.55241
1.5521
1.55178
1.55147
1.55116
1.55084
1.55053
1.55021
1.5499
1.54959
1.54927
1.54896
1.54864
1.54833
1.54802
1.5477
1.54739
1.54708
1.54676
1.54645
1.54613
1.54582
1.54551
1.54519
1.54488
1.54457
1.54425
1.54394
1.54362
1.54331
1.543
1.54268
1.54237
1.54206
1.54174
1.54143
1.54112
1.5408
1.54049
1.54017
1.53986
1.53955
1.53923
1.53892
1.53861
1.53829
1.53798
1.53767
1.53735
1.53704
1.53673
1.53641
1.5361
1.53579
1.53547
1.53516
1.53485
1.53453
1.53422
1.53391
1.53359
1.53328
1.53297
1.53265
1.53234
1.53203
1.53171
1.5314
1.53109
1.53078
1.53046
1.53015
1.52984
1.52952
1.52921
1.5289
1.52858
1.52827
1.52796
1.52764
1.52733
1.52702
1.52671
1.52639
1.52608
1.52577
1.52545
1.52514
1.52483
1.52452
1.5242
1.52389
1.52358
1.52326
1.52295
1.52264
1.52233
1.52201
1.5217
1.52139
1.52108
1.52076
1.52045
1.52014
1.51983
1.51951
1.5192
1.51889
1.51858
1.51826
1.51795
1.51764
1.51733
1.51701
1.5167
1.51639
1.51608
1.51576
1.51545
1.51514
1.51483
1.51451
1.5142
1.51389
1.51358
1.51326
1.51295
1.51264
1.51233
1.51202
1.5117
1.51139
1.51108
1.51077
1.51045
1.51014
1.50983
1.50952
1.50921
1.50889
1.50858
1.50827
1.50796
1.50765
1.50733
1.50702
1.50671
1.5064
1.50609
1.50577
1.50546
1.50515
1.50484
1.50453
1.50422
1.5039
1.50359
1.50328
1.50297
1.50266
1.50235
1.50203
1.50172
1.50141
1.5011
1.50079
1.50048
1.50016
1.49985
1.49954
1.49923
1.49892
1.49861
1.49829
1.49798
1.49767
1.49736
1.49705
1.49674
1.49643
1.49611
1.4958
1.49549
1.49518
1.49487
1.49456
1.49425
1.49394
1.49362
1.49331
1.493
1.49269
1.49238
1.49207
1.49176
1.49145
1.49114
1.49082
1.49051
1.4902
1.48989
1.48958
1.48927
1.48896
1.48865
1.48834
1.48803
1.48771
1.4874
1.48709
1.48678
1.48647
1.48616
1.48585
1.48554
1.48523
1.48492
1.48461
1.4843
1.48399
1.48367
1.48336
1.48305
1.48274
1.48243
1.48212
1.48181
1.4815
1.48119
1.48088
1.48057
1.48026
1.47995
1.47964
1.47933
1.47902
1.47871
1.4784
1.47809
1.47778
1.47747
1.47716
1.47684
1.47653
1.47622
1.47591
1.4756
1.47529
1.47498
1.47467
1.47436
1.47405
1.47374
1.47343
1.47312
1.47281
1.4725
1.47219
1.47188
1.47157
1.47126
1.47095
1.47064
1.47033
1.47002
1.46971
1.4694
1.46909
1.46879
1.46848
1.46817
1.46786
1.46755
1.46724
1.46693
1.46662
1.46631
1.466
1.46569
1.46538
1.46507
1.46476
1.46445
1.46414
1.46383
1.46352
1.46321
1.4629
1.46259
1.46229
1.46198
1.46167
1.46136
1.46105
1.46074
1.46043
1.46012
1.45981
1.4595
1.45919
1.45888
1.45857
1.45827
1.45796
1.45765
1.45734
1.45703
1.45672
1.45641
1.4561
1.45579
1.45548
1.45518
1.45487
1.45456
1.45425
1.45394
1.45363
1.45332
1.45301
1.45271
1.4524
1.45209
1.45178
1.45147
1.45116
1.45085
1.45055
1.45024
1.44993
1.44962
1.44931
1.449
1.44869
1.44839
1.44808
1.44777
1.44746
1.44715
1.44684
1.44654
1.44623
1.44592
1.44561
1.4453
1.445
1.44469
1.44438
1.44407
1.44376
1.44345
1.44315
1.44284
1.44253
1.44222
1.44191
1.44161
1.4413
1.44099
1.44068
1.44037
1.44007
1.43976
1.43945
1.43914
1.43884
1.43853
1.43822
1.43791
1.43761
1.4373
1.43699
1.43668
1.43637
1.43607
1.43576
1.43545
1.43514
1.43484
1.43453
1.43422
1.43391
1.43361
1.4333
1.43299
1.43269
1.43238
1.43207
1.43176
1.43146
1.43115
1.43084
1.43054
1.43023
1.42992
1.42961
1.42931
1.429
1.42869
1.42839
1.42808
1.42777
1.42746
1.42716
1.42685
1.42654
1.42624
1.42593
1.42562
1.42532
1.42501
1.4247
1.4244
1.42409
1.42378
1.42348
1.42317
1.42286
1.42256
1.42225
1.42194
1.42164
1.42133
1.42102
1.42072
1.42041
1.42011
1.4198
1.41949
1.41919
1.41888
1.41857
1.41827
1.41796
1.41766
1.41735
1.41704
1.41674
1.41643
1.41612
1.41582
1.41551
1.41521
1.4149
1.41459
1.41429
1.41398
1.41368
1.41337
1.41307
1.41276
1.41245
1.41215
1.41184
1.41154
1.41123
1.41092
1.41062
1.41031
1.41001
1.4097
1.4094
1.40909
1.40879
1.40848
1.40817
1.40787
1.40756
1.40726
1.40695
1.40665
1.40634
1.40604
1.40573
1.40543
1.40512
1.40482
1.40451
1.40421
1.4039
1.4036
1.40329
1.40299
1.40268
1.40238
1.40207
1.40177
1.40146
1.40116
1.40085
1.40055
1.40024
1.39994
1.39963
1.39933
1.39902
1.39872
1.39841
1.39811
1.3978
1.3975
1.39719
1.39689
1.39659
1.39628
1.39598
1.39567
1.39537
1.39506
1.39476
1.39445
1.39415
1.39385
1.39354
1.39324
1.39293
1.39263
1.39232
1.39202
1.39172
1.39141
1.39111
1.3908
1.3905
1.3902
1.38989
1.38959
1.38928
1.38898
1.38868
1.38837
1.38807
1.38776
1.38746
1.38716
1.38685
1.38655
1.38625
1.38594
1.38564
1.38533
1.38503
1.38473
1.38442
1.38412
1.38382
1.38351
1.38321
1.38291
1.3826
1.3823
1.382
1.38169
1.38139
1.38109
1.38078
1.38048
1.38018
1.37987
1.37957
1.37927
1.37896
1.37866
1.37836
1.37806
1.37775
1.37745
1.37715
1.37684
1.37654
1.37624
1.37594
1.37563
1.37533
1.37503
1.37472
1.37442
1.37412
1.37382
1.37351
1.37321
1.37291
1.37261
1.3723
1.372
1.3717
1.3714
1.37109
1.37079
1.37049
1.37019
1.36988
1.36958
1.36928
1.36898
1.36868
1.36837
1.36807
1.36777
1.36747
1.36717
1.36686
1.36656
1.36626
1.36596
1.36566
1.36535
1.36505
1.36475
1.36445
1.36415
1.36384
1.36354
1.36324
1.36294
1.36264
1.36234
1.36203
1.36173
1.36143
1.36113
1.36083
1.36053
1.36023
1.35992
1.35962
1.35932
1.35902
1.35872
1.35842
1.35812
1.35781
1.35751
1.35721
1.35691
1.35661
1.35631
1.35601
1.35571
1.35541
1.3551
1.3548
1.3545
1.3542
1.3539
1.3536
1.3533
1.353
1.3527
1.3524
1.3521
1.3518
1.3515
1.35119
1.35089
1.35059
1.35029
1.34999
1.34969
1.34939
1.34909
1.34879
1.34849
1.34819
1.34789
1.34759
1.34729
1.34699
1.34669
1.34639
1.34609
1.34579
1.34549
1.34519
1.34489
1.34459
1.34429
1.34399
1.34369
1.34339
1.34309
1.34279
1.34249
1.34219
1.34189
1.34159
1.34129
1.34099
1.34069
1.34039
1.34009
1.33979
1.33949
1.33919
1.33889
1.33859
1.33829
1.33799
1.3377
1.3374
1.3371
1.3368
1.3365
1.3362
1.3359
1.3356
1.3353
1.335
1.3347
1.3344
1.3341
1.33381
1.33351
1.33321
1.33291
1.33261
1.33231
1.33201
1.33171
1.33141
1.33112
1.33082
1.33052
1.33022
1.32992
1.32962
1.32932
1.32903
1.32873
1.32843
1.32813
1.32783
1.32753
1.32723
1.32694
1.32664
1.32634
1.32604
1.32574
1.32545
1.32515
1.32485
1.32455
1.32425
1.32395
1.32366
1.32336
1.32306
1.32276
1.32246
1.32217
1.32187
1.32157
1.32127
1.32098
1.32068
1.32038
1.32008
1.31978
1.31949
1.31919
1.31889
1.31859
1.3183
1.318
1.3177
1.3174
1.31711
1.31681
1.31651
1.31622
1.31592
1.31562
1.31532
1.31503
1.31473
1.31443
1.31413
1.31384
1.31354
1.31324
1.31295
1.31265
1.31235
1.31206
1.31176
1.31146
1.31117
1.31087
1.31057
1.31028
1.30998
1.30968
1.30939
1.30909
1.30879
1.3085
1.3082
1.3079
1.30761
1.30731
1.30701
1.30672
1.30642
1.30612
1.30583
1.30553
1.30524
1.30494
1.30464
1.30435
1.30405
1.30375
1.30346
1.30316
1.30287
1.30257
1.30228
1.30198
1.30168
1.30139
1.30109
1.3008
1.3005
1.3002
1.29991
1.29961
1.29932
1.29902
1.29873
1.29843
1.29814
1.29784
1.29754
1.29725
1.29695
1.29666
1.29636
1.29607
1.29577
1.29548
1.29518
1.29489
1.29459
1.2943
1.294
1.29371
1.29341
1.29312
1.29282
1.29253
1.29223
1.29194
1.29164
1.29135
1.29105
1.29076
1.29046
1.29017
1.28987
1.28958
1.28928
1.28899
1.2887
1.2884
1.28811
1.28781
1.28752
1.28722
1.28693
1.28663
1.28634
1.28605
1.28575
1.28546
1.28516
1.28487
1.28458
1.28428
1.28399
1.28369
1.2834
1.28311
1.28281
1.28252
1.28222
1.28193
1.28164
1.28134
1.28105
1.28075
1.28046
1.28017
1.27987
1.27958
1.27929
1.27899
1.2787
1.27841
1.27811
1.27782
1.27753
1.27723
1.27694
1.27665
1.27635
1.27606
1.27577
1.27547
1.27518
1.27489
1.27459
1.2743
1.27401
1.27371
1.27342
1.27313
1.27284
1.27254
1.27225
1.27196
1.27167
1.27137
1.27108
1.27079
1.27049
1.2702
1.26991
1.26962
1.26932
1.26903
1.26874
1.26845
1.26815
1.26786
1.26757
1.26728
1.26699
1.26669
1.2664
1.26611
1.26582
1.26552
1.26523
1.26494
1.26465
1.26436
1.26406
1.26377
1.26348
1.26319
1.2629
1.26261
1.26231
1.26202
1.26173
1.26144
1.26115
1.26086
1.26056
1.26027
1.25998
1.25969
1.2594
1.25911
1.25882
1.25852
1.25823
1.25794
1.25765
1.25736
1.25707
1.25678
1.25649
1.25619
1.2559
1.25561
1.25532
1.25503
1.25474
1.25445
1.25416
1.25387
1.25358
1.25329
1.25299
1.2527
1.25241
1.25212
1.25183
1.25154
1.25125
1.25096
1.25067
1.25038
1.25009
1.2498
1.24951
1.24922
1.24893
1.24864
1.24835
1.24806
1.24777
1.24748
1.24719
1.2469
1.24661
1.24632
1.24603
1.24574
1.24545
1.24516
1.24487
1.24458
1.24429
1.244
1.24371
1.24342
1.24313
1.24284
1.24255
1.24226
1.24197
1.24168
1.24139
1.2411
1.24081
1.24052
1.24023
1.23994
1.23965
1.23937
1.23908
1.23879
1.2385
1.23821
1.23792
1.23763
1.23734
1.23705
1.23676
1.23647
1.23619
1.2359
1.23561
1.23532
1.23503
1.23474
1.23445
1.23416
1.23388
1.23359
1.2333
1.23301
1.23272
1.23243
1.23214
1.23186
1.23157
1.23128
1.23099
1.2307
1.23041
1.23013
1.22984
1.22955
1.22926
1.22897
1.22869
1.2284
1.22811
1.22782
1.22753
1.22725
1.22696
1.22667
1.22638
1.22609
1.22581
1.22552
1.22523
1.22494
1.22466
1.22437
1.22408
1.22379
1.22351
1.22322
1.22293
1.22264
1.22236
1.22207
1.22178
1.2215
1.22121
1.22092
1.22063
1.22035
1.22006
1.21977
1.21949
1.2192
1.21891
1.21862
1.21834
1.21805
1.21776
1.21748
1.21719
1.2169
1.21662
1.21633
1.21604
1.21576
1.21547
1.21518
1.2149
1.21461
1.21432
1.21404
1.21375
1.21347
1.21318
1.21289
1.21261
1.21232
1.21203
1.21175
1.21146
1.21118
1.21089
1.2106
1.21032
1.21003
1.20975
1.20946
1.20917
1.20889
1.2086
1.20832
1.20803
1.20775
1.20746
1.20717
1.20689
1.2066
1.20632
1.20603
1.20575
1.20546
1.20518
1.20489
1.2046
1.20432
1.20403
1.20375
1.20346
1.20318
1.20289
1.20261
1.20232
1.20204
1.20175
1.20147
1.20118
1.2009
1.20061
1.20033
1.20004
1.19976
1.19947
1.19919
1.19891
1.19862
1.19834
1.19805
1.19777
1.19748
1.1972
1.19691
1.19663
1.19634
1.19606
1.19578
1.19549
1.19521
1.19492
1.19464
1.19435
1.19407
1.19379
1.1935
1.19322
1.19293
1.19265
1.19237
1.19208
1.1918
1.19151
1.19123
1.19095
1.19066
1.19038
1.1901
1.18981
1.18953
1.18925
1.18896
1.18868
1.18839
1.18811
1.18783
1.18754
1.18726
1.18698
1.18669
1.18641
1.18613
1.18585
1.18556
1.18528
1.185
1.18471
1.18443
1.18415
1.18386
1.18358
1.1833
1.18302
1.18273
1.18245
1.18217
1.18188
1.1816
1.18132
1.18104
1.18075
1.18047
1.18019
1.17991
1.17962
1.17934
1.17906
1.17878
1.17849
1.17821
1.17793
1.17765
1.17736
1.17708
1.1768
1.17652
1.17624
1.17595
1.17567
1.17539
1.17511
1.17483
1.17454
1.17426
1.17398
1.1737
1.17342
1.17314
1.17285
1.17257
1.17229
1.17201
1.17173
1.17145
1.17116
1.17088
1.1706
1.17032
1.17004
1.16976
1.16948
1.1692
1.16891
1.16863
1.16835
1.16807
1.16779
1.16751
1.16723
1.16695
1.16667
1.16638
1.1661
1.16582
1.16554
1.16526
1.16498
1.1647
1.16442
1.16414
1.16386
1.16358
1.1633
1.16302
1.16274
1.16245
1.16217
1.16189
1.16161
1.16133
1.16105
1.16077
1.16049
1.16021
1.15993
1.15965
1.15937
1.15909
1.15881
1.15853
1.15825
1.15797
1.15769
1.15741
1.15713
1.15685
1.15657
1.15629
1.15601
1.15573
1.15545
1.15517
1.15489
1.15461
1.15433
1.15406
1.15378
1.1535
1.15322
1.15294
1.15266
1.15238
1.1521
1.15182
1.15154
1.15126
1.15098
1.1507
1.15042
1.15015
1.14987
1.14959
1.14931
1.14903
1.14875
1.14847
1.14819
1.14791
1.14764
1.14736
1.14708
1.1468
1.14652
1.14624
1.14596
1.14568
1.14541
1.14513
1.14485
1.14457
1.14429
1.14401
1.14374
1.14346
1.14318
1.1429
1.14262
1.14234
1.14207
1.14179
1.14151
1.14123
1.14095
1.14068
1.1404
1.14012
1.13984
1.13956
1.13929
1.13901
1.13873
1.13845
1.13818
1.1379
1.13762
1.13734
1.13707
1.13679
1.13651
1.13623
1.13596
1.13568
1.1354
1.13512
1.13485
1.13457
1.13429
1.13401
1.13374
1.13346
1.13318
1.13291
1.13263
1.13235
1.13208
1.1318
1.13152
1.13124
1.13097
1.13069
1.13041
1.13014
1.12986
1.12958
1.12931
1.12903
1.12875
1.12848
1.1282
1.12792
1.12765
1.12737
1.12709
1.12682
1.12654
1.12627
1.12599
1.12571
1.12544
1.12516
1.12488
1.12461
1.12433
1.12406
1.12378
1.1235
1.12323
1.12295
1.12268
1.1224
1.12212
1.12185
1.12157
1.1213
1.12102
1.12075
1.12047
1.12019
1.11992
1.11964
1.11937
1.11909
1.11882
1.11854
1.11827
1.11799
1.11771
1.11744
1.11716
1.11689
1.11661
1.11634
1.11606
1.11579
1.11551
1.11524
1.11496
1.11469
1.11441
1.11414
1.11386
1.11359
1.11331
1.11304
1.11276
1.11249
1.11221
1.11194
1.11166
1.11139
1.11112
1.11084
1.11057
1.11029
1.11002
1.10974
1.10947
1.10919
1.10892
1.10864
1.10837
1.1081
1.10782
1.10755
1.10727
1.107
1.10673
1.10645
1.10618
1.1059
1.10563
1.10535
1.10508
1.10481
1.10453
1.10426
1.10399
1.10371
1.10344
1.10316
1.10289
1.10262
1.10234
1.10207
1.1018
1.10152
1.10125
1.10097
1.1007
1.10043
1.10015
1.09988
1.09961
1.09933
1.09906
1.09879
1.09851
1.09824
1.09797
1.09769
1.09742
1.09715
1.09688
1.0966
1.09633
1.09606
1.09578
1.09551
1.09524
1.09496
1.09469
1.09442
1.09415
1.09387
1.0936
1.09333
1.09306
1.09278
1.09251
1.09224
1.09196
1.09169
1.09142
1.09115
1.09087
1.0906
1.09033
1.09006
1.08979
1.08951
1.08924
1.08897
1.0887
1.08842
1.08815
1.08788
1.08761
1.08734
1.08706
1.08679
1.08652
1.08625
1.08598
1.0857
1.08543
1.08516
1.08489
1.08462
1.08434
1.08407
1.0838
1.08353
1.08326
1.08299
1.08271
1.08244
1.08217
1.0819
1.08163
1.08136
1.08109
1.08081
1.08054
1.08027
1.08
1.07973
1.07946
1.07919
1.07891
1.07864
1.07837
1.0781
1.07783
1.07756
1.07729
1.07702
1.07675
1.07648
1.0762
1.07593
1.07566
1.07539
1.07512
1.07485
1.07458
1.07431
1.07404
1.07377
1.0735
1.07323
1.07295
1.07268
1.07241
1.07214
1.07187
1.0716
1.07133
1.07106
1.07079
1.07052
1.07025
1.06998
1.06971
1.06944
1.06917
1.0689
1.06863
1.06836
1.06809
1.06782
1.06755
1.06728
1.06701
1.06674
1.06647
1.0662
1.06593
1.06566
1.06539
1.06512
1.06485
1.06458
1.06431
1.06404
1.06377
1.0635
1.06323
1.06296
1.06269
1.06242
1.06215
1.06188
1.06161
1.06134
1.06107
1.0608
1.06053
1.06026
1.06
1.05973
1.05946
1.05919
1.05892
1.05865
1.05838
1.05811
1.05784
1.05757
1.0573
1.05703
1.05676
1.0565
1.05623
1.05596
1.05569
1.05542
1.05515
1.05488
1.05461
1.05434
1.05407
1.05381
1.05354
1.05327
1.053
1.05273
1.05246
1.05219
1.05192
1.05166
1.05139
1.05112
1.05085
1.05058
1.05031
1.05004
1.04978
1.04951
1.04924
1.04897
1.0487
1.04843
1.04816
1.0479
1.04763
1.04736
1.04709
1.04682
1.04655
1.04629
1.04602
1.04575
1.04548
1.04521
1.04495
1.04468
1.04441
1.04414
1.04387
1.04361
1.04334
1.04307
1.0428
1.04253
1.04227
1.042
1.04173
1.04146
1.04119
1.04093
1.04066
1.04039
1.04012
1.03986
1.03959
1.03932
1.03905
1.03878
1.03852
1.03825
1.03798
1.03771
1.03745
1.03718
1.03691
1.03664
1.03638
1.03611
1.03584
1.03557
1.03531
1.03504
1.03477
1.0345
1.03424
1.03397
1.0337
1.03344
1.03317
1.0329
1.03263
1.03237
1.0321
1.03183
1.03156
1.0313
1.03103
1.03076
1.0305
1.03023
1.02996
1.0297
1.02943
1.02916
1.02889
1.02863
1.02836
1.02809
1.02783
1.02756
1.02729
1.02703
1.02676
1.02649
1.02623
1.02596
1.02569
1.02543
1.02516
1.02489
1.02462
1.02436
1.02409
1.02382
1.02356
1.02329
1.02302
1.02276
1.02249
1.02223
1.02196
1.02169
1.02143
1.02116
1.02089
1.02063
1.02036
1.02009
1.01983
1.01956
1.01929
1.01903
1.01876
1.01849
1.01823
1.01796
1.0177
1.01743
1.01716
1.0169
1.01663
1.01636
1.0161
1.01583
1.01556
1.0153
1.01503
1.01477
1.0145
1.01423
1.01397
1.0137
1.01344
1.01317
1.0129
1.01264
1.01237
1.0121
1.01184
1.01157
1.01131
1.01104
1.01077
1.01051
1.01024
1.00998
1.00971
1.00944
1.00918
1.00891
1.00865
1.00838
1.00811
1.00785
1.00758
1.00732
1.00705
1.00678
1.00652
1.00625
1.00599
1.00572
1.00545
1.00519
1.00492
1.00466
1.00439
1.00412
1.00386
1.00359
1.00333
1.00306
1.0028
1.00253
1.00226
1.002
1.00173
1.00147
1.0012
1.00093
1.00067
1.0004
1.00014
0.999872
0.999606
0.99934
0.999074
0.998809
0.998543
0.998277
0.998011
0.997746
0.99748
0.997214
0.996948
0.996683
0.996417
0.996151
0.995885
0.99562
0.995354
0.995088
0.994822
0.994557
0.994291
0.994025
0.993759
0.993494
0.993228
0.992962
0.992696
0.992431
0.992165
0.991899
0.991633
0.991367
0.991102
0.990836
0.99057
0.990304
0.990039
0.989773
0.989507
0.989241
0.988976
0.98871
0.988444
0.988178
0.987912
0.987647
0.987381
0.987115
0.986849
0.986583
0.986317
0.986052
0.985786
0.98552
0.985254
0.984988
0.984722
0.984456
0.984191
0.983925
0.983659
0.983393
0.983127
0.982861
0.982595
0.982329
0.982063
0.981797
0.981531
0.981265
0.980999
0.980733
0.980467
0.980201
0.979935
0.979669
0.979403
0.979137
0.978871
0.978605
0.978339
0.978072
0.977806
0.978073
0.97834
0.978606
0.978872
0.979138
0.979403
0.979668
0.979933
0.980198
0.980463
0.980728
0.980992
0.981256
0.98152
0.981784
0.982047
0.982311
0.982574
0.982837
0.9831
0.983363
0.983625
0.983888
0.98415
0.984413
0.984675
0.984937
0.985199
0.985461
0.985722
0.985984
0.986245
0.986507
0.986768
0.987029
0.987291
0.987552
0.987813
0.988074
0.988335
0.988595
0.988856
0.989117
0.989377
0.989638
0.989898
0.990159
0.990419
0.99068
0.99094
0.9912
0.991461
0.991721
0.991981
0.992241
0.992502
0.992762
0.993022
0.993282
0.993542
0.993802
0.994062
0.994322
0.994582
0.994843
0.995103
0.995363
0.995623
0.995883
0.996143
0.996403
0.996663
0.996923
0.997183
0.997444
0.997704
0.997964
0.998224
0.998484
0.998745
0.999005
0.999265
0.999526
0.999786
1.00005
1.00031
1.00057
1.00083
1.00109
1.00135
1.00161
1.00187
1.00213
1.00239
1.00265
1.00291
1.00317
1.00344
1.0037
1.00396
1.00422
1.00448
1.00474
1.005
1.00526
1.00552
1.00579
1.00605
1.00631
1.00657
1.00683
1.00709
1.00736
1.00762
1.00788
1.00814
1.0084
1.00867
1.00893
1.00919
1.00945
1.00971
1.00998
1.01024
1.0105
1.01076
1.01103
1.01129
1.01155
1.01182
1.01208
1.01234
1.01261
1.01287
1.01313
1.0134
1.01366
1.01392
1.01419
1.01445
1.01471
1.01498
1.01524
1.0155
1.01577
1.01603
1.0163
1.01656
1.01683
1.01709
1.01735
1.01762
1.01788
1.01815
1.01841
1.01868
1.01894
1.01921
1.01947
1.01974
1.02
1.02027
1.02054
1.0208
1.02107
1.02133
1.0216
1.02186
1.02213
1.0224
1.02266
1.02293
1.0232
1.02346
1.02373
1.024
1.02426
1.02453
1.0248
1.02506
1.02533
1.0256
1.02586
1.02613
1.0264
1.02667
1.02693
1.0272
1.02747
1.02774
1.028
1.02827
1.02854
1.02881
1.02908
1.02935
1.02961
1.02988
1.03015
1.03042
1.03069
1.03096
1.03123
1.0315
1.03176
1.03203
1.0323
1.03257
1.03284
1.03311
1.03338
1.03365
1.03392
1.03419
1.03446
1.03473
1.035
1.03527
1.03554
1.03581
1.03608
1.03635
1.03662
1.03689
1.03716
1.03744
1.03771
1.03798
1.03825
1.03852
1.03879
1.03906
1.03933
1.03961
1.03988
1.04015
1.04042
1.04069
1.04097
1.04124
1.04151
1.04178
1.04205
1.04233
1.0426
1.04287
1.04314
1.04342
1.04369
1.04396
1.04424
1.04451
1.04478
1.04506
1.04533
1.0456
1.04588
1.04615
1.04642
1.0467
1.04697
1.04724
1.04752
1.04779
1.04807
1.04834
1.04861
1.04889
1.04916
1.04944
1.04971
1.04999
1.05026
1.05054
1.05081
1.05109
1.05136
1.05164
1.05191
1.05219
1.05246
1.05274
1.05301
1.05329
1.05357
1.05384
1.05412
1.05439
1.05467
1.05495
1.05522
1.0555
1.05577
1.05605
1.05633
1.0566
1.05688
1.05716
1.05743
1.05771
1.05799
1.05827
1.05854
1.05882
1.0591
1.05937
1.05965
1.05993
1.06021
1.06048
1.06076
1.06104
1.06132
1.0616
1.06187
1.06215
1.06243
1.06271
1.06299
1.06326
1.06354
1.06382
1.0641
1.06438
1.06466
1.06494
1.06522
1.06549
1.06577
1.06605
1.06633
1.06661
1.06689
1.06717
1.06745
1.06773
1.06801
1.06829
1.06857
1.06885
1.06913
1.06941
1.06969
1.06997
1.07025
1.07053
1.07081
1.07109
1.07137
1.07165
1.07193
1.07221
1.07249
1.07277
1.07305
1.07333
1.07361
1.0739
1.07418
1.07446
1.07474
1.07502
1.0753
1.07558
1.07587
1.07615
1.07643
1.07671
1.07699
1.07727
1.07756
1.07784
1.07812
1.0784
1.07868
1.07897
1.07925
1.07953
1.07981
1.0801
1.08038
1.08066
1.08094
1.08123
1.08151
1.08179
1.08208
1.08236
1.08264
1.08293
1.08321
1.08349
1.08378
1.08406
1.08434
1.08463
1.08491
1.08519
1.08548
1.08576
1.08604
1.08633
1.08661
1.0869
1.08718
1.08746
1.08775
1.08803
1.08832
1.0886
1.08889
1.08917
1.08946
1.08974
1.09003
1.09031
1.0906
1.09088
1.09117
1.09145
1.09174
1.09202
1.09231
1.09259
1.09288
1.09316
1.09345
1.09373
1.09402
1.0943
1.09459
1.09488
1.09516
1.09545
1.09573
1.09602
1.09631
1.09659
1.09688
1.09716
1.09745
1.09774
1.09802
1.09831
1.0986
1.09888
1.09917
1.09946
1.09974
1.10003
1.10032
1.1006
1.10089
1.10118
1.10147
1.10175
1.10204
1.10233
1.10261
1.1029
1.10319
1.10348
1.10376
1.10405
1.10434
1.10463
1.10492
1.1052
1.10549
1.10578
1.10607
1.10636
1.10664
1.10693
1.10722
1.10751
1.1078
1.10809
1.10837
1.10866
1.10895
1.10924
1.10953
1.10982
1.11011
1.11039
1.11068
1.11097
1.11126
1.11155
1.11184
1.11213
1.11242
1.11271
1.113
1.11329
1.11358
1.11387
1.11416
1.11444
1.11473
1.11502
1.11531
1.1156
1.11589
1.11618
1.11647
1.11676
1.11705
1.11734
1.11763
1.11792
1.11822
1.11851
1.1188
1.11909
1.11938
1.11967
1.11996
1.12025
1.12054
1.12083
1.12112
1.12141
1.1217
1.12199
1.12228
1.12258
1.12287
1.12316
1.12345
1.12374
1.12403
1.12432
1.12462
1.12491
1.1252
1.12549
1.12578
1.12607
1.12636
1.12666
1.12695
1.12724
1.12753
1.12782
1.12812
1.12841
1.1287
1.12899
1.12929
1.12958
1.12987
1.13016
1.13045
1.13075
1.13104
1.13133
1.13163
1.13192
1.13221
1.1325
1.1328
1.13309
1.13338
1.13367
1.13397
1.13426
1.13455
1.13485
1.13514
1.13543
1.13573
1.13602
1.13631
1.13661
1.1369
1.13719
1.13749
1.13778
1.13808
1.13837
1.13866
1.13896
1.13925
1.13954
1.13984
1.14013
1.14043
1.14072
1.14102
1.14131
1.1416
1.1419
1.14219
1.14249
1.14278
1.14308
1.14337
1.14366
1.14396
1.14425
1.14455
1.14484
1.14514
1.14543
1.14573
1.14602
1.14632
1.14661
1.14691
1.1472
1.1475
1.14779
1.14809
1.14838
1.14868
1.14897
1.14927
1.14957
1.14986
1.15016
1.15045
1.15075
1.15104
1.15134
1.15164
1.15193
1.15223
1.15252
1.15282
1.15312
1.15341
1.15371
1.154
1.1543
1.1546
1.15489
1.15519
1.15548
1.15578
1.15608
1.15637
1.15667
1.15697
1.15726
1.15756
1.15786
1.15815
1.15845
1.15875
1.15904
1.15934
1.15964
1.15994
1.16023
1.16053
1.16083
1.16112
1.16142
1.16172
1.16202
1.16231
1.16261
1.16291
1.16321
1.1635
1.1638
1.1641
1.1644
1.16469
1.16499
1.16529
1.16559
1.16588
1.16618
1.16648
1.16678
1.16708
1.16737
1.16767
1.16797
1.16827
1.16857
1.16887
1.16916
1.16946
1.16976
1.17006
1.17036
1.17066
1.17095
1.17125
1.17155
1.17185
1.17215
1.17245
1.17275
1.17304
1.17334
1.17364
1.17394
1.17424
1.17454
1.17484
1.17514
1.17544
1.17574
1.17604
1.17633
1.17663
1.17693
1.17723
1.17753
1.17783
1.17813
1.17843
1.17873
1.17903
1.17933
1.17963
1.17993
1.18023
1.18053
1.18083
1.18113
1.18143
1.18173
1.18203
1.18233
1.18263
1.18293
1.18323
1.18353
1.18383
1.18413
1.18443
1.18473
1.18503
1.18533
1.18563
1.18593
1.18623
1.18653
1.18683
1.18713
1.18743
1.18773
1.18804
1.18834
1.18864
1.18894
1.18924
1.18954
1.18984
1.19014
1.19044
1.19074
1.19104
1.19135
1.19165
1.19195
1.19225
1.19255
1.19285
1.19315
1.19345
1.19376
1.19406
1.19436
1.19466
1.19496
1.19526
1.19557
1.19587
1.19617
1.19647
1.19677
1.19707
1.19738
1.19768
1.19798
1.19828
1.19858
1.19889
1.19919
1.19949
1.19979
1.20009
1.2004
1.2007
1.201
1.2013
1.20161
1.20191
1.20221
1.20251
1.20282
1.20312
1.20342
1.20372
1.20403
1.20433
1.20463
1.20493
1.20524
1.20554
1.20584
1.20614
1.20645
1.20675
1.20705
1.20736
1.20766
1.20796
1.20827
1.20857
1.20887
1.20918
1.20948
1.20978
1.21009
1.21039
1.21069
1.211
1.2113
1.2116
1.21191
1.21221
1.21251
1.21282
1.21312
1.21342
1.21373
1.21403
1.21433
1.21464
1.21494
1.21525
1.21555
1.21585
1.21616
1.21646
1.21677
1.21707
1.21737
1.21768
1.21798
1.21829
1.21859
1.2189
1.2192
1.2195
1.21981
1.22011
1.22042
1.22072
1.22103
1.22133
1.22163
1.22194
1.22224
1.22255
1.22285
1.22316
1.22346
1.22377
1.22407
1.22438
1.22468
1.22499
1.22529
1.2256
1.2259
1.22621
1.22651
1.22682
1.22712
1.22743
1.22773
1.22804
1.22834
1.22865
1.22895
1.22926
1.22956
1.22987
1.23017
1.23048
1.23078
1.23109
1.2314
1.2317
1.23201
1.23231
1.23262
1.23292
1.23323
1.23354
1.23384
1.23415
1.23445
1.23476
1.23506
1.23537
1.23568
1.23598
1.23629
1.23659
1.2369
1.23721
1.23751
1.23782
1.23812
1.23843
1.23874
1.23904
1.23935
1.23966
1.23996
1.24027
1.24057
1.24088
1.24119
1.24149
1.2418
1.24211
1.24241
1.24272
1.24303
1.24333
1.24364
1.24395
1.24425
1.24456
1.24487
1.24517
1.24548
1.24579
1.24609
1.2464
1.24671
1.24702
1.24732
1.24763
1.24794
1.24824
1.24855
1.24886
1.24916
1.24947
1.24978
1.25009
1.25039
1.2507
1.25101
1.25132
1.25162
1.25193
1.25224
1.25255
1.25285
1.25316
1.25347
1.25378
1.25408
1.25439
1.2547
1.25501
1.25531
1.25562
1.25593
1.25624
1.25655
1.25685
1.25716
1.25747
1.25778
1.25808
