0.223607
0.221619
0.219675
0.217772
0.21591
0.214088
0.212305
0.21056
0.208854
0.207184
0.20555
0.203952
0.202389
0.200859
0.199363
0.1979
0.196469
0.195069
0.193699
0.19236
0.19105
0.18977
0.188517
0.187293
0.186095
0.184924
0.18378
0.182661
0.181567
0.180497
0.179452
0.17843
0.177431
0.176456
0.175502
0.17457
0.173659
0.17277
0.1719
0.171051
0.170222
0.169411
0.16862
0.167847
0.167093
0.166356
0.165636
0.164934
0.164248
0.163579
0.162926
0.162289
0.161667
0.16106
0.160468
0.159891
0.159327
0.158778
0.158243
0.157721
0.157212
0.156716
0.156233
0.155762
0.155303
0.154856
0.154421
0.153997
0.153585
0.153183
0.152793
0.152412
0.152043
0.151683
0.151333
0.150993
0.150663
0.150342
0.150031
0.149728
0.149434
0.149149
0.148872
0.148604
0.148344
0.148092
0.147847
0.147611
0.147382
0.147161
0.146946
0.146739
0.146539
0.146346
0.146159
0.14598
0.145806
0.145639
0.145478
0.145324
0.145175
0.145032
0.144895
0.144764
0.144638
0.144518
0.144403
0.144293
0.144188
0.144089
0.143994
0.143905
0.14382
0.14374
0.143664
0.143593
0.143526
0.143464
0.143406
0.143352
0.143303
0.143257
0.143215
0.143178
0.143144
0.143113
0.143087
0.143064
0.143045
0.143029
0.143017
0.143008
0.143002
0.143
0.143001
0.143005
0.143012
0.143022
0.143035
0.143051
0.14307
0.143091
0.143116
0.143143
0.143173
0.143206
0.143241
0.143279
0.143319
0.143362
0.143407
0.143454
0.143504
0.143557
0.143611
0.143668
0.143727
0.143788
0.143852
0.143917
0.143984
0.144054
0.144126
0.144199
0.144275
0.144352
0.144431
0.144513
0.144596
0.14468
0.144767
0.144855
0.144945
0.145037
0.145131
0.145226
0.145323
0.145421
0.145521
0.145623
0.145726
0.14583
0.145937
0.146044
0.146153
0.146264
0.146376
0.146489
0.146604
0.14672
0.146838
0.146957
0.147077
0.147199
0.147322
0.147446
0.147571
0.147698
0.147826
0.147955
0.148085
0.148217
0.14835
0.148484
0.148619
0.148755
0.148893
0.149031
0.149171
0.149312
0.149454
0.149597
0.149741
0.149886
0.150032
0.150179
0.150328
0.150477
0.150627
0.150779
0.150931
0.151084
0.151239
0.151394
0.151551
0.151708
0.151866
0.152025
0.152186
0.152347
0.152509
0.152672
0.152836
0.153001
0.153167
0.153333
0.153501
0.15367
0.153839
0.154009
0.154181
0.154353
0.154526
0.1547
0.154874
0.15505
0.155226
0.155404
0.155582
0.155761
0.155941
0.156122
0.156303
0.156486
0.156669
0.156853
0.157038
0.157224
0.157411
0.157598
0.157787
0.157976
0.158166
0.158356
0.158548
0.15874
0.158934
0.159128
0.159323
0.159518
0.159715
0.159912
0.16011
0.160309
0.160509
0.16071
0.160911
0.161113
0.161316
0.16152
0.161724
0.16193
0.162136
0.162343
0.162551
0.16276
0.162969
0.163179
0.16339
0.163602
0.163815
0.164028
0.164243
0.164458
0.164674
0.164891
0.165108
0.165326
0.165546
0.165766
0.165986
0.166208
0.166431
0.166654
0.166878
0.167103
0.167329
0.167555
0.167783
0.168011
0.16824
0.16847
0.1687
0.168932
0.169164
0.169398
0.169632
0.169866
0.170102
0.170339
0.170576
0.170815
0.171054
0.171294
0.171535
0.171776
0.172019
0.172262
0.172507
0.172752
0.172998
0.173245
0.173493
0.173741
0.173991
0.174241
0.174493
0.174745
0.174998
0.175252
0.175507
0.175762
0.176019
0.176277
0.176535
0.176795
0.177055
0.177316
0.177579
0.177842
0.178106
0.178371
0.178636
0.178903
0.179171
0.17944
0.179709
0.17998
0.180252
0.180524
0.180798
0.181072
0.181348
0.181624
0.181901
0.18218
0.182459
0.182739
0.183021
0.183303
0.183586
0.183871
0.184156
0.184442
0.18473
0.185018
0.185308
0.185598
0.18589
0.186182
0.186476
0.18677
0.187066
0.187363
0.18766
0.187959
0.188259
0.18856
0.188862
0.189165
0.18947
0.189775
0.190081
0.190389
0.190698
0.191007
0.191318
0.19163
0.191943
0.192258
0.192573
0.19289
0.193207
0.193526
0.193846
0.194167
0.19449
0.194813
0.195138
0.195464
0.195791
0.196119
0.196449
0.196779
0.197111
0.197444
0.197779
0.198114
0.198451
0.198789
0.199128
0.199469
0.199811
0.200154
0.200498
0.200844
0.201191
0.201539
0.201889
0.20224
0.202592
0.202945
0.2033
0.203656
0.204014
0.204372
0.204733
0.205094
0.205457
0.205821
0.206187
0.206554
0.206923
0.207292
0.207664
0.208036
0.20841
0.208786
0.209163
0.209541
0.209921
0.210302
0.210685
0.21107
0.211455
0.211843
0.212231
0.212622
0.213013
0.213407
0.213801
0.214198
0.214596
0.214995
0.215396
0.215799
0.216203
0.216609
0.217016
0.217425
0.217836
0.218248
0.218662
0.219078
0.219495
0.219914
0.220334
0.220756
0.22118
0.221606
0.222033
0.222462
0.222893
0.223325
0.223759
0.224195
0.224633
0.225073
0.225514
0.225957
0.226402
0.226849
0.227297
0.227748
0.2282
0.228654
0.22911
0.229568
0.230028
0.230489
0.230953
0.231418
0.231886
0.232355
0.232826
0.2333
0.233775
0.234252
0.234732
0.235213
0.235696
0.236182
0.236669
0.237159
0.23765
0.238144
0.23864
0.239137
0.239637
0.24014
0.240644
0.24115
0.241659
0.24217
0.242683
0.243198
0.243716
0.244236
0.244758
0.245282
0.245809
0.246338
0.246869
0.247402
0.247938
0.248477
0.249017
0.24956
0.250106
0.250654
0.251204
0.251757
0.252312
0.25287
0.25343
0.253993
0.254558
0.255126
0.255697
0.25627
0.256845
0.257424
0.258004
0.258588
0.259174
0.259763
0.260355
0.260949
0.261546
0.262146
0.262748
0.263354
0.263962
0.264573
0.265187
0.265804
0.266423
0.267046
0.267671
0.2683
0.268931
0.269565
0.270203
0.270843
0.271487
0.272133
0.272783
0.273436
0.274092
0.274751
0.275413
0.276078
0.276747
0.277419
0.278094
0.278772
0.279454
0.280139
0.280828
0.28152
0.282215
0.282914
0.283616
0.284321
0.28503
0.285743
0.286459
0.287179
0.287903
0.28863
0.28936
0.290095
0.290833
0.291575
0.292321
0.29307
0.293823
0.29458
0.295341
0.296106
0.296875
0.297648
0.298425
0.299206
0.299991
0.30078
0.301573
0.30237
0.303172
0.303977
0.304787
0.305601
0.30642
0.307243
0.30807
0.308902
0.309738
0.310579
0.311424
0.312273
0.313128
0.313987
0.31485
0.315718
0.316591
0.315783
0.314974
0.314165
0.313356
0.312546
0.311736
0.310926
0.310116
0.309306
0.308496
0.307687
0.306878
0.306069
0.305262
0.304454
0.303648
0.302842
0.302037
0.301233
0.30043
0.299629
0.298828
0.298028
0.29723
0.296433
0.295638
0.294844
0.294051
0.29326
0.292471
0.291683
0.290897
0.290113
0.28933
0.28855
0.287771
0.286994
0.286219
0.285446
0.284675
0.283906
0.28314
0.282375
0.281613
0.280853
0.280095
0.279339
0.278585
0.277834
0.277086
0.276339
0.275595
0.274854
0.274114
0.273378
0.272643
0.271912
0.271183
0.270456
0.269732
0.26901
0.268291
0.267575
0.266861
0.26615
0.265441
0.264735
0.264032
0.263331
0.262633
0.261938
0.261245
0.260555
0.259868
0.259184
0.258502
0.257823
0.257147
0.256473
0.255802
0.255134
0.254469
0.253806
0.253146
0.252489
0.251835
0.251183
0.250534
0.249888
0.249245
0.248604
0.247966
0.247331
0.246698
0.246069
0.245442
0.244817
0.244196
0.243577
0.242961
0.242348
0.241737
0.241129
0.240524
0.239922
0.239322
0.238725
0.23813
0.237538
0.236949
0.236363
0.235779
0.235198
0.23462
0.234044
0.233471
0.2329
0.232332
0.231767
0.231204
0.230644
0.230087
0.229532
0.228979
0.228429
0.227882
0.227337
0.226795
0.226256
0.225718
0.225184
0.224652
0.224122
0.223595
0.22307
0.222548
0.222028
0.221511
0.220996
0.220483
0.219973
0.219465
0.21896
0.218457
0.217957
0.217458
0.216963
0.216469
0.215978
0.215489
0.215003
0.214518
0.214037
0.213557
0.21308
0.212604
0.212132
0.211661
0.211193
0.210726
0.210262
0.209801
0.209341
0.208884
0.208429
0.207975
0.207525
0.207076
0.206629
0.206185
0.205742
0.205302
0.204864
0.204427
0.203993
0.203561
0.203131
0.202703
0.202277
0.201853
0.201431
0.201011
0.200593
0.200177
0.199763
0.199351
0.198941
0.198533
0.198127
0.197722
0.19732
0.196919
0.196521
0.196124
0.195729
0.195336
0.194945
0.194555
0.194168
0.193782
0.193398
0.193016
0.192636
0.192257
0.19188
0.191505
0.191132
0.19076
0.190391
0.190023
0.189656
0.189292
0.188929
0.188567
0.188208
0.18785
0.187494
0.187139
0.186786
0.186435
0.186085
0.185737
0.185391
0.185046
0.184702
0.184361
0.184021
0.183682
0.183345
0.18301
0.182676
0.182344
0.182013
0.181683
0.181356
0.181029
0.180705
0.180381
0.18006
0.179739
0.17942
0.179103
0.178787
0.178473
0.17816
0.177848
0.177538
0.177229
0.176921
0.176615
0.176311
0.176008
0.175706
0.175405
0.175106
0.174809
0.174512
0.174217
0.173923
0.173631
0.17334
0.17305
0.172762
0.172475
0.172189
0.171904
0.171621
0.171339
0.171058
0.170779
0.170501
0.170224
0.169948
0.169674
0.1694
0.169128
0.168858
0.168588
0.16832
0.168053
0.167787
0.167522
0.167258
0.166996
0.166735
0.166475
0.166216
0.165958
0.165702
0.165446
0.165192
0.164939
0.164687
0.164436
0.164186
0.163937
0.16369
0.163443
0.163198
0.162954
0.162711
0.162469
0.162228
0.161988
0.161749
0.161511
0.161274
0.161039
0.160804
0.16057
0.160338
0.160106
0.159876
0.159646
0.159418
0.15919
0.158964
0.158739
0.158514
0.158291
0.158068
0.157847
0.157627
0.157407
0.157189
0.156971
0.156755
0.156539
0.156324
0.156111
0.155898
0.155686
0.155476
0.155266
0.155057
0.154849
0.154642
0.154436
0.15423
0.154026
0.153823
0.15362
0.153419
0.153218
0.153018
0.152819
0.152621
0.152424
0.152228
0.152033
0.151838
0.151644
0.151452
0.15126
0.151069
0.150879
0.150689
0.150501
0.150313
0.150127
0.149941
0.149756
0.149572
0.149388
0.149206
0.149024
0.148843
0.148663
0.148484
0.148305
0.148128
0.147951
0.147775
0.1476
0.147425
0.147252
0.147079
0.146907
0.146736
0.146565
0.146396
0.146227
0.146059
0.145891
0.145725
0.145559
0.145394
0.14523
0.145066
0.144903
0.144741
0.14458
0.14442
0.14426
0.144101
0.143943
0.143785
0.143629
0.143473
0.143317
0.143163
0.143009
0.142856
0.142704
0.142552
0.142401
0.142251
0.142101
0.141953
0.141804
0.141657
0.141511
0.141365
0.141219
0.141075
0.140931
0.140788
0.140645
0.140504
0.140363
0.140222
0.140083
0.139944
0.139805
0.139668
0.139531
0.139395
0.139259
0.139124
0.13899
0.138856
0.138723
0.138591
0.138459
0.138329
0.138198
0.138069
0.13794
0.137811
0.137684
0.137557
0.13743
0.137305
0.13718
0.137055
0.136932
0.136808
0.136686
0.136564
0.136443
0.136322
0.136202
0.136083
0.135964
0.135846
0.135729
0.135612
0.135496
0.135381
0.135266
0.135151
0.135038
0.134925
0.134812
0.1347
0.134589
0.134478
0.134368
0.134259
0.13415
0.134042
0.133935
0.133828
0.133721
0.133615
0.13351
0.133406
0.133302
0.133198
0.133095
0.132993
0.132892
0.132791
0.13269
0.13259
0.132491
0.132392
0.132294
0.132197
0.1321
0.132003
0.131908
0.131813
0.131718
0.131624
0.13153
0.131438
0.131345
0.131253
0.131162
0.131072
0.130982
0.130892
0.130803
0.130715
0.130627
0.13054
0.130453
0.130367
0.130282
0.130197
0.130112
0.130028
0.129945
0.129862
0.12978
0.129698
0.129617
0.129537
0.129457
0.129377
0.129298
0.12922
0.129142
0.129065
0.128988
0.128912
0.128836
0.128761
0.128687
0.128613
0.128539
0.128466
0.128394
0.128322
0.12825
0.12818
0.128109
0.12804
0.12797
0.127902
0.127834
0.127766
0.127699
0.127632
0.127566
0.127501
0.127436
0.127371
0.127307
0.127244
0.127181
0.127119
0.127057
0.126995
0.126935
0.126874
0.126815
0.126755
0.126697
0.126638
0.126581
0.126523
0.126467
0.12641
0.126355
0.1263
0.126245
0.126191
0.126137
0.126084
0.126032
0.125979
0.125928
0.125877
0.125826
0.125776
0.125726
0.125677
0.125629
0.125581
0.125533
0.125486
0.12544
0.125393
0.125348
0.125303
0.125258
0.125214
0.125171
0.125127
0.125085
0.125043
0.125001
0.12496
0.124919
0.124879
0.12484
0.1248
0.124762
0.124724
0.124686
0.124649
0.124612
0.124576
0.12454
0.124505
0.12447
0.124436
0.124402
0.124369
0.124336
0.124304
0.124272
0.12424
0.124209
0.124179
0.124149
0.12412
0.124091
0.124062
0.124034
0.124006
0.123979
0.123953
0.123927
0.123901
0.123876
0.123851
0.123827
0.123803
0.12378
0.123757
0.123735
0.123713
0.123692
0.123671
0.12365
0.12363
0.123611
0.123592
0.123573
0.123555
0.123537
0.12352
0.123503
0.123487
0.123471
0.123456
0.123441
0.123427
0.123413
0.1234
0.123387
0.123374
0.123362
0.12335
0.123339
0.123328
0.123318
0.123308
0.123299
0.12329
0.123282
0.123274
0.123266
0.123259
0.123253
0.123247
0.123241
0.123236
0.123231
0.123227
0.123223
0.12322
0.123217
0.123214
0.123212
0.123211
0.123209
0.123209
0.123209
0.123209
0.123209
0.123211
0.123212
0.123214
0.123217
0.12322
0.123223
0.123227
0.123231
0.123236
0.123241
0.123246
0.123252
0.123259
0.123266
0.123273
0.123281
0.123289
0.123298
0.123307
0.123317
0.123327
0.123337
0.123348
0.12336
0.123371
0.123384
0.123396
0.123409
0.123423
0.123437
0.123451
0.123466
0.123482
0.123497
0.123513
0.12353
0.123547
0.123565
0.123583
0.123601
0.12362
0.123639
0.123659
0.123679
0.123699
0.12372
0.123742
0.123763
0.123786
0.123808
0.123832
0.123855
0.123879
0.123904
0.123928
0.123954
0.123979
0.124006
0.124032
0.124059
0.124087
0.124115
0.124143
0.124172
0.124201
0.12423
0.12426
0.124291
0.124322
0.124353
0.124385
0.124417
0.124449
0.124482
0.124516
0.12455
0.124584
0.124619
0.124654
0.124689
0.124725
0.124762
0.124799
0.124836
0.124874
0.124912
0.12495
0.124989
0.125029
0.125068
0.125109
0.125149
0.12519
0.125232
0.125274
0.125316
0.125359
0.125402
0.125446
0.12549
0.125534
0.125579
0.125624
0.12567
0.125716
0.125763
0.12581
0.125857
0.125905
0.125953
0.126002
0.126051
0.1261
0.12615
0.126201
0.126251
0.126303
0.126354
0.126406
0.126459
0.126512
0.126565
0.126619
0.126673
0.126727
0.126782
0.126838
0.126893
0.12695
0.127006
0.127063
0.127121
0.127179
0.127237
0.127296
0.127355
0.127414
0.127474
0.127535
0.127596
0.127657
0.127719
0.127781
0.127843
0.127906
0.127969
0.128033
0.128097
0.128162
0.128227
0.128293
0.128358
0.128425
0.128491
0.128558
0.128626
0.128694
0.128762
0.128831
0.1289
0.12897
0.12904
0.129111
0.129181
0.129253
0.129325
0.129397
0.129469
0.129542
0.129616
0.12969
0.129764
0.129839
0.129914
0.129989
0.130065
0.130142
0.130218
0.130296
0.130373
0.130451
0.13053
0.130609
0.130688
0.130768
0.130848
0.130929
0.13101
0.131091
0.131173
0.131255
0.131338
0.131421
0.131505
0.131589
0.131674
0.131758
0.131844
0.131929
0.132016
0.132102
0.132189
0.132277
0.132365
0.132453
0.132542
0.132631
0.13272
0.13281
0.132901
0.132992
0.133083
0.133175
0.133267
0.13336
0.133453
0.133546
0.13364
0.133735
0.133829
0.133925
0.13402
0.134117
0.134213
0.13431
0.134407
0.134505
0.134604
0.134702
0.134802
0.134901
0.135001
0.135102
0.135203
0.135304
0.135406
0.135508
0.135611
0.135714
0.135818
0.135922
0.136026
0.136131
0.136237
0.136343
0.136449
0.136556
0.136663
0.13677
0.136879
0.136987
0.137096
0.137206
0.137316
0.137426
0.137537
0.137648
0.13776
0.137872
0.137985
0.138098
0.138211
0.138325
0.13844
0.138555
0.13867
0.138786
0.138902
0.139019
0.139136
0.139254
0.139372
0.139491
0.13961
0.13973
0.13985
0.13997
0.140091
0.140213
0.140335
0.140457
0.14058
0.140703
0.140827
0.140952
0.141076
0.141202
0.141327
0.141454
0.14158
0.141708
0.141835
0.141963
0.142092
0.142221
0.142351
0.142481
0.142612
0.142743
0.142874
0.143006
0.143139
0.143272
0.143406
0.14354
0.143674
0.143809
0.143945
0.144081
0.144218
0.144355
0.144492
0.14463
0.144769
0.144908
0.145048
0.145188
0.145328
0.145469
0.145611
0.145753
0.145896
0.146039
0.146183
0.146327
0.146472
0.146617
0.146763
0.146909
0.147056
0.147203
0.147351
0.1475
0.147648
0.147798
0.147948
0.148098
0.14825
0.148401
0.148553
0.148706
0.148859
0.149013
0.149167
0.149322
0.149478
0.149634
0.14979
0.149947
0.150105
0.150263
0.150422
0.150581
0.150741
0.150901
0.151062
0.151223
0.151386
0.151548
0.151711
0.151875
0.15204
0.152204
0.15237
0.152536
0.152703
0.15287
0.153038
0.153206
0.153375
0.153545
0.153715
0.153885
0.154057
0.154229
0.154401
0.154574
0.154748
0.154922
0.155097
0.155273
0.155449
0.155625
0.155803
0.155981
0.156159
0.156338
0.156518
0.156698
0.156879
0.157061
0.157243
0.157426
0.15761
0.157794
0.157979
0.158164
0.15835
0.158537
0.158724
0.158912
0.1591
0.15929
0.15948
0.15967
0.159861
0.160053
0.160246
0.160439
0.160632
0.160827
0.161022
0.161218
0.161414
0.161612
0.161809
0.162008
0.162207
0.162407
0.162607
0.162809
0.16301
0.163213
0.163416
0.16362
0.163825
0.16403
0.164236
0.164443
0.164651
0.164859
0.165068
0.165277
0.165488
0.165699
0.165911
0.166123
0.166336
0.16655
0.166765
0.16698
0.167197
0.167414
0.167631
0.16785
0.168069
0.168289
0.168509
0.168731
0.168953
0.169176
0.1694
0.169624
0.169849
0.170075
0.170302
0.17053
0.170758
0.170987
0.171217
0.171448
0.171679
0.171912
0.172145
0.172379
0.172614
0.172849
0.173085
0.173323
0.173561
0.173799
0.174039
0.17428
0.174521
0.174763
0.175006
0.17525
0.175495
0.17574
0.175987
0.176234
0.176482
0.176731
0.176981
0.177231
0.177483
0.177736
0.177989
0.178243
0.178498
0.178754
0.179011
0.179269
0.179528
0.179787
0.180048
0.180309
0.180572
0.180835
0.181099
0.181364
0.181631
0.181898
0.182166
0.182434
0.182704
0.182975
0.183247
0.18352
0.183793
0.184068
0.184344
0.184621
0.184898
0.185177
0.185456
0.185737
0.186019
0.186301
0.186585
0.18687
0.187155
0.187442
0.18773
0.188018
0.188308
0.188599
0.188891
0.189184
0.189478
0.189773
0.190069
0.190366
0.190665
0.190964
0.191265
0.191566
0.191869
0.192173
0.192477
0.192783
0.19309
0.193399
0.193708
0.194018
0.19433
0.194643
0.194957
0.195272
0.195588
0.195905
0.196224
0.196544
0.196865
0.197187
0.19751
0.197834
0.19816
0.198487
0.198815
0.199145
0.199475
0.199807
0.20014
0.200474
0.20081
0.201147
0.201485
0.201824
0.202165
0.202507
0.20285
0.203194
0.20354
0.203887
0.204236
0.204585
0.204936
0.205289
0.205643
0.205998
0.206354
0.206712
0.207071
0.207432
0.207794
0.208157
0.208522
0.208888
0.209256
0.209625
0.209995
0.210367
0.21074
0.211115
0.211491
0.211869
0.212248
0.212629
0.213011
0.213394
0.213779
0.214166
0.214554
0.214944
0.215335
0.215728
0.216122
0.216518
0.216915
0.217314
0.217715
0.218117
0.218521
0.218926
0.219333
0.219742
0.220152
0.220564
0.220978
0.221393
0.22181
0.222229
0.222649
0.223071
0.223495
0.22392
0.224348
0.224777
0.225207
0.22564
0.226074
0.22651
0.226948
0.227387
0.227829
0.228272
0.228717
0.229164
0.229613
0.230063
0.230516
0.23097
0.231426
0.231884
0.232345
0.232807
0.233271
0.233736
0.234204
0.234674
0.235146
0.23562
0.236096
0.236574
0.237053
0.237535
0.238019
0.238505
0.238994
0.239484
0.239976
0.240471
0.240967
0.241466
0.241967
0.24247
0.242975
0.243483
0.243992
0.244504
0.245018
0.245535
0.246053
0.246574
0.247097
0.247623
0.248151
0.248681
0.249213
0.249748
0.250286
0.250825
0.251367
0.251912
0.252459
0.253008
0.25356
0.254114
0.254671
0.255231
0.255793
0.256357
0.256924
0.257494
0.258066
0.258641
0.259218
0.259798
0.260381
0.260967
0.261555
0.262146
0.26274
0.263336
0.263935
0.264537
0.265142
0.26575
0.26636
0.266973
0.26759
0.268209
0.268831
0.269456
0.270084
0.270715
0.271349
0.271986
0.272626
0.273269
0.273915
0.274565
0.275217
0.275873
0.276531
0.277193
0.277859
0.278527
0.279199
0.279874
0.280552
0.281234
0.281919
0.282607
0.283299
0.283994
0.284693
0.285395
0.286101
0.28681
0.287523
0.288239
0.288959
0.289682
0.29041
0.291141
0.291875
0.292614
0.293356
0.294102
0.294851
0.295605
0.296362
0.297124
0.297889
0.298658
0.299432
0.300209
0.30099
0.301776
0.302565
0.303359
0.304157
0.304959
0.305765
0.306576
0.307391
0.30821
0.309033
0.309861
0.310694
0.311531
0.312372
0.313218
0.314069
0.314924
0.315784
0.316648
0.315847
0.315045
0.314243
0.31344
0.312637
0.311834
0.311032
0.310229
0.309426
0.308624
0.307822
0.307021
0.30622
0.30542
0.30462
0.303821
0.303023
0.302226
0.30143
0.300635
0.299841
0.299049
0.298257
0.297467
0.296678
0.295891
0.295105
0.294321
0.293538
0.292757
0.291977
0.2912
0.290424
0.28965
0.288877
0.288107
0.287338
0.286572
0.285807
0.285045
0.284285
0.283526
0.28277
0.282016
0.281265
0.280515
0.279768
0.279023
0.278281
0.27754
0.276803
0.276067
0.275334
0.274604
0.273875
0.27315
0.272427
0.271706
0.270988
0.270272
0.269559
0.268849
0.268141
0.267436
0.266733
0.266033
0.265336
0.264641
0.263949
0.26326
0.262573
0.261889
0.261208
0.260529
0.259853
0.25918
0.25851
0.257842
0.257177
0.256515
0.255855
0.255198
0.254544
0.253893
0.253244
0.252598
0.251955
0.251315
0.250677
0.250042
0.24941
0.24878
0.248154
0.24753
0.246908
0.24629
0.245674
0.245061
0.24445
0.243843
0.243238
0.242636
0.242036
0.241439
0.240845
0.240254
0.239665
0.239079
0.238495
0.237915
0.237337
0.236761
0.236188
0.235618
0.235051
0.234486
0.233923
0.233364
0.232807
0.232252
0.2317
0.231151
0.230604
0.23006
0.229518
0.228979
0.228443
0.227909
0.227377
0.226848
0.226322
0.225798
0.225276
0.224757
0.224241
0.223727
0.223215
0.222706
0.222199
0.221694
0.221192
0.220693
0.220196
0.219701
0.219208
0.218718
0.21823
0.217745
0.217262
0.216781
0.216303
0.215827
0.215353
0.214881
0.214412
0.213945
0.21348
0.213017
0.212557
0.212099
0.211643
0.211189
0.210738
0.210288
0.209841
0.209396
0.208953
0.208513
0.208074
0.207637
0.207203
0.206771
0.20634
0.205912
0.205486
0.205062
0.20464
0.20422
0.203802
0.203386
0.202972
0.202561
0.202151
0.201743
0.201337
0.200933
0.200531
0.200131
0.199732
0.199336
0.198942
0.198549
0.198159
0.19777
0.197383
0.196998
0.196615
0.196234
0.195854
0.195476
0.195101
0.194727
0.194354
0.193984
0.193615
0.193248
0.192883
0.19252
0.192158
0.191798
0.19144
0.191084
0.190729
0.190376
0.190025
0.189675
0.189327
0.18898
0.188636
0.188293
0.187951
0.187611
0.187273
0.186937
0.186602
0.186268
0.185937
0.185606
0.185278
0.184951
0.184625
0.184301
0.183979
0.183658
0.183339
0.183021
0.182705
0.18239
0.182076
0.181765
0.181454
0.181145
0.180838
0.180532
0.180227
0.179924
0.179623
0.179323
0.179024
0.178726
0.17843
0.178136
0.177843
0.177551
0.17726
0.176971
0.176684
0.176397
0.176112
0.175829
0.175547
0.175266
0.174986
0.174708
0.174431
0.174155
0.173881
0.173608
0.173336
0.173065
0.172796
0.172528
0.172262
0.171996
0.171732
0.171469
0.171207
0.170947
0.170688
0.17043
0.170173
0.169917
0.169663
0.16941
0.169158
0.168907
0.168657
0.168409
0.168162
0.167916
0.167671
0.167427
0.167184
0.166943
0.166702
0.166463
0.166225
0.165988
0.165752
0.165518
0.165284
0.165052
0.16482
0.16459
0.164361
0.164133
0.163906
0.16368
0.163455
0.163231
0.163008
0.162787
0.162566
0.162346
0.162128
0.16191
0.161694
0.161479
0.161264
0.161051
0.160838
0.160627
0.160417
0.160207
0.159999
0.159792
0.159585
0.15938
0.159176
0.158972
0.15877
0.158569
0.158368
0.158169
0.15797
0.157773
0.157576
0.15738
0.157186
0.156992
0.156799
0.156607
0.156416
0.156226
0.156037
0.155849
0.155662
0.155476
0.15529
0.155106
0.154922
0.154739
0.154558
0.154377
0.154197
0.154018
0.153839
0.153662
0.153486
0.15331
0.153135
0.152961
0.152788
0.152616
0.152445
0.152275
0.152105
0.151936
0.151769
0.151602
0.151436
0.15127
0.151106
0.150942
0.150779
0.150617
0.150456
0.150296
0.150136
0.149978
0.14982
0.149663
0.149506
0.149351
0.149196
0.149043
0.14889
0.148737
0.148586
0.148435
0.148285
0.148136
0.147988
0.147841
0.147694
0.147548
0.147403
0.147258
0.147115
0.146972
0.14683
0.146688
0.146548
0.146408
0.146269
0.146131
0.145993
0.145856
0.14572
0.145585
0.14545
0.145317
0.145184
0.145051
0.14492
0.144789
0.144659
0.144529
0.144401
0.144273
0.144145
0.144019
0.143893
0.143768
0.143644
0.14352
0.143397
0.143275
0.143154
0.143033
0.142913
0.142793
0.142675
0.142557
0.142439
0.142323
0.142207
0.142092
0.141977
0.141863
0.14175
0.141638
0.141526
0.141415
0.141305
0.141195
0.141086
0.140977
0.14087
0.140763
0.140656
0.140551
0.140446
0.140341
0.140238
0.140135
0.140032
0.139931
0.13983
0.139729
0.13963
0.13953
0.139432
0.139334
0.139237
0.139141
0.139045
0.13895
0.138855
0.138761
0.138668
0.138576
0.138484
0.138392
0.138302
0.138212
0.138122
0.138034
0.137945
0.137858
0.137771
0.137685
0.137599
0.137514
0.13743
0.137346
0.137263
0.137181
0.137099
0.137017
0.136937
0.136857
0.136777
0.136699
0.13662
0.136543
0.136466
0.13639
0.136314
0.136239
0.136164
0.13609
0.136017
0.135944
0.135872
0.135801
0.13573
0.135659
0.13559
0.135521
0.135452
0.135384
0.135317
0.13525
0.135184
0.135119
0.135054
0.134989
0.134925
0.134862
0.1348
0.134738
0.134676
0.134615
0.134555
0.134495
0.134436
0.134378
0.13432
0.134262
0.134206
0.134149
0.134094
0.134039
0.133984
0.13393
0.133877
0.133824
0.133772
0.13372
0.133669
0.133619
0.133569
0.13352
0.133471
0.133423
0.133375
0.133328
0.133281
0.133235
0.13319
0.133145
0.133101
0.133057
0.133014
0.132971
0.132929
0.132888
0.132847
0.132806
0.132766
0.132727
0.132688
0.13265
0.132612
0.132575
0.132539
0.132503
0.132467
0.132432
0.132398
0.132364
0.132331
0.132298
0.132266
0.132234
0.132203
0.132173
0.132143
0.132113
0.132084
0.132056
0.132028
0.132001
0.131974
0.131948
0.131922
0.131897
0.131872
0.131848
0.131824
0.131801
0.131779
0.131757
0.131735
0.131715
0.131694
0.131674
0.131655
0.131636
0.131618
0.1316
0.131583
0.131566
0.13155
0.131534
0.131519
0.131504
0.13149
0.131477
0.131464
0.131451
0.131439
0.131428
0.131417
0.131406
0.131396
0.131387
0.131378
0.13137
0.131362
0.131354
0.131348
0.131341
0.131336
0.13133
0.131325
0.131321
0.131317
0.131314
0.131311
0.131309
0.131308
0.131306
0.131306
0.131305
0.131306
0.131307
0.131308
0.13131
0.131312
0.131315
0.131318
0.131322
0.131327
0.131331
0.131337
0.131343
0.131349
0.131356
0.131363
0.131371
0.13138
0.131389
0.131398
0.131408
0.131418
0.131429
0.13144
0.131452
0.131465
0.131478
0.131491
0.131505
0.131519
0.131534
0.131549
0.131565
0.131582
0.131599
0.131616
0.131634
0.131652
0.131671
0.13169
0.13171
0.13173
0.131751
0.131772
0.131794
0.131816
0.131839
0.131862
0.131886
0.13191
0.131935
0.13196
0.131986
0.132012
0.132039
0.132066
0.132094
0.132122
0.13215
0.13218
0.132209
0.132239
0.13227
0.132301
0.132332
0.132364
0.132397
0.13243
0.132463
0.132497
0.132532
0.132567
0.132602
0.132638
0.132674
0.132711
0.132749
0.132786
0.132825
0.132863
0.132903
0.132942
0.132983
0.133023
0.133065
0.133106
0.133148
0.133191
0.133234
0.133278
0.133322
0.133366
0.133411
0.133457
0.133503
0.133549
0.133596
0.133644
0.133692
0.13374
0.133789
0.133838
0.133888
0.133939
0.133989
0.134041
0.134092
0.134145
0.134197
0.13425
0.134304
0.134358
0.134413
0.134468
0.134524
0.13458
0.134636
0.134693
0.134751
0.134809
0.134867
0.134926
0.134985
0.135045
0.135105
0.135166
0.135228
0.135289
0.135352
0.135414
0.135478
0.135541
0.135605
0.13567
0.135735
0.135801
0.135867
0.135933
0.136001
0.136068
0.136136
0.136205
0.136273
0.136343
0.136413
0.136483
0.136554
0.136625
0.136697
0.13677
0.136842
0.136916
0.136989
0.137064
0.137138
0.137214
0.137289
0.137365
0.137442
0.137519
0.137597
0.137675
0.137753
0.137832
0.137912
0.137992
0.138072
0.138153
0.138235
0.138317
0.138399
0.138482
0.138566
0.138649
0.138734
0.138819
0.138904
0.13899
0.139076
0.139163
0.13925
0.139338
0.139426
0.139515
0.139604
0.139694
0.139784
0.139875
0.139966
0.140058
0.14015
0.140243
0.140336
0.140429
0.140523
0.140618
0.140713
0.140809
0.140905
0.141002
0.141099
0.141196
0.141294
0.141393
0.141492
0.141592
0.141692
0.141792
0.141893
0.141995
0.142097
0.1422
0.142303
0.142406
0.14251
0.142615
0.14272
0.142826
0.142932
0.143038
0.143146
0.143253
0.143361
0.14347
0.143579
0.143689
0.143799
0.14391
0.144021
0.144132
0.144245
0.144357
0.144471
0.144584
0.144699
0.144813
0.144929
0.145045
0.145161
0.145278
0.145395
0.145513
0.145631
0.14575
0.14587
0.14599
0.14611
0.146231
0.146353
0.146475
0.146598
0.146721
0.146845
0.146969
0.147093
0.147219
0.147345
0.147471
0.147598
0.147725
0.147853
0.147982
0.148111
0.14824
0.14837
0.148501
0.148632
0.148764
0.148896
0.149029
0.149162
0.149296
0.149431
0.149566
0.149701
0.149838
0.149974
0.150112
0.150249
0.150388
0.150527
0.150666
0.150806
0.150947
0.151088
0.15123
0.151372
0.151515
0.151658
0.151802
0.151947
0.152092
0.152238
0.152384
0.152531
0.152678
0.152826
0.152975
0.153124
0.153274
0.153424
0.153575
0.153726
0.153879
0.154031
0.154184
0.154338
0.154493
0.154648
0.154803
0.15496
0.155117
0.155274
0.155432
0.155591
0.15575
0.15591
0.15607
0.156231
0.156393
0.156555
0.156718
0.156882
0.157046
0.157211
0.157376
0.157542
0.157709
0.157876
0.158044
0.158212
0.158382
0.158551
0.158722
0.158893
0.159064
0.159237
0.15941
0.159583
0.159758
0.159933
0.160108
0.160284
0.160461
0.160639
0.160817
0.160996
0.161175
0.161355
0.161536
0.161718
0.1619
0.162082
0.162266
0.16245
0.162635
0.16282
0.163007
0.163193
0.163381
0.163569
0.163758
0.163948
0.164138
0.164329
0.164521
0.164713
0.164906
0.1651
0.165295
0.16549
0.165686
0.165882
0.16608
0.166278
0.166477
0.166676
0.166876
0.167077
0.167279
0.167482
0.167685
0.167889
0.168093
0.168299
0.168505
0.168712
0.168919
0.169128
0.169337
0.169547
0.169757
0.169969
0.170181
0.170394
0.170607
0.170822
0.171037
0.171253
0.17147
0.171688
0.171906
0.172125
0.172345
0.172566
0.172787
0.17301
0.173233
0.173457
0.173682
0.173907
0.174134
0.174361
0.174589
0.174818
0.175047
0.175278
0.175509
0.175741
0.175974
0.176208
0.176443
0.176679
0.176915
0.177152
0.17739
0.177629
0.177869
0.17811
0.178352
0.178594
0.178838
0.179082
0.179327
0.179573
0.17982
0.180068
0.180316
0.180566
0.180817
0.181068
0.18132
0.181574
0.181828
0.182083
0.182339
0.182596
0.182854
0.183113
0.183372
0.183633
0.183895
0.184158
0.184421
0.184686
0.184951
0.185218
0.185485
0.185754
0.186023
0.186294
0.186565
0.186838
0.187111
0.187386
0.187661
0.187938
0.188215
0.188494
0.188773
0.189054
0.189335
0.189618
0.189902
0.190186
0.190472
0.190759
0.191047
0.191336
0.191626
0.191917
0.19221
0.192503
0.192797
0.193093
0.193389
0.193687
0.193986
0.194286
0.194587
0.194889
0.195193
0.195497
0.195803
0.196109
0.196417
0.196726
0.197037
0.197348
0.197661
0.197975
0.198289
0.198606
0.198923
0.199242
0.199561
0.199882
0.200204
0.200528
0.200853
0.201178
0.201506
0.201834
0.202164
0.202494
0.202827
0.20316
0.203495
0.203831
0.204168
0.204507
0.204847
0.205188
0.20553
0.205874
0.206219
0.206566
0.206914
0.207263
0.207614
0.207966
0.208319
0.208673
0.20903
0.209387
0.209746
0.210106
0.210468
0.210831
0.211195
0.211561
0.211929
0.212298
0.212668
0.21304
0.213413
0.213788
0.214164
0.214542
0.214921
0.215301
0.215684
0.216067
0.216453
0.21684
0.217228
0.217618
0.218009
0.218402
0.218797
0.219193
0.219591
0.219991
0.220392
0.220794
0.221199
0.221605
0.222012
0.222422
0.222833
0.223245
0.22366
0.224076
0.224493
0.224913
0.225334
0.225757
0.226182
0.226608
0.227036
0.227466
0.227898
0.228331
0.228767
0.229204
0.229643
0.230084
0.230526
0.230971
0.231417
0.231865
0.232315
0.232767
0.233221
0.233677
0.234135
0.234595
0.235056
0.23552
0.235986
0.236453
0.236923
0.237394
0.237868
0.238344
0.238821
0.239301
0.239783
0.240267
0.240753
0.241241
0.241731
0.242224
0.242718
0.243215
0.243714
0.244215
0.244718
0.245224
0.245731
0.246241
0.246753
0.247268
0.247784
0.248303
0.248825
0.249348
0.249874
0.250402
0.250933
0.251466
0.252002
0.252539
0.25308
0.253622
0.254168
0.254715
0.255265
0.255818
0.256373
0.256931
0.257491
0.258054
0.258619
0.259187
0.259758
0.260331
0.260907
0.261485
0.262066
0.26265
0.263237
0.263826
0.264418
0.265013
0.265611
0.266211
0.266815
0.267421
0.26803
0.268642
0.269256
0.269874
0.270495
0.271118
0.271745
0.272375
0.273007
0.273643
0.274282
0.274923
0.275568
0.276216
0.276867
0.277522
0.278179
0.27884
0.279504
0.280171
0.280842
0.281516
0.282193
0.282873
0.283557
0.284244
0.284935
0.285629
0.286327
0.287028
0.287733
0.288441
0.289152
0.289868
0.290587
0.291309
0.292035
0.292765
0.293499
0.294236
0.294978
0.295723
0.296472
0.297224
0.297981
0.298741
0.299506
0.300274
0.301047
0.301823
0.302604
0.303389
0.304177
0.30497
0.305768
0.306569
0.307375
0.308184
0.308999
0.309817
0.31064
0.311468
0.3123
0.313136
0.313977
0.314822
0.315672
0.316527
0.31574
0.314952
0.314164
0.313375
0.312587
0.311798
0.311009
0.31022
0.309431
0.308642
0.307854
0.307066
0.306279
0.305492
0.304706
0.30392
0.303136
0.302352
0.301569
0.300787
0.300006
0.299226
0.298448
0.29767
0.296894
0.29612
0.295346
0.294575
0.293804
0.293036
0.292269
0.291503
0.290739
0.289977
0.289217
0.288459
0.287703
0.286948
0.286196
0.285445
0.284697
0.28395
0.283206
0.282464
0.281723
0.280986
0.28025
0.279517
0.278785
0.278057
0.27733
0.276606
0.275884
0.275165
0.274448
0.273733
0.273021
0.272311
0.271604
0.270899
0.270197
0.269498
0.2688
0.268106
0.267414
0.266725
0.266038
0.265354
0.264672
0.263993
0.263317
0.262643
0.261972
0.261304
0.260638
0.259975
0.259315
0.258657
0.258002
0.25735
0.2567
0.256053
0.255409
0.254768
0.254129
0.253493
0.252859
0.252229
0.251601
0.250975
0.250353
0.249733
0.249116
0.248501
0.247889
0.24728
0.246674
0.24607
0.245469
0.244871
0.244275
0.243682
0.243092
0.242505
0.24192
0.241337
0.240758
0.240181
0.239606
0.239035
0.238466
0.237899
0.237335
0.236774
0.236216
0.23566
0.235106
0.234555
0.234007
0.233462
0.232918
0.232378
0.23184
0.231305
0.230772
0.230241
0.229713
0.229188
0.228665
0.228145
0.227627
0.227112
0.226599
0.226088
0.22558
0.225075
0.224571
0.224071
0.223572
0.223076
0.222583
0.222092
0.221603
0.221117
0.220633
0.220151
0.219671
0.219194
0.21872
0.218247
0.217777
0.217309
0.216844
0.216381
0.21592
0.215461
0.215004
0.21455
0.214098
0.213648
0.2132
0.212755
0.212312
0.21187
0.211432
0.210995
0.21056
0.210128
0.209697
0.209269
0.208843
0.208418
0.207996
0.207576
0.207159
0.206743
0.206329
0.205917
0.205507
0.2051
0.204694
0.20429
0.203889
0.203489
0.203091
0.202695
0.202301
0.201909
0.201519
0.201131
0.200745
0.200361
0.199978
0.199598
0.199219
0.198842
0.198467
0.198094
0.197723
0.197354
0.196986
0.19662
0.196256
0.195894
0.195533
0.195175
0.194818
0.194463
0.194109
0.193758
0.193408
0.19306
0.192713
0.192368
0.192025
0.191684
0.191344
0.191006
0.19067
0.190335
0.190002
0.189671
0.189341
0.189013
0.188686
0.188361
0.188038
0.187716
0.187396
0.187077
0.18676
0.186444
0.186131
0.185818
0.185507
0.185198
0.18489
0.184584
0.184279
0.183976
0.183674
0.183374
0.183075
0.182777
0.182481
0.182187
0.181894
0.181602
0.181312
0.181024
0.180736
0.180451
0.180166
0.179883
0.179601
0.179321
0.179042
0.178765
0.178489
0.178214
0.17794
0.177668
0.177398
0.177128
0.17686
0.176593
0.176328
0.176064
0.175801
0.17554
0.175279
0.17502
0.174763
0.174507
0.174251
0.173998
0.173745
0.173494
0.173244
0.172995
0.172747
0.172501
0.172256
0.172012
0.171769
0.171528
0.171287
0.171048
0.170811
0.170574
0.170338
0.170104
0.169871
0.169639
0.169408
0.169178
0.16895
0.168722
0.168496
0.168271
0.168047
0.167824
0.167603
0.167382
0.167163
0.166944
0.166727
0.166511
0.166296
0.166082
0.165869
0.165657
0.165446
0.165237
0.165028
0.164821
0.164614
0.164409
0.164204
0.164001
0.163799
0.163598
0.163398
0.163198
0.163
0.162803
0.162607
0.162412
0.162218
0.162025
0.161833
0.161642
0.161452
0.161263
0.161075
0.160888
0.160702
0.160517
0.160333
0.160149
0.159967
0.159786
0.159606
0.159426
0.159248
0.159071
0.158894
0.158719
0.158544
0.15837
0.158198
0.158026
0.157855
0.157685
0.157516
0.157348
0.157181
0.157015
0.156849
0.156685
0.156521
0.156359
0.156197
0.156036
0.155876
0.155717
0.155559
0.155402
0.155245
0.15509
0.154935
0.154781
0.154628
0.154476
0.154325
0.154175
0.154025
0.153876
0.153729
0.153582
0.153436
0.15329
0.153146
0.153002
0.15286
0.152718
0.152577
0.152436
0.152297
0.152158
0.152021
0.151884
0.151747
0.151612
0.151478
0.151344
0.151211
0.151079
0.150948
0.150817
0.150687
0.150558
0.15043
0.150303
0.150176
0.150051
0.149926
0.149802
0.149678
0.149556
0.149434
0.149313
0.149192
0.149073
0.148954
0.148836
0.148719
0.148602
0.148487
0.148372
0.148257
0.148144
0.148031
0.147919
0.147808
0.147698
0.147588
0.147479
0.147371
0.147263
0.147157
0.147051
0.146945
0.146841
0.146737
0.146634
0.146532
0.14643
0.146329
0.146229
0.14613
0.146031
0.145933
0.145836
0.145739
0.145643
0.145548
0.145454
0.14536
0.145267
0.145174
0.145083
0.144992
0.144902
0.144812
0.144723
0.144635
0.144548
0.144461
0.144375
0.14429
0.144205
0.144121
0.144038
0.143955
0.143873
0.143792
0.143711
0.143631
0.143552
0.143474
0.143396
0.143319
0.143242
0.143166
0.143091
0.143017
0.142943
0.14287
0.142797
0.142725
0.142654
0.142584
0.142514
0.142445
0.142376
0.142308
0.142241
0.142174
0.142108
0.142043
0.141979
0.141915
0.141851
0.141789
0.141727
0.141665
0.141605
0.141544
0.141485
0.141426
0.141368
0.141311
0.141254
0.141197
0.141142
0.141087
0.141032
0.140979
0.140926
0.140873
0.140821
0.14077
0.14072
0.14067
0.14062
0.140572
0.140524
0.140476
0.140429
0.140383
0.140338
0.140293
0.140248
0.140205
0.140162
0.140119
0.140077
0.140036
0.139995
0.139955
0.139916
0.139877
0.139839
0.139801
0.139764
0.139728
0.139692
0.139657
0.139622
0.139588
0.139555
0.139522
0.13949
0.139459
0.139428
0.139397
0.139367
0.139338
0.13931
0.139282
0.139254
0.139228
0.139201
0.139176
0.139151
0.139126
0.139103
0.139079
0.139057
0.139035
0.139013
0.138992
0.138972
0.138952
0.138933
0.138915
0.138897
0.138879
0.138862
0.138846
0.138831
0.138816
0.138801
0.138787
0.138774
0.138761
0.138749
0.138737
0.138726
0.138716
0.138706
0.138697
0.138688
0.13868
0.138672
0.138665
0.138659
0.138653
0.138648
0.138643
0.138639
0.138635
0.138632
0.13863
0.138628
0.138627
0.138626
0.138626
0.138626
0.138627
0.138629
0.138631
0.138633
0.138636
0.13864
0.138645
0.138649
0.138655
0.138661
0.138667
0.138674
0.138682
0.13869
0.138699
0.138708
0.138718
0.138729
0.13874
0.138751
0.138763
0.138776
0.138789
0.138803
0.138817
0.138832
0.138848
0.138864
0.13888
0.138897
0.138915
0.138933
0.138952
0.138971
0.138991
0.139011
0.139032
0.139053
0.139075
0.139098
0.139121
0.139145
0.139169
0.139194
0.139219
0.139245
0.139271
0.139298
0.139325
0.139353
0.139382
0.139411
0.139441
0.139471
0.139502
0.139533
0.139565
0.139597
0.13963
0.139663
0.139697
0.139732
0.139767
0.139802
0.139838
0.139875
0.139912
0.13995
0.139988
0.140027
0.140066
0.140106
0.140146
0.140187
0.140229
0.140271
0.140313
0.140356
0.1404
0.140444
0.140489
0.140534
0.14058
0.140626
0.140673
0.14072
0.140768
0.140817
0.140866
0.140915
0.140965
0.141016
0.141067
0.141119
0.141171
0.141224
0.141277
0.141331
0.141385
0.14144
0.141495
0.141551
0.141607
0.141664
0.141722
0.14178
0.141839
0.141898
0.141957
0.142018
0.142078
0.14214
0.142201
0.142264
0.142327
0.14239
0.142454
0.142518
0.142583
0.142649
0.142715
0.142781
0.142849
0.142916
0.142984
0.143053
0.143122
0.143192
0.143263
0.143333
0.143405
0.143477
0.143549
0.143622
0.143696
0.14377
0.143845
0.14392
0.143995
0.144072
0.144148
0.144226
0.144304
0.144382
0.144461
0.14454
0.14462
0.144701
0.144782
0.144864
0.144946
0.145028
0.145112
0.145195
0.14528
0.145365
0.14545
0.145536
0.145622
0.145709
0.145797
0.145885
0.145974
0.146063
0.146153
0.146243
0.146334
0.146425
0.146517
0.14661
0.146703
0.146796
0.14689
0.146985
0.14708
0.147176
0.147272
0.147369
0.147467
0.147564
0.147663
0.147762
0.147862
0.147962
0.148063
0.148164
0.148266
0.148368
0.148471
0.148574
0.148679
0.148783
0.148888
0.148994
0.1491
0.149207
0.149315
0.149423
0.149531
0.14964
0.14975
0.14986
0.149971
0.150082
0.150194
0.150307
0.15042
0.150533
0.150647
0.150762
0.150877
0.150993
0.15111
0.151227
0.151345
0.151463
0.151581
0.151701
0.151821
0.151941
0.152062
0.152184
0.152306
0.152429
0.152552
0.152676
0.152801
0.152926
0.153052
0.153178
0.153305
0.153433
0.153561
0.153689
0.153819
0.153949
0.154079
0.15421
0.154342
0.154474
0.154607
0.15474
0.154874
0.155009
0.155144
0.15528
0.155417
0.155554
0.155691
0.15583
0.155968
0.156108
0.156248
0.156389
0.15653
0.156672
0.156815
0.156958
0.157102
0.157246
0.157391
0.157537
0.157683
0.15783
0.157978
0.158126
0.158274
0.158424
0.158574
0.158725
0.158876
0.159028
0.159181
0.159334
0.159488
0.159642
0.159797
0.159953
0.16011
0.160267
0.160425
0.160583
0.160742
0.160902
0.161062
0.161223
0.161385
0.161547
0.16171
0.161874
0.162038
0.162203
0.162369
0.162535
0.162702
0.16287
0.163039
0.163208
0.163377
0.163548
0.163719
0.163891
0.164063
0.164236
0.16441
0.164585
0.16476
0.164936
0.165112
0.16529
0.165468
0.165647
0.165826
0.166006
0.166187
0.166369
0.166551
0.166734
0.166918
0.167102
0.167287
0.167473
0.16766
0.167847
0.168035
0.168224
0.168413
0.168604
0.168795
0.168986
0.169179
0.169372
0.169566
0.169761
0.169956
0.170153
0.17035
0.170547
0.170746
0.170945
0.171145
0.171346
0.171548
0.17175
0.171953
0.172157
0.172362
0.172567
0.172774
0.172981
0.173188
0.173397
0.173607
0.173817
0.174028
0.17424
0.174452
0.174666
0.17488
0.175095
0.175311
0.175528
0.175746
0.175964
0.176183
0.176403
0.176624
0.176846
0.177068
0.177292
0.177516
0.177741
0.177967
0.178194
0.178422
0.17865
0.17888
0.17911
0.179341
0.179573
0.179806
0.18004
0.180275
0.18051
0.180747
0.180984
0.181222
0.181462
0.181702
0.181943
0.182185
0.182427
0.182671
0.182916
0.183161
0.183408
0.183655
0.183904
0.184153
0.184403
0.184654
0.184907
0.18516
0.185414
0.185669
0.185925
0.186182
0.18644
0.186699
0.186959
0.18722
0.187481
0.187744
0.188008
0.188273
0.188539
0.188806
0.189074
0.189343
0.189613
0.189884
0.190156
0.190429
0.190703
0.190978
0.191254
0.191532
0.19181
0.192089
0.19237
0.192651
0.192934
0.193217
0.193502
0.193788
0.194075
0.194363
0.194652
0.194942
0.195234
0.195526
0.19582
0.196114
0.19641
0.196707
0.197006
0.197305
0.197605
0.197907
0.19821
0.198514
0.198819
0.199125
0.199432
0.199741
0.200051
0.200362
0.200674
0.200988
0.201303
0.201618
0.201936
0.202254
0.202574
0.202895
0.203217
0.20354
0.203865
0.204191
0.204518
0.204846
0.205176
0.205507
0.20584
0.206173
0.206508
0.206845
0.207182
0.207521
0.207861
0.208203
0.208546
0.20889
0.209236
0.209583
0.209932
0.210282
0.210633
0.210985
0.21134
0.211695
0.212052
0.21241
0.21277
0.213131
0.213494
0.213858
0.214223
0.21459
0.214959
0.215329
0.2157
0.216073
0.216448
0.216824
0.217201
0.21758
0.217961
0.218343
0.218727
0.219112
0.219499
0.219887
0.220277
0.220669
0.221062
0.221457
0.221853
0.222251
0.222651
0.223052
0.223455
0.22386
0.224266
0.224674
0.225084
0.225495
0.225909
0.226323
0.22674
0.227158
0.227578
0.228
0.228424
0.228849
0.229276
0.229705
0.230136
0.230569
0.231003
0.231439
0.231877
0.232317
0.232759
0.233203
0.233648
0.234096
0.234545
0.234996
0.23545
0.235905
0.236362
0.236821
0.237282
0.237745
0.23821
0.238677
0.239146
0.239617
0.240091
0.240566
0.241043
0.241522
0.242004
0.242487
0.242973
0.243461
0.243951
0.244443
0.244937
0.245434
0.245932
0.246433
0.246936
0.247442
0.247949
0.248459
0.248971
0.249486
0.250003
0.250522
0.251043
0.251567
0.252093
0.252621
0.253152
0.253685
0.254221
0.254759
0.2553
0.255843
0.256388
0.256936
0.257487
0.25804
0.258595
0.259153
0.259714
0.260277
0.260843
0.261412
0.261983
0.262557
0.263134
0.263713
0.264295
0.264879
0.265467
0.266057
0.26665
0.267246
0.267844
0.268446
0.26905
0.269657
0.270267
0.27088
0.271496
0.272115
0.272737
0.273361
0.273989
0.27462
0.275254
0.275891
0.276531
0.277174
0.277821
0.27847
0.279123
0.279779
0.280438
0.2811
0.281766
0.282435
0.283107
0.283782
0.284461
0.285144
0.285829
0.286519
0.287211
0.287907
0.288607
0.28931
0.290017
0.290727
0.291441
0.292158
0.292879
0.293604
0.294333
0.295065
0.295801
0.296541
0.297284
0.298032
0.298783
0.299539
0.300298
0.301061
0.301828
0.302599
0.303375
0.304154
0.304937
0.305725
0.306517
0.307313
0.308113
0.308917
0.309726
0.310539
0.311357
0.312179
0.313005
0.313836
0.314671
0.315511
0.316355
0.317204
0.3164
0.315595
0.314791
0.313987
0.313183
0.312379
0.311576
0.310774
0.309972
0.309171
0.30837
0.307571
0.306772
0.305975
0.305178
0.304383
0.303589
0.302796
0.302004
0.301214
0.300426
0.299638
0.298853
0.298069
0.297286
0.296506
0.295727
0.29495
0.294175
0.293401
0.29263
0.29186
0.291093
0.290328
0.289564
0.288803
0.288044
0.287287
0.286533
0.285781
0.28503
0.284283
0.283537
0.282794
0.282054
0.281316
0.28058
0.279847
0.279116
0.278387
0.277662
0.276939
0.276218
0.2755
0.274784
0.274071
0.273361
0.272654
0.271949
0.271246
0.270547
0.26985
0.269156
0.268464
0.267775
0.267089
0.266406
0.265726
0.265048
0.264373
0.2637
0.263031
0.262364
0.2617
0.261039
0.260381
0.259725
0.259072
0.258422
0.257775
0.257131
0.256489
0.25585
0.255214
0.254581
0.25395
0.253323
0.252698
0.252076
0.251457
0.25084
0.250226
0.249615
0.249007
0.248402
0.247799
0.247199
0.246602
0.246008
0.245416
0.244828
0.244241
0.243658
0.243077
0.2425
0.241924
0.241352
0.240782
0.240215
0.239651
0.239089
0.23853
0.237974
0.23742
0.236869
0.23632
0.235775
0.235231
0.234691
0.234153
0.233618
0.233085
0.232555
0.232027
0.231502
0.23098
0.23046
0.229943
0.229428
0.228915
0.228406
0.227898
0.227394
0.226891
0.226392
0.225894
0.225399
0.224907
0.224417
0.223929
0.223444
0.222961
0.222481
0.222003
0.221527
0.221054
0.220583
0.220115
0.219649
0.219185
0.218723
0.218264
0.217807
0.217352
0.2169
0.21645
0.216002
0.215556
0.215113
0.214672
0.214233
0.213796
0.213362
0.212929
0.212499
0.212071
0.211645
0.211221
0.2108
0.21038
0.209963
0.209548
0.209134
0.208723
0.208314
0.207907
0.207503
0.2071
0.206699
0.2063
0.205903
0.205509
0.205116
0.204725
0.204336
0.203949
0.203564
0.203182
0.2028
0.202421
0.202044
0.201669
0.201296
0.200924
0.200555
0.200187
0.199821
0.199457
0.199095
0.198735
0.198376
0.198019
0.197665
0.197312
0.19696
0.196611
0.196263
0.195917
0.195573
0.195231
0.19489
0.194551
0.194214
0.193878
0.193544
0.193212
0.192882
0.192553
0.192226
0.1919
0.191576
0.191254
0.190934
0.190615
0.190298
0.189982
0.189668
0.189356
0.189045
0.188736
0.188428
0.188122
0.187817
0.187514
0.187213
0.186913
0.186615
0.186318
0.186022
0.185729
0.185436
0.185145
0.184856
0.184568
0.184282
0.183997
0.183714
0.183432
0.183151
0.182872
0.182594
0.182318
0.182043
0.18177
0.181498
0.181227
0.180958
0.18069
0.180423
0.180158
0.179895
0.179632
0.179371
0.179112
0.178853
0.178596
0.178341
0.178086
0.177833
0.177582
0.177331
0.177082
0.176835
0.176588
0.176343
0.176099
0.175856
0.175615
0.175375
0.175136
0.174898
0.174662
0.174427
0.174193
0.17396
0.173729
0.173499
0.173269
0.173042
0.172815
0.17259
0.172365
0.172142
0.171921
0.1717
0.17148
0.171262
0.171045
0.170829
0.170614
0.1704
0.170188
0.169977
0.169766
0.169557
0.169349
0.169142
0.168936
0.168732
0.168528
0.168326
0.168124
0.167924
0.167725
0.167527
0.16733
0.167134
0.166939
0.166745
0.166553
0.166361
0.16617
0.165981
0.165792
0.165605
0.165419
0.165233
0.165049
0.164866
0.164683
0.164502
0.164322
0.164143
0.163965
0.163787
0.163611
0.163436
0.163262
0.163089
0.162917
0.162745
0.162575
0.162406
0.162238
0.16207
0.161904
0.161739
0.161574
0.161411
0.161249
0.161087
0.160927
0.160767
0.160608
0.160451
0.160294
0.160138
0.159983
0.159829
0.159676
0.159524
0.159373
0.159222
0.159073
0.158925
0.158777
0.15863
0.158485
0.15834
0.158196
0.158053
0.157911
0.157769
0.157629
0.157489
0.157351
0.157213
0.157076
0.15694
0.156805
0.156671
0.156538
0.156405
0.156273
0.156143
0.156013
0.155884
0.155755
0.155628
0.155501
0.155376
0.155251
0.155127
0.155004
0.154881
0.15476
0.154639
0.154519
0.1544
0.154282
0.154165
0.154048
0.153933
0.153818
0.153704
0.15359
0.153478
0.153366
0.153255
0.153145
0.153036
0.152928
0.15282
0.152713
0.152607
0.152502
0.152397
0.152293
0.15219
0.152088
0.151987
0.151886
0.151787
0.151688
0.151589
0.151492
0.151395
0.151299
0.151204
0.15111
0.151016
0.150923
0.150831
0.15074
0.150649
0.150559
0.15047
0.150382
0.150294
0.150207
0.150121
0.150036
0.149951
0.149868
0.149784
0.149702
0.14962
0.149539
0.149459
0.14938
0.149301
0.149223
0.149146
0.149069
0.148994
0.148919
0.148844
0.148771
0.148698
0.148626
0.148554
0.148483
0.148413
0.148344
0.148275
0.148207
0.14814
0.148074
0.148008
0.147943
0.147879
0.147815
0.147752
0.14769
0.147628
0.147567
0.147507
0.147448
0.147389
0.147331
0.147273
0.147217
0.147161
0.147105
0.147051
0.146997
0.146943
0.146891
0.146839
0.146788
0.146737
0.146687
0.146638
0.14659
0.146542
0.146495
0.146448
0.146402
0.146357
0.146313
0.146269
0.146226
0.146183
0.146142
0.1461
0.14606
0.14602
0.145981
0.145943
0.145905
0.145868
0.145831
0.145795
0.14576
0.145726
0.145692
0.145658
0.145626
0.145594
0.145563
0.145532
0.145502
0.145473
0.145444
0.145416
0.145389
0.145362
0.145336
0.14531
0.145286
0.145261
0.145238
0.145215
0.145193
0.145171
0.14515
0.14513
0.14511
0.145091
0.145073
0.145055
0.145038
0.145021
0.145005
0.14499
0.144975
0.144961
0.144948
0.144935
0.144923
0.144912
0.144901
0.144891
0.144881
0.144872
0.144864
0.144856
0.144849
0.144842
0.144836
0.144831
0.144826
0.144822
0.144819
0.144816
0.144814
0.144812
0.144811
0.144811
0.144811
0.144812
0.144814
0.144816
0.144819
0.144822
0.144826
0.14483
0.144836
0.144841
0.144848
0.144855
0.144862
0.14487
0.144879
0.144889
0.144899
0.144909
0.144921
0.144932
0.144945
0.144958
0.144971
0.144986
0.145001
0.145016
0.145032
0.145049
0.145066
0.145084
0.145102
0.145121
0.145141
0.145161
0.145182
0.145203
0.145225
0.145248
0.145271
0.145295
0.145319
0.145344
0.14537
0.145396
0.145423
0.14545
0.145478
0.145507
0.145536
0.145566
0.145596
0.145627
0.145658
0.14569
0.145723
0.145756
0.14579
0.145825
0.14586
0.145895
0.145932
0.145968
0.146006
0.146044
0.146082
0.146121
0.146161
0.146202
0.146242
0.146284
0.146326
0.146369
0.146412
0.146456
0.1465
0.146545
0.146591
0.146637
0.146684
0.146731
0.146779
0.146828
0.146877
0.146926
0.146977
0.147027
0.147079
0.147131
0.147184
0.147237
0.147291
0.147345
0.1474
0.147455
0.147511
0.147568
0.147625
0.147683
0.147742
0.147801
0.14786
0.147921
0.147981
0.148043
0.148105
0.148167
0.14823
0.148294
0.148358
0.148423
0.148489
0.148555
0.148621
0.148688
0.148756
0.148824
0.148893
0.148963
0.149033
0.149104
0.149175
0.149247
0.149319
0.149392
0.149466
0.14954
0.149615
0.14969
0.149766
0.149843
0.14992
0.149998
0.150076
0.150155
0.150234
0.150315
0.150395
0.150476
0.150558
0.150641
0.150724
0.150807
0.150892
0.150976
0.151062
0.151148
0.151234
0.151321
0.151409
0.151498
0.151586
0.151676
0.151766
0.151857
0.151948
0.15204
0.152133
0.152226
0.152319
0.152414
0.152508
0.152604
0.1527
0.152797
0.152894
0.152992
0.15309
0.153189
0.153289
0.153389
0.15349
0.153592
0.153694
0.153797
0.1539
0.154004
0.154108
0.154213
0.154319
0.154425
0.154532
0.15464
0.154748
0.154857
0.154966
0.155076
0.155187
0.155298
0.15541
0.155522
0.155635
0.155749
0.155863
0.155978
0.156094
0.15621
0.156327
0.156444
0.156562
0.156681
0.1568
0.15692
0.15704
0.157161
0.157283
0.157406
0.157529
0.157652
0.157777
0.157901
0.158027
0.158153
0.15828
0.158407
0.158536
0.158664
0.158794
0.158924
0.159054
0.159186
0.159317
0.15945
0.159583
0.159717
0.159852
0.159987
0.160123
0.160259
0.160396
0.160534
0.160672
0.160811
0.160951
0.161092
0.161233
0.161374
0.161517
0.16166
0.161803
0.161948
0.162093
0.162238
0.162385
0.162532
0.16268
0.162828
0.162977
0.163127
0.163277
0.163428
0.16358
0.163733
0.163886
0.164039
0.164194
0.164349
0.164505
0.164662
0.164819
0.164977
0.165136
0.165295
0.165455
0.165616
0.165777
0.165939
0.166102
0.166266
0.16643
0.166595
0.166761
0.166927
0.167094
0.167262
0.167431
0.1676
0.16777
0.167941
0.168112
0.168285
0.168458
0.168631
0.168806
0.168981
0.169157
0.169333
0.169511
0.169689
0.169868
0.170047
0.170227
0.170409
0.17059
0.170773
0.170956
0.17114
0.171325
0.171511
0.171697
0.171885
0.172073
0.172261
0.172451
0.172641
0.172832
0.173024
0.173217
0.17341
0.173604
0.173799
0.173995
0.174192
0.174389
0.174587
0.174786
0.174986
0.175187
0.175388
0.17559
0.175793
0.175997
0.176202
0.176407
0.176614
0.176821
0.177029
0.177238
0.177447
0.177658
0.177869
0.178082
0.178295
0.178508
0.178723
0.178939
0.179155
0.179373
0.179591
0.17981
0.18003
0.180251
0.180472
0.180695
0.180918
0.181143
0.181368
0.181594
0.181821
0.182049
0.182278
0.182507
0.182738
0.18297
0.183202
0.183435
0.18367
0.183905
0.184141
0.184378
0.184616
0.184855
0.185095
0.185336
0.185577
0.18582
0.186064
0.186308
0.186554
0.186801
0.187048
0.187297
0.187546
0.187797
0.188048
0.1883
0.188554
0.188808
0.189064
0.18932
0.189578
0.189836
0.190096
0.190356
0.190618
0.19088
0.191144
0.191408
0.191674
0.191941
0.192208
0.192477
0.192747
0.193018
0.19329
0.193563
0.193837
0.194112
0.194388
0.194666
0.194944
0.195224
0.195504
0.195786
0.196069
0.196353
0.196638
0.196924
0.197212
0.1975
0.19779
0.198081
0.198372
0.198666
0.19896
0.199255
0.199552
0.199849
0.200148
0.200448
0.20075
0.201052
0.201356
0.201661
0.201967
0.202274
0.202583
0.202893
0.203204
0.203516
0.203829
0.204144
0.20446
0.204777
0.205096
0.205416
0.205737
0.206059
0.206383
0.206708
0.207034
0.207361
0.20769
0.20802
0.208352
0.208685
0.209019
0.209354
0.209691
0.21003
0.210369
0.21071
0.211052
0.211396
0.211741
0.212088
0.212436
0.212785
0.213136
0.213488
0.213842
0.214197
0.214553
0.214911
0.215271
0.215631
0.215994
0.216358
0.216723
0.21709
0.217458
0.217828
0.218199
0.218572
0.218947
0.219323
0.2197
0.220079
0.22046
0.220842
0.221226
0.221611
0.221998
0.222387
0.222777
0.223169
0.223563
0.223958
0.224354
0.224753
0.225153
0.225555
0.225958
0.226363
0.22677
0.227179
0.227589
0.228001
0.228415
0.22883
0.229248
0.229667
0.230088
0.23051
0.230935
0.231361
0.231789
0.232219
0.232651
0.233084
0.23352
0.233957
0.234396
0.234837
0.23528
0.235725
0.236172
0.23662
0.237071
0.237524
0.237978
0.238435
0.238893
0.239354
0.239816
0.240281
0.240748
0.241216
0.241687
0.24216
0.242635
0.243111
0.243591
0.244072
0.244555
0.24504
0.245528
0.246018
0.24651
0.247004
0.2475
0.247999
0.2485
0.249003
0.249508
0.250016
0.250525
0.251038
0.251552
0.252069
0.252588
0.25311
0.253633
0.25416
0.254688
0.25522
0.255753
0.256289
0.256827
0.257368
0.257912
0.258458
0.259006
0.259557
0.260111
0.260667
0.261225
0.261787
0.26235
0.262917
0.263486
0.264058
0.264633
0.26521
0.26579
0.266373
0.266958
0.267546
0.268137
0.268731
0.269328
0.269927
0.27053
0.271135
0.271743
0.272354
0.272968
0.273585
0.274205
0.274828
0.275454
0.276083
0.276716
0.277351
0.277989
0.278631
0.279275
0.279923
0.280574
0.281228
0.281885
0.282546
0.28321
0.283877
0.284548
0.285222
0.285899
0.28658
0.287264
0.287951
0.288642
0.289337
0.290035
0.290736
0.291441
0.29215
0.292862
0.293578
0.294298
0.295021
0.295748
0.296479
0.297214
0.297952
0.298694
0.29944
0.30019
0.300944
0.301702
0.302464
0.30323
0.303999
0.304773
0.305551
0.306333
0.307119
0.30791
0.308705
0.309503
0.310307
0.311114
0.311926
0.312742
0.313563
0.314388
0.315217
0.316051
0.31689
0.316107
0.315323
0.31454
0.313757
0.312973
0.31219
0.311407
0.310624
0.309842
0.309061
0.30828
0.307499
0.30672
0.305941
0.305163
0.304386
0.30361
0.302835
0.302061
0.301289
0.300518
0.299748
0.298979
0.298212
0.297447
0.296683
0.295921
0.29516
0.294401
0.293644
0.292888
0.292134
0.291383
0.290633
0.289885
0.289139
0.288395
0.287653
0.286913
0.286176
0.28544
0.284707
0.283976
0.283247
0.282521
0.281796
0.281074
0.280355
0.279638
0.278923
0.27821
0.2775
0.276793
0.276088
0.275385
0.274685
0.273988
0.273293
0.2726
0.27191
0.271223
0.270538
0.269856
0.269177
0.2685
0.267826
0.267154
0.266486
0.265819
0.265156
0.264495
0.263837
0.263181
0.262529
0.261879
0.261231
0.260587
0.259945
0.259305
0.258669
0.258035
0.257404
0.256776
0.25615
0.255527
0.254907
0.25429
0.253675
0.253063
0.252454
0.251848
0.251244
0.250643
0.250045
0.249449
0.248856
0.248266
0.247679
0.247094
0.246512
0.245932
0.245356
0.244782
0.24421
0.243642
0.243076
0.242512
0.241952
0.241394
0.240838
0.240286
0.239736
0.239188
0.238643
0.238101
0.237562
0.237025
0.23649
0.235958
0.235429
0.234902
0.234378
0.233857
0.233338
0.232821
0.232307
0.231796
0.231287
0.23078
0.230276
0.229775
0.229276
0.228779
0.228285
0.227794
0.227305
0.226818
0.226334
0.225852
0.225372
0.224895
0.22442
0.223948
0.223478
0.22301
0.222545
0.222082
0.221622
0.221163
0.220707
0.220254
0.219802
0.219353
0.218906
0.218462
0.218019
0.217579
0.217141
0.216706
0.216272
0.215841
0.215412
0.214985
0.21456
0.214138
0.213718
0.213299
0.212883
0.212469
0.212057
0.211648
0.21124
0.210834
0.210431
0.21003
0.20963
0.209233
0.208838
0.208444
0.208053
0.207664
0.207277
0.206891
0.206508
0.206127
0.205748
0.20537
0.204995
0.204621
0.20425
0.20388
0.203512
0.203146
0.202783
0.20242
0.20206
0.201702
0.201345
0.200991
0.200638
0.200287
0.199938
0.199591
0.199245
0.198901
0.198559
0.198219
0.197881
0.197544
0.197209
0.196876
0.196545
0.196215
0.195887
0.195561
0.195236
0.194913
0.194592
0.194273
0.193955
0.193639
0.193324
0.193011
0.1927
0.19239
0.192082
0.191776
0.191471
0.191168
0.190866
0.190566
0.190268
0.189971
0.189676
0.189382
0.18909
0.188799
0.18851
0.188223
0.187937
0.187652
0.187369
0.187087
0.186807
0.186529
0.186252
0.185976
0.185702
0.185429
0.185158
0.184888
0.18462
0.184353
0.184088
0.183824
0.183561
0.1833
0.18304
0.182781
0.182524
0.182269
0.182014
0.181761
0.18151
0.181259
0.181011
0.180763
0.180517
0.180272
0.180028
0.179786
0.179545
0.179306
0.179068
0.178831
0.178595
0.178361
0.178127
0.177896
0.177665
0.177436
0.177208
0.176981
0.176755
0.176531
0.176308
0.176086
0.175866
0.175646
0.175428
0.175211
0.174996
0.174781
0.174568
0.174356
0.174145
0.173935
0.173727
0.17352
0.173313
0.173108
0.172904
0.172702
0.1725
0.1723
0.172101
0.171903
0.171706
0.17151
0.171315
0.171122
0.170929
0.170738
0.170548
0.170359
0.170171
0.169984
0.169798
0.169613
0.169429
0.169247
0.169065
0.168885
0.168706
0.168528
0.16835
0.168174
0.167999
0.167825
0.167652
0.16748
0.167309
0.167139
0.166971
0.166803
0.166636
0.16647
0.166306
0.166142
0.165979
0.165818
0.165657
0.165497
0.165339
0.165181
0.165024
0.164869
0.164714
0.16456
0.164408
0.164256
0.164105
0.163955
0.163806
0.163659
0.163512
0.163366
0.163221
0.163077
0.162934
0.162791
0.16265
0.16251
0.162371
0.162232
0.162095
0.161958
0.161823
0.161688
0.161554
0.161422
0.16129
0.161159
0.161029
0.160899
0.160771
0.160644
0.160517
0.160392
0.160267
0.160143
0.160021
0.159899
0.159777
0.159657
0.159538
0.159419
0.159302
0.159185
0.159069
0.158954
0.15884
0.158727
0.158615
0.158503
0.158393
0.158283
0.158174
0.158066
0.157958
0.157852
0.157747
0.157642
0.157538
0.157435
0.157333
0.157231
0.157131
0.157031
0.156932
0.156834
0.156737
0.156641
0.156545
0.156451
0.156357
0.156264
0.156171
0.15608
0.155989
0.155899
0.15581
0.155722
0.155634
0.155548
0.155462
0.155377
0.155293
0.155209
0.155127
0.155045
0.154964
0.154883
0.154804
0.154725
0.154647
0.15457
0.154494
0.154418
0.154343
0.154269
0.154196
0.154123
0.154052
0.153981
0.15391
0.153841
0.153772
0.153704
0.153637
0.153571
0.153505
0.15344
0.153376
0.153313
0.15325
0.153188
0.153127
0.153067
0.153007
0.152948
0.15289
0.152833
0.152776
0.15272
0.152665
0.15261
0.152557
0.152504
0.152452
0.1524
0.152349
0.152299
0.15225
0.152201
0.152153
0.152106
0.15206
0.152014
0.151969
0.151925
0.151881
0.151839
0.151796
0.151755
0.151714
0.151674
0.151635
0.151597
0.151559
0.151522
0.151485
0.15145
0.151415
0.15138
0.151347
0.151314
0.151282
0.15125
0.151219
0.151189
0.15116
0.151131
0.151103
0.151076
0.151049
0.151023
0.150998
0.150974
0.15095
0.150927
0.150904
0.150882
0.150861
0.150841
0.150821
0.150802
0.150784
0.150766
0.150749
0.150733
0.150717
0.150702
0.150688
0.150674
0.150662
0.150649
0.150638
0.150627
0.150617
0.150607
0.150598
0.15059
0.150582
0.150576
0.150569
0.150564
0.150559
0.150555
0.150551
0.150548
0.150546
0.150545
0.150544
0.150544
0.150544
0.150545
0.150547
0.150549
0.150552
0.150556
0.150561
0.150566
0.150571
0.150578
0.150585
0.150592
0.150601
0.15061
0.150619
0.15063
0.150641
0.150652
0.150664
0.150677
0.150691
0.150705
0.15072
0.150735
0.150752
0.150768
0.150786
0.150804
0.150823
0.150842
0.150862
0.150883
0.150904
0.150926
0.150949
0.150972
0.150996
0.15102
0.151046
0.151071
0.151098
0.151125
0.151153
0.151181
0.15121
0.15124
0.15127
0.151301
0.151332
0.151365
0.151398
0.151431
0.151465
0.1515
0.151535
0.151571
0.151608
0.151645
0.151683
0.151722
0.151761
0.151801
0.151841
0.151882
0.151924
0.151967
0.15201
0.152053
0.152097
0.152142
0.152188
0.152234
0.152281
0.152328
0.152376
0.152425
0.152474
0.152524
0.152575
0.152626
0.152678
0.152731
0.152784
0.152837
0.152892
0.152947
0.153002
0.153059
0.153116
0.153173
0.153231
0.15329
0.15335
0.15341
0.15347
0.153532
0.153594
0.153656
0.153719
0.153783
0.153848
0.153913
0.153979
0.154045
0.154112
0.15418
0.154248
0.154317
0.154386
0.154457
0.154527
0.154599
0.154671
0.154744
0.154817
0.154891
0.154965
0.155041
0.155117
0.155193
0.15527
0.155348
0.155426
0.155505
0.155585
0.155665
0.155746
0.155828
0.15591
0.155993
0.156076
0.156161
0.156245
0.156331
0.156417
0.156504
0.156591
0.156679
0.156767
0.156857
0.156947
0.157037
0.157128
0.15722
0.157312
0.157406
0.157499
0.157594
0.157689
0.157784
0.157881
0.157978
0.158075
0.158173
0.158272
0.158372
0.158472
0.158573
0.158674
0.158777
0.158879
0.158983
0.159087
0.159192
0.159297
0.159403
0.15951
0.159617
0.159725
0.159834
0.159943
0.160053
0.160164
0.160275
0.160387
0.1605
0.160613
0.160727
0.160842
0.160957
0.161073
0.16119
0.161307
0.161425
0.161544
0.161663
0.161783
0.161904
0.162025
0.162147
0.16227
0.162393
0.162517
0.162642
0.162767
0.162893
0.16302
0.163147
0.163275
0.163404
0.163533
0.163664
0.163794
0.163926
0.164058
0.164191
0.164325
0.164459
0.164594
0.16473
0.164866
0.165003
0.165141
0.165279
0.165418
0.165558
0.165699
0.16584
0.165982
0.166125
0.166268
0.166412
0.166557
0.166703
0.166849
0.166996
0.167144
0.167292
0.167441
0.167591
0.167741
0.167893
0.168045
0.168197
0.168351
0.168505
0.16866
0.168816
0.168972
0.169129
0.169287
0.169446
0.169605
0.169765
0.169926
0.170087
0.17025
0.170413
0.170577
0.170741
0.170906
0.171073
0.171239
0.171407
0.171575
0.171744
0.171914
0.172085
0.172256
0.172429
0.172602
0.172775
0.17295
0.173125
0.173301
0.173478
0.173656
0.173834
0.174013
0.174193
0.174374
0.174556
0.174738
0.174921
0.175105
0.17529
0.175476
0.175662
0.175849
0.176037
0.176226
0.176416
0.176606
0.176797
0.17699
0.177183
0.177376
0.177571
0.177766
0.177963
0.17816
0.178358
0.178556
0.178756
0.178957
0.179158
0.17936
0.179563
0.179767
0.179972
0.180177
0.180384
0.180591
0.1808
0.181009
0.181219
0.18143
0.181641
0.181854
0.182067
0.182282
0.182497
0.182713
0.18293
0.183148
0.183367
0.183587
0.183808
0.18403
0.184252
0.184476
0.1847
0.184925
0.185152
0.185379
0.185607
0.185836
0.186066
0.186297
0.186529
0.186762
0.186995
0.18723
0.187466
0.187703
0.18794
0.188179
0.188419
0.188659
0.188901
0.189143
0.189387
0.189632
0.189877
0.190124
0.190371
0.19062
0.190869
0.19112
0.191372
0.191624
0.191878
0.192133
0.192388
0.192645
0.192903
0.193162
0.193422
0.193683
0.193945
0.194208
0.194472
0.194737
0.195004
0.195271
0.19554
0.195809
0.19608
0.196352
0.196625
0.196899
0.197174
0.19745
0.197727
0.198006
0.198285
0.198566
0.198848
0.199131
0.199415
0.1997
0.199987
0.200274
0.200563
0.200853
0.201144
0.201437
0.20173
0.202025
0.202321
0.202618
0.202916
0.203216
0.203517
0.203819
0.204122
0.204426
0.204732
0.205039
0.205347
0.205657
0.205967
0.206279
0.206593
0.206907
0.207223
0.20754
0.207859
0.208178
0.208499
0.208822
0.209145
0.20947
0.209797
0.210124
0.210453
0.210784
0.211115
0.211448
0.211783
0.212119
0.212456
0.212795
0.213135
0.213476
0.213819
0.214163
0.214509
0.214856
0.215204
0.215554
0.215906
0.216259
0.216613
0.216969
0.217326
0.217685
0.218045
0.218407
0.21877
0.219135
0.219501
0.219869
0.220239
0.22061
0.220982
0.221356
0.221732
0.222109
0.222488
0.222868
0.22325
0.223634
0.224019
0.224406
0.224794
0.225184
0.225576
0.22597
0.226365
0.226762
0.22716
0.22756
0.227962
0.228366
0.228771
0.229178
0.229587
0.229998
0.23041
0.230824
0.23124
0.231657
0.232077
0.232498
0.232921
0.233346
0.233773
0.234201
0.234632
0.235064
0.235498
0.235934
0.236372
0.236812
0.237254
0.237698
0.238143
0.238591
0.239041
0.239492
0.239946
0.240401
0.240859
0.241319
0.24178
0.242244
0.242709
0.243177
0.243647
0.244119
0.244593
0.245069
0.245547
0.246028
0.24651
0.246995
0.247482
0.247971
0.248462
0.248956
0.249452
0.24995
0.25045
0.250952
0.251457
0.251964
0.252474
0.252985
0.253499
0.254016
0.254535
0.255056
0.255579
0.256105
0.256634
0.257164
0.257698
0.258233
0.258772
0.259312
0.259855
0.260401
0.26095
0.2615
0.262054
0.26261
0.263169
0.26373
0.264294
0.26486
0.26543
0.266001
0.266576
0.267153
0.267734
0.268317
0.268902
0.269491
0.270082
0.270676
0.271273
0.271873
0.272476
0.273081
0.27369
0.274301
0.274916
0.275533
0.276154
0.276778
0.277404
0.278034
0.278667
0.279302
0.279941
0.280584
0.281229
0.281877
0.282529
0.283184
0.283842
0.284504
0.285169
0.285837
0.286508
0.287183
0.287861
0.288543
0.289228
0.289917
0.290609
0.291305
0.292004
0.292707
0.293413
0.294123
0.294837
0.295554
0.296275
0.297
0.297728
0.29846
0.299196
0.299936
0.30068
0.301428
0.302179
0.302935
0.303694
0.304458
0.305225
0.305997
0.306772
0.307552
0.308336
0.309124
0.309917
0.310713
0.311514
0.31232
0.313129
0.313943
0.314762
0.315584
0.316412
0.315656
0.314901
0.314144
0.313388
0.312631
0.311874
0.311117
0.31036
0.309603
0.308847
0.30809
0.307334
0.306579
0.305824
0.30507
0.304316
0.303563
0.302811
0.302059
0.301309
0.30056
0.299812
0.299065
0.298319
0.297574
0.296831
0.296089
0.295348
0.294609
0.293872
0.293136
0.292401
0.291669
0.290938
0.290208
0.289481
0.288755
0.288031
0.287309
0.286589
0.285871
0.285155
0.284441
0.283729
0.283019
0.282311
0.281606
0.280902
0.280201
0.279502
0.278805
0.278111
0.277419
0.276729
0.276041
0.275356
0.274673
0.273993
0.273315
0.27264
0.271966
0.271296
0.270628
0.269962
0.269299
0.268638
0.26798
0.267324
0.266671
0.266021
0.265373
0.264727
0.264084
0.263444
0.262807
0.262171
0.261539
0.260909
0.260282
0.259657
0.259035
0.258416
0.257799
0.257185
0.256574
0.255965
0.255359
0.254755
0.254155
0.253556
0.252961
0.252368
0.251778
0.25119
0.250605
0.250022
0.249443
0.248866
0.248291
0.247719
0.24715
0.246583
0.246019
0.245458
0.244899
0.244343
0.243789
0.243238
0.24269
0.242144
0.241601
0.24106
0.240522
0.239987
0.239454
0.238924
0.238396
0.23787
0.237348
0.236827
0.23631
0.235795
0.235282
0.234772
0.234264
0.233759
0.233256
0.232756
0.232258
0.231763
0.23127
0.230779
0.230291
0.229806
0.229322
0.228842
0.228363
0.227887
0.227414
0.226942
0.226473
0.226007
0.225543
0.225081
0.224621
0.224164
0.223709
0.223257
0.222806
0.222358
0.221913
0.221469
0.221028
0.220589
0.220152
0.219718
0.219285
0.218855
0.218428
0.218002
0.217578
0.217157
0.216738
0.216321
0.215906
0.215493
0.215083
0.214674
0.214268
0.213864
0.213462
0.213062
0.212664
0.212268
0.211874
0.211482
0.211092
0.210705
0.210319
0.209935
0.209553
0.209174
0.208796
0.20842
0.208046
0.207675
0.207305
0.206937
0.206571
0.206207
0.205844
0.205484
0.205126
0.204769
0.204415
0.204062
0.203711
0.203362
0.203015
0.202669
0.202326
0.201984
0.201644
0.201306
0.20097
0.200635
0.200303
0.199972
0.199643
0.199315
0.198989
0.198665
0.198343
0.198023
0.197704
0.197387
0.197071
0.196758
0.196446
0.196135
0.195827
0.19552
0.195214
0.194911
0.194609
0.194308
0.194009
0.193712
0.193416
0.193122
0.19283
0.192539
0.19225
0.191962
0.191676
0.191392
0.191109
0.190827
0.190547
0.190269
0.189992
0.189717
0.189443
0.18917
0.188899
0.18863
0.188362
0.188096
0.187831
0.187567
0.187305
0.187045
0.186786
0.186528
0.186272
0.186017
0.185764
0.185512
0.185261
0.185012
0.184764
0.184518
0.184273
0.184029
0.183787
0.183546
0.183306
0.183068
0.182831
0.182596
0.182362
0.182129
0.181898
0.181667
0.181439
0.181211
0.180985
0.18076
0.180536
0.180314
0.180093
0.179873
0.179654
0.179437
0.179221
0.179007
0.178793
0.178581
0.17837
0.17816
0.177952
0.177744
0.177538
0.177334
0.17713
0.176927
0.176726
0.176526
0.176327
0.17613
0.175933
0.175738
0.175544
0.175351
0.17516
0.174969
0.17478
0.174591
0.174404
0.174218
0.174034
0.17385
0.173667
0.173486
0.173306
0.173127
0.172949
0.172772
0.172596
0.172421
0.172248
0.172075
0.171904
0.171734
0.171564
0.171396
0.171229
0.171063
0.170899
0.170735
0.170572
0.17041
0.17025
0.17009
0.169932
0.169774
0.169618
0.169462
0.169308
0.169155
0.169003
0.168851
0.168701
0.168552
0.168404
0.168257
0.168111
0.167965
0.167821
0.167678
0.167536
0.167395
0.167255
0.167116
0.166978
0.16684
0.166704
0.166569
0.166435
0.166302
0.166169
0.166038
0.165908
0.165778
0.16565
0.165522
0.165396
0.16527
0.165146
0.165022
0.164899
0.164778
0.164657
0.164537
0.164418
0.1643
0.164183
0.164067
0.163951
0.163837
0.163724
0.163611
0.163499
0.163389
0.163279
0.16317
0.163062
0.162955
0.162849
0.162744
0.162639
0.162536
0.162433
0.162332
0.162231
0.162131
0.162032
0.161934
0.161836
0.16174
0.161644
0.16155
0.161456
0.161363
0.161271
0.16118
0.161089
0.161
0.160911
0.160823
0.160737
0.16065
0.160565
0.160481
0.160397
0.160315
0.160233
0.160152
0.160072
0.159992
0.159914
0.159836
0.159759
0.159683
0.159608
0.159534
0.15946
0.159388
0.159316
0.159245
0.159174
0.159105
0.159036
0.158968
0.158901
0.158835
0.15877
0.158705
0.158642
0.158579
0.158516
0.158455
0.158394
0.158335
0.158276
0.158218
0.15816
0.158104
0.158048
0.157993
0.157939
0.157885
0.157832
0.157781
0.157729
0.157679
0.15763
0.157581
0.157533
0.157486
0.157439
0.157393
0.157349
0.157304
0.157261
0.157218
0.157177
0.157136
0.157095
0.157056
0.157017
0.156979
0.156942
0.156905
0.156869
0.156834
0.1568
0.156767
0.156734
0.156702
0.156671
0.15664
0.15661
0.156581
0.156553
0.156526
0.156499
0.156473
0.156447
0.156423
0.156399
0.156376
0.156354
0.156332
0.156311
0.156291
0.156272
0.156253
0.156235
0.156218
0.156201
0.156186
0.156171
0.156156
0.156143
0.15613
0.156118
0.156106
0.156096
0.156086
0.156076
0.156068
0.15606
0.156053
0.156047
0.156041
0.156036
0.156032
0.156028
0.156025
0.156023
0.156022
0.156021
0.156021
0.156022
0.156024
0.156026
0.156029
0.156032
0.156037
0.156042
0.156047
0.156054
0.156061
0.156069
0.156077
0.156086
0.156096
0.156107
0.156118
0.15613
0.156143
0.156156
0.15617
0.156185
0.156201
0.156217
0.156234
0.156251
0.15627
0.156289
0.156308
0.156329
0.15635
0.156371
0.156394
0.156417
0.156441
0.156465
0.15649
0.156516
0.156543
0.15657
0.156598
0.156627
0.156656
0.156686
0.156717
0.156748
0.15678
0.156813
0.156846
0.15688
0.156915
0.156951
0.156987
0.157024
0.157061
0.157099
0.157138
0.157178
0.157218
0.157259
0.157301
0.157343
0.157386
0.15743
0.157474
0.157519
0.157565
0.157611
0.157658
0.157706
0.157754
0.157803
0.157853
0.157904
0.157955
0.158007
0.158059
0.158112
0.158166
0.158221
0.158276
0.158332
0.158388
0.158446
0.158503
0.158562
0.158621
0.158681
0.158742
0.158803
0.158865
0.158928
0.158991
0.159055
0.15912
0.159185
0.159252
0.159318
0.159386
0.159454
0.159523
0.159592
0.159662
0.159733
0.159804
0.159877
0.15995
0.160023
0.160097
0.160172
0.160248
0.160324
0.160401
0.160479
0.160557
0.160636
0.160716
0.160796
0.160877
0.160959
0.161041
0.161124
0.161208
0.161292
0.161378
0.161463
0.16155
0.161637
0.161725
0.161814
0.161903
0.161993
0.162083
0.162175
0.162267
0.162359
0.162453
0.162547
0.162642
0.162737
0.162833
0.16293
0.163028
0.163126
0.163225
0.163325
0.163425
0.163526
0.163628
0.16373
0.163833
0.163937
0.164041
0.164147
0.164253
0.164359
0.164466
0.164575
0.164683
0.164793
0.164903
0.165014
0.165125
0.165237
0.16535
0.165464
0.165578
0.165693
0.165809
0.165926
0.166043
0.166161
0.16628
0.166399
0.166519
0.16664
0.166761
0.166884
0.167007
0.16713
0.167255
0.16738
0.167506
0.167632
0.167759
0.167888
0.168016
0.168146
0.168276
0.168407
0.168539
0.168671
0.168804
0.168938
0.169073
0.169208
0.169344
0.169481
0.169619
0.169757
0.169896
0.170036
0.170176
0.170318
0.17046
0.170603
0.170746
0.170891
0.171036
0.171181
0.171328
0.171475
0.171624
0.171772
0.171922
0.172073
0.172224
0.172376
0.172528
0.172682
0.172836
0.172991
0.173147
0.173304
0.173461
0.173619
0.173778
0.173938
0.174098
0.17426
0.174422
0.174585
0.174748
0.174913
0.175078
0.175244
0.175411
0.175579
0.175747
0.175916
0.176087
0.176257
0.176429
0.176602
0.176775
0.176949
0.177124
0.1773
0.177477
0.177654
0.177832
0.178012
0.178191
0.178372
0.178554
0.178736
0.17892
0.179104
0.179289
0.179475
0.179661
0.179849
0.180037
0.180226
0.180416
0.180607
0.180799
0.180992
0.181186
0.18138
0.181575
0.181771
0.181968
0.182166
0.182365
0.182565
0.182766
0.182967
0.183169
0.183373
0.183577
0.183782
0.183988
0.184195
0.184403
0.184611
0.184821
0.185031
0.185243
0.185455
0.185669
0.185883
0.186098
0.186314
0.186531
0.186749
0.186968
0.187188
0.187409
0.187631
0.187853
0.188077
0.188302
0.188527
0.188754
0.188982
0.18921
0.18944
0.18967
0.189902
0.190134
0.190368
0.190602
0.190837
0.191074
0.191311
0.19155
0.191789
0.19203
0.192271
0.192514
0.192758
0.193002
0.193248
0.193495
0.193742
0.193991
0.194241
0.194492
0.194744
0.194997
0.195251
0.195506
0.195762
0.19602
0.196278
0.196537
0.196798
0.19706
0.197322
0.197586
0.197851
0.198117
0.198384
0.198653
0.198922
0.199193
0.199464
0.199737
0.200011
0.200286
0.200563
0.20084
0.201119
0.201398
0.201679
0.201961
0.202245
0.202529
0.202815
0.203102
0.20339
0.203679
0.203969
0.204261
0.204554
0.204848
0.205143
0.20544
0.205738
0.206037
0.206337
0.206639
0.206942
0.207246
0.207551
0.207858
0.208166
0.208475
0.208785
0.209097
0.20941
0.209725
0.210041
0.210358
0.210676
0.210996
0.211317
0.211639
0.211963
0.212288
0.212615
0.212943
0.213272
0.213603
0.213935
0.214268
0.214603
0.214939
0.215277
0.215616
0.215956
0.216298
0.216642
0.216987
0.217333
0.217681
0.21803
0.218381
0.218733
0.219087
0.219442
0.219798
0.220157
0.220516
0.220878
0.221241
0.221605
0.221971
0.222338
0.222707
0.223078
0.22345
0.223824
0.224199
0.224576
0.224955
0.225335
0.225717
0.2261
0.226486
0.226872
0.227261
0.227651
0.228043
0.228436
0.228832
0.229229
0.229627
0.230028
0.23043
0.230833
0.231239
0.231646
0.232056
0.232466
0.232879
0.233294
0.23371
0.234128
0.234548
0.23497
0.235394
0.235819
0.236246
0.236676
0.237107
0.23754
0.237975
0.238412
0.23885
0.239291
0.239734
0.240179
0.240625
0.241074
0.241524
0.241977
0.242432
0.242888
0.243347
0.243808
0.244271
0.244735
0.245202
0.245672
0.246143
0.246616
0.247092
0.247569
0.248049
0.248531
0.249015
0.249501
0.24999
0.250481
0.250974
0.251469
0.251966
0.252466
0.252968
0.253473
0.253979
0.254488
0.255
0.255513
0.25603
0.256548
0.257069
0.257592
0.258118
0.258646
0.259177
0.25971
0.260246
0.260784
0.261325
0.261868
0.262414
0.262962
0.263513
0.264066
0.264623
0.265181
0.265743
0.266307
0.266874
0.267443
0.268015
0.26859
0.269168
0.269748
0.270332
0.270918
0.271507
0.272098
0.272693
0.27329
0.273891
0.274494
0.2751
0.27571
0.276322
0.276937
0.277555
0.278176
0.278801
0.279428
0.280059
0.280692
0.281329
0.281969
0.282612
0.283258
0.283908
0.28456
0.285216
0.285876
0.286538
0.287204
0.287874
0.288546
0.289222
0.289902
0.290585
0.291271
0.291961
0.292655
0.293352
0.294053
0.294757
0.295465
0.296176
0.296891
0.29761
0.298333
0.299059
0.299789
0.300523
0.301261
0.302003
0.302749
0.303498
0.304252
0.305009
0.305771
0.306536
0.307306
0.308079
0.308857
0.309639
0.310425
0.311216
0.312011
0.31281
0.313613
0.31442
0.315232
0.316049
0.31687
0.316105
0.315341
0.314576
0.313812
0.313047
0.312283
0.311519
0.310755
0.309992
0.30923
0.308468
0.307706
0.306946
0.306186
0.305427
0.304669
0.303913
0.303157
0.302403
0.301649
0.300897
0.300147
0.299397
0.298649
0.297903
0.297158
0.296415
0.295674
0.294934
0.294196
0.293459
0.292725
0.291992
0.291261
0.290532
0.289806
0.289081
0.288358
0.287637
0.286918
0.286202
0.285488
0.284775
0.284065
0.283358
0.282652
0.281949
0.281248
0.28055
0.279854
0.27916
0.278469
0.27778
0.277094
0.27641
0.275728
0.275049
0.274373
0.273699
0.273027
0.272358
0.271692
0.271028
0.270367
0.269709
0.269053
0.268399
0.267749
0.267101
0.266455
0.265812
0.265172
0.264535
0.2639
0.263268
0.262638
0.262011
0.261387
0.260766
0.260147
0.259531
0.258918
0.258307
0.257699
0.257094
0.256491
0.255891
0.255294
0.2547
0.254108
0.253519
0.252932
0.252349
0.251768
0.251189
0.250614
0.250041
0.24947
0.248903
0.248338
0.247775
0.247216
0.246659
0.246104
0.245553
0.245004
0.244457
0.243913
0.243372
0.242834
0.242298
0.241764
0.241234
0.240705
0.24018
0.239657
0.239136
0.238619
0.238103
0.237591
0.23708
0.236573
0.236068
0.235565
0.235065
0.234567
0.234072
0.23358
0.233089
0.232602
0.232117
0.231634
0.231154
0.230676
0.2302
0.229727
0.229257
0.228789
0.228323
0.227859
0.227398
0.22694
0.226483
0.226029
0.225578
0.225128
0.224681
0.224237
0.223794
0.223354
0.222917
0.222481
0.222048
0.221617
0.221188
0.220762
0.220338
0.219916
0.219496
0.219078
0.218663
0.218249
0.217838
0.217429
0.217023
0.216618
0.216216
0.215815
0.215417
0.215021
0.214627
0.214235
0.213845
0.213457
0.213072
0.212688
0.212306
0.211927
0.211549
0.211174
0.2108
0.210429
0.210059
0.209692
0.209326
0.208962
0.208601
0.208241
0.207883
0.207527
0.207173
0.206821
0.206471
0.206123
0.205777
0.205432
0.20509
0.204749
0.20441
0.204073
0.203738
0.203404
0.203073
0.202743
0.202415
0.202089
0.201764
0.201442
0.201121
0.200802
0.200485
0.200169
0.199855
0.199543
0.199233
0.198924
0.198617
0.198312
0.198008
0.197706
0.197406
0.197107
0.19681
0.196515
0.196221
0.195929
0.195639
0.19535
0.195063
0.194777
0.194494
0.194211
0.19393
0.193651
0.193374
0.193098
0.192823
0.19255
0.192279
0.192009
0.191741
0.191474
0.191209
0.190945
0.190683
0.190422
0.190163
0.189905
0.189649
0.189394
0.18914
0.188888
0.188638
0.188389
0.188141
0.187895
0.187651
0.187407
0.187165
0.186925
0.186686
0.186448
0.186212
0.185977
0.185744
0.185512
0.185281
0.185051
0.184823
0.184597
0.184371
0.184147
0.183925
0.183704
0.183484
0.183265
0.183048
0.182832
0.182617
0.182403
0.182191
0.18198
0.181771
0.181563
0.181356
0.18115
0.180945
0.180742
0.18054
0.18034
0.18014
0.179942
0.179745
0.179549
0.179355
0.179161
0.178969
0.178778
0.178589
0.1784
0.178213
0.178027
0.177842
0.177659
0.177476
0.177295
0.177115
0.176936
0.176758
0.176581
0.176406
0.176231
0.176058
0.175886
0.175715
0.175546
0.175377
0.175209
0.175043
0.174878
0.174714
0.174551
0.174389
0.174228
0.174068
0.17391
0.173752
0.173596
0.173441
0.173286
0.173133
0.172981
0.17283
0.17268
0.172531
0.172384
0.172237
0.172091
0.171947
0.171803
0.171661
0.171519
0.171379
0.171239
0.171101
0.170964
0.170827
0.170692
0.170558
0.170425
0.170293
0.170161
0.170031
0.169902
0.169774
0.169647
0.169521
0.169395
0.169271
0.169148
0.169026
0.168905
0.168784
0.168665
0.168547
0.16843
0.168313
0.168198
0.168084
0.16797
0.167858
0.167746
0.167636
0.167526
0.167417
0.16731
0.167203
0.167097
0.166992
0.166888
0.166785
0.166683
0.166582
0.166482
0.166383
0.166284
0.166187
0.166091
0.165995
0.1659
0.165807
0.165714
0.165622
0.165531
0.165441
0.165352
0.165263
0.165176
0.165089
0.165004
0.164919
0.164835
0.164752
0.16467
0.164589
0.164509
0.164429
0.164351
0.164273
0.164196
0.16412
0.164045
0.163971
0.163898
0.163825
0.163754
0.163683
0.163613
0.163544
0.163476
0.163409
0.163343
0.163277
0.163212
0.163148
0.163085
0.163023
0.162962
0.162901
0.162842
0.162783
0.162725
0.162668
0.162612
0.162556
0.162501
0.162448
0.162395
0.162342
0.162291
0.162241
0.162191
0.162142
0.162094
0.162047
0.162
0.161955
0.16191
0.161866
0.161823
0.16178
0.161739
0.161698
0.161658
0.161619
0.161581
0.161543
0.161506
0.161471
0.161435
0.161401
0.161367
0.161335
0.161303
0.161272
0.161241
0.161212
0.161183
0.161155
0.161128
0.161101
0.161076
0.161051
0.161027
0.161003
0.160981
0.160959
0.160938
0.160918
0.160898
0.16088
0.160862
0.160845
0.160828
0.160813
0.160798
0.160784
0.160771
0.160758
0.160746
0.160736
0.160725
0.160716
0.160707
0.160699
0.160692
0.160686
0.16068
0.160675
0.160671
0.160668
0.160665
0.160663
0.160662
0.160662
0.160662
0.160663
0.160665
0.160668
0.160671
0.160675
0.16068
0.160686
0.160692
0.160699
0.160707
0.160716
0.160725
0.160735
0.160746
0.160758
0.16077
0.160783
0.160797
0.160811
0.160827
0.160843
0.160859
0.160877
0.160895
0.160914
0.160934
0.160954
0.160975
0.160997
0.16102
0.161043
0.161067
0.161092
0.161118
0.161144
0.161171
0.161199
0.161227
0.161256
0.161286
0.161317
0.161348
0.16138
0.161413
0.161447
0.161481
0.161516
0.161552
0.161588
0.161625
0.161663
0.161702
0.161741
0.161781
0.161822
0.161864
0.161906
0.161949
0.161993
0.162037
0.162082
0.162128
0.162175
0.162222
0.16227
0.162319
0.162368
0.162418
0.162469
0.162521
0.162573
0.162626
0.16268
0.162734
0.16279
0.162846
0.162902
0.16296
0.163018
0.163077
0.163136
0.163196
0.163257
0.163319
0.163382
0.163445
0.163509
0.163573
0.163638
0.163704
0.163771
0.163839
0.163907
0.163976
0.164045
0.164116
0.164187
0.164259
0.164331
0.164404
0.164478
0.164553
0.164628
0.164704
0.164781
0.164859
0.164937
0.165016
0.165096
0.165176
0.165257
0.165339
0.165422
0.165505
0.165589
0.165674
0.16576
0.165846
0.165933
0.166021
0.166109
0.166198
0.166288
0.166379
0.16647
0.166562
0.166655
0.166749
0.166843
0.166938
0.167034
0.16713
0.167227
0.167325
0.167424
0.167524
0.167624
0.167725
0.167826
0.167929
0.168032
0.168136
0.16824
0.168345
0.168452
0.168558
0.168666
0.168774
0.168883
0.168993
0.169104
0.169215
0.169327
0.16944
0.169553
0.169667
0.169782
0.169898
0.170015
0.170132
0.17025
0.170369
0.170488
0.170609
0.17073
0.170852
0.170974
0.171097
0.171222
0.171346
0.171472
0.171598
0.171726
0.171854
0.171982
0.172112
0.172242
0.172373
0.172505
0.172637
0.172771
0.172905
0.17304
0.173175
0.173312
0.173449
0.173587
0.173726
0.173865
0.174006
0.174147
0.174289
0.174432
0.174575
0.174719
0.174865
0.17501
0.175157
0.175305
0.175453
0.175602
0.175752
0.175903
0.176054
0.176207
0.17636
0.176514
0.176668
0.176824
0.17698
0.177138
0.177296
0.177455
0.177614
0.177775
0.177936
0.178098
0.178261
0.178425
0.17859
0.178755
0.178922
0.179089
0.179257
0.179426
0.179595
0.179766
0.179937
0.18011
0.180283
0.180457
0.180631
0.180807
0.180984
0.181161
0.181339
0.181518
0.181698
0.181879
0.182061
0.182244
0.182427
0.182611
0.182797
0.182983
0.18317
0.183358
0.183547
0.183736
0.183927
0.184118
0.184311
0.184504
0.184698
0.184893
0.185089
0.185286
0.185484
0.185683
0.185883
0.186083
0.186285
0.186487
0.186691
0.186895
0.1871
0.187307
0.187514
0.187722
0.187931
0.188141
0.188352
0.188564
0.188777
0.188991
0.189205
0.189421
0.189638
0.189856
0.190074
0.190294
0.190515
0.190736
0.190959
0.191183
0.191407
0.191633
0.19186
0.192087
0.192316
0.192546
0.192776
0.193008
0.193241
0.193475
0.193709
0.193945
0.194182
0.19442
0.194659
0.194899
0.19514
0.195382
0.195625
0.195869
0.196115
0.196361
0.196609
0.196857
0.197107
0.197357
0.197609
0.197862
0.198116
0.198371
0.198627
0.198885
0.199143
0.199402
0.199663
0.199925
0.200188
0.200452
0.200717
0.200983
0.201251
0.201519
0.201789
0.20206
0.202332
0.202606
0.20288
0.203156
0.203432
0.20371
0.20399
0.20427
0.204552
0.204834
0.205118
0.205404
0.20569
0.205978
0.206267
0.206557
0.206848
0.207141
0.207435
0.20773
0.208027
0.208324
0.208623
0.208923
0.209225
0.209528
0.209832
0.210137
0.210444
0.210752
0.211062
0.211372
0.211684
0.211998
0.212312
0.212628
0.212946
0.213265
0.213585
0.213906
0.214229
0.214554
0.214879
0.215206
0.215535
0.215865
0.216196
0.216529
0.216863
0.217198
0.217535
0.217874
0.218214
0.218555
0.218898
0.219242
0.219588
0.219935
0.220284
0.220635
0.220986
0.22134
0.221695
0.222051
0.222409
0.222768
0.223129
0.223492
0.223856
0.224222
0.224589
0.224958
0.225329
0.225701
0.226075
0.22645
0.226827
0.227206
0.227586
0.227968
0.228352
0.228737
0.229124
0.229513
0.229903
0.230295
0.230689
0.231085
0.231482
0.231881
0.232282
0.232684
0.233088
0.233495
0.233902
0.234312
0.234724
0.235137
0.235552
0.235969
0.236388
0.236809
0.237231
0.237656
0.238082
0.23851
0.23894
0.239372
0.239806
0.240242
0.24068
0.24112
0.241562
0.242005
0.242451
0.242899
0.243349
0.243801
0.244254
0.24471
0.245168
0.245628
0.246091
0.246555
0.247021
0.24749
0.24796
0.248433
0.248908
0.249385
0.249864
0.250345
0.250829
0.251315
0.251803
0.252293
0.252786
0.253281
0.253778
0.254277
0.254779
0.255283
0.25579
0.256298
0.25681
0.257323
0.257839
0.258357
0.258878
0.259401
0.259927
0.260455
0.260986
0.261519
0.262054
0.262593
0.263133
0.263677
0.264222
0.264771
0.265322
0.265876
0.266432
0.266991
0.267552
0.268117
0.268684
0.269254
0.269826
0.270401
0.270979
0.27156
0.272144
0.27273
0.27332
0.273912
0.274507
0.275105
0.275706
0.27631
0.276917
0.277527
0.278139
0.278755
0.279374
0.279996
0.280621
0.281249
0.281881
0.282515
0.283153
0.283793
0.284437
0.285085
0.285735
0.286389
0.287046
0.287706
0.28837
0.289037
0.289707
0.290381
0.291059
0.291739
0.292424
0.293111
0.293803
0.294497
0.295196
0.295898
0.296604
0.297313
0.298026
0.298743
0.299463
0.300187
0.300915
0.301647
0.302383
0.303122
0.303866
0.304613
0.305364
0.30612
0.306879
0.307643
0.30841
0.309182
0.309957
0.310737
0.311521
0.312309
0.313102
0.313899
0.3147
0.315506
0.316316
0.31713
0.316363
0.315597
0.31483
0.314064
0.313298
0.312533
0.311768
0.311003
0.31024
0.309477
0.308714
0.307953
0.307193
0.306434
0.305675
0.304918
0.304162
0.303408
0.302654
0.301903
0.301152
0.300403
0.299656
0.29891
0.298165
0.297423
0.296682
0.295943
0.295206
0.29447
0.293737
0.293005
0.292276
0.291548
0.290823
0.290099
0.289378
0.288659
0.287942
0.287227
0.286514
0.285804
0.285096
0.28439
0.283687
0.282985
0.282287
0.28159
0.280897
0.280205
0.279516
0.27883
0.278146
0.277464
0.276785
0.276109
0.275435
0.274764
0.274095
0.273429
0.272765
0.272104
0.271446
0.270791
0.270138
0.269487
0.26884
0.268195
0.267552
0.266913
0.266276
0.265642
0.26501
0.264381
0.263755
0.263132
0.262511
0.261893
0.261278
0.260665
0.260055
0.259448
0.258844
0.258242
0.257643
0.257047
0.256454
0.255863
0.255275
0.254689
0.254107
0.253527
0.25295
0.252375
0.251803
0.251234
0.250668
0.250104
0.249543
0.248985
0.248429
0.247877
0.247326
0.246779
0.246234
0.245691
0.245152
0.244615
0.24408
0.243549
0.24302
0.242493
0.241969
0.241448
0.240929
0.240413
0.2399
0.239389
0.23888
0.238375
0.237871
0.237371
0.236872
0.236377
0.235884
0.235393
0.234905
0.234419
0.233936
0.233456
0.232977
0.232502
0.232028
0.231558
0.231089
0.230623
0.23016
0.229699
0.22924
0.228784
0.22833
0.227878
0.227429
0.226982
0.226537
0.226095
0.225655
0.225218
0.224783
0.22435
0.223919
0.223491
0.223064
0.222641
0.222219
0.2218
0.221383
0.220968
0.220555
0.220145
0.219736
0.21933
0.218926
0.218524
0.218125
0.217727
0.217332
0.216939
0.216548
0.216159
0.215772
0.215387
0.215005
0.214624
0.214246
0.213869
0.213495
0.213122
0.212752
0.212384
0.212017
0.211653
0.211291
0.21093
0.210572
0.210216
0.209861
0.209509
0.209158
0.208809
0.208463
0.208118
0.207775
0.207434
0.207095
0.206758
0.206422
0.206089
0.205757
0.205427
0.205099
0.204773
0.204449
0.204127
0.203806
0.203487
0.20317
0.202855
0.202541
0.202229
0.201919
0.201611
0.201304
0.201
0.200696
0.200395
0.200095
0.199797
0.199501
0.199207
0.198914
0.198622
0.198333
0.198045
0.197759
0.197474
0.197191
0.19691
0.19663
0.196352
0.196075
0.195801
0.195527
0.195255
0.194985
0.194717
0.19445
0.194184
0.19392
0.193658
0.193397
0.193138
0.19288
0.192624
0.192369
0.192116
0.191864
0.191614
0.191365
0.191118
0.190872
0.190627
0.190385
0.190143
0.189903
0.189665
0.189428
0.189192
0.188958
0.188725
0.188493
0.188263
0.188035
0.187808
0.187582
0.187357
0.187134
0.186913
0.186692
0.186473
0.186256
0.186039
0.185825
0.185611
0.185399
0.185188
0.184978
0.18477
0.184563
0.184358
0.184153
0.18395
0.183749
0.183548
0.183349
0.183151
0.182955
0.182759
0.182565
0.182372
0.182181
0.181991
0.181802
0.181614
0.181427
0.181242
0.181058
0.180875
0.180693
0.180513
0.180334
0.180156
0.179979
0.179803
0.179629
0.179456
0.179284
0.179113
0.178943
0.178775
0.178608
0.178441
0.178276
0.178113
0.17795
0.177788
0.177628
0.177469
0.177311
0.177154
0.176998
0.176843
0.17669
0.176537
0.176386
0.176236
0.176086
0.175938
0.175792
0.175646
0.175501
0.175357
0.175215
0.175073
0.174933
0.174794
0.174656
0.174518
0.174382
0.174247
0.174113
0.173981
0.173849
0.173718
0.173588
0.17346
0.173332
0.173205
0.17308
0.172955
0.172832
0.172709
0.172588
0.172468
0.172348
0.17223
0.172112
0.171996
0.171881
0.171766
0.171653
0.171541
0.171429
0.171319
0.17121
0.171101
0.170994
0.170888
0.170782
0.170678
0.170575
0.170472
0.170371
0.17027
0.170171
0.170072
0.169974
0.169878
0.169782
0.169687
0.169593
0.169501
0.169409
0.169318
0.169228
0.169139
0.169051
0.168963
0.168877
0.168792
0.168708
0.168624
0.168542
0.16846
0.168379
0.1683
0.168221
0.168143
0.168066
0.16799
0.167915
0.16784
0.167767
0.167694
0.167623
0.167552
0.167482
0.167414
0.167346
0.167279
0.167212
0.167147
0.167083
0.167019
0.166957
0.166895
0.166834
0.166774
0.166715
0.166657
0.166599
0.166543
0.166487
0.166432
0.166379
0.166326
0.166273
0.166222
0.166172
0.166122
0.166073
0.166026
0.165979
0.165933
0.165887
0.165843
0.165799
0.165756
0.165715
0.165674
0.165633
0.165594
0.165555
0.165518
0.165481
0.165445
0.16541
0.165375
0.165342
0.165309
0.165277
0.165246
0.165216
0.165187
0.165158
0.165131
0.165104
0.165078
0.165052
0.165028
0.165004
0.164982
0.16496
0.164939
0.164918
0.164899
0.16488
0.164862
0.164845
0.164829
0.164813
0.164799
0.164785
0.164772
0.164759
0.164748
0.164737
0.164727
0.164718
0.16471
0.164703
0.164696
0.16469
0.164685
0.164681
0.164677
0.164675
0.164673
0.164672
0.164671
0.164672
0.164673
0.164675
0.164678
0.164681
0.164686
0.164691
0.164697
0.164704
0.164711
0.16472
0.164729
0.164738
0.164749
0.164761
0.164773
0.164786
0.164799
0.164814
0.164829
0.164845
0.164862
0.16488
0.164898
0.164917
0.164937
0.164958
0.16498
0.165002
0.165025
0.165049
0.165073
0.165099
0.165125
0.165152
0.165179
0.165208
0.165237
0.165267
0.165297
0.165329
0.165361
0.165394
0.165428
0.165462
0.165498
0.165534
0.16557
0.165608
0.165646
0.165685
0.165725
0.165766
0.165807
0.165849
0.165892
0.165936
0.16598
0.166025
0.166071
0.166118
0.166165
0.166214
0.166262
0.166312
0.166363
0.166414
0.166466
0.166519
0.166572
0.166626
0.166681
0.166737
0.166794
0.166851
0.166909
0.166968
0.167027
0.167088
0.167149
0.16721
0.167273
0.167336
0.1674
0.167465
0.167531
0.167597
0.167664
0.167732
0.167801
0.16787
0.16794
0.168011
0.168083
0.168155
0.168228
0.168302
0.168377
0.168452
0.168529
0.168606
0.168683
0.168762
0.168841
0.168921
0.169002
0.169083
0.169166
0.169249
0.169333
0.169417
0.169502
0.169589
0.169675
0.169763
0.169851
0.169941
0.170031
0.170121
0.170213
0.170305
0.170398
0.170492
0.170586
0.170681
0.170777
0.170874
0.170972
0.17107
0.171169
0.171269
0.17137
0.171471
0.171574
0.171677
0.171781
0.171885
0.17199
0.172097
0.172203
0.172311
0.17242
0.172529
0.172639
0.17275
0.172861
0.172974
0.173087
0.173201
0.173315
0.173431
0.173547
0.173664
0.173782
0.173901
0.17402
0.17414
0.174262
0.174383
0.174506
0.174629
0.174754
0.174879
0.175005
0.175131
0.175259
0.175387
0.175516
0.175646
0.175776
0.175908
0.17604
0.176173
0.176307
0.176442
0.176577
0.176714
0.176851
0.176989
0.177128
0.177267
0.177408
0.177549
0.177691
0.177834
0.177978
0.178122
0.178267
0.178414
0.178561
0.178709
0.178857
0.179007
0.179157
0.179309
0.179461
0.179614
0.179767
0.179922
0.180077
0.180234
0.180391
0.180549
0.180708
0.180868
0.181028
0.18119
